Energy [eV] Ext Cross [um^2] Abs Cross [um^2] Sca Cross [um^2] 
3.000 	 1.74199e-04 	 1.73546e-04 	 6.52984e-07 
2.980 	 1.86377e-04 	 1.85223e-04 	 1.15405e-06 
2.960 	 1.99961e-04 	 1.98065e-04 	 1.89675e-06 
2.941 	 2.14485e-04 	 2.11584e-04 	 2.90108e-06 
2.922 	 2.31321e-04 	 2.27109e-04 	 4.21134e-06 
2.903 	 2.51119e-04 	 2.45216e-04 	 5.90348e-06 
2.884 	 2.71829e-04 	 2.63891e-04 	 7.93843e-06 
2.866 	 2.96334e-04 	 2.85955e-04 	 1.03793e-05 
2.848 	 3.22937e-04 	 3.09500e-04 	 1.34370e-05 
2.830 	 3.52328e-04 	 3.35234e-04 	 1.70939e-05 
2.812 	 3.88495e-04 	 3.67068e-04 	 2.14265e-05 
2.794 	 4.29377e-04 	 4.02757e-04 	 2.66199e-05 
2.777 	 4.75658e-04 	 4.42821e-04 	 3.28373e-05 
2.760 	 5.29824e-04 	 4.89546e-04 	 4.02776e-05 
2.743 	 5.94063e-04 	 5.44869e-04 	 4.91935e-05 
2.726 	 6.70581e-04 	 6.10657e-04 	 5.99246e-05 
2.710 	 7.62979e-04 	 6.90078e-04 	 7.29017e-05 
2.694 	 8.75878e-04 	 7.87178e-04 	 8.86998e-05 
2.678 	 1.00917e-03 	 9.01110e-04 	 1.08064e-04 
2.662 	 1.15224e-03 	 1.02026e-03 	 1.31976e-04 
2.646 	 1.31108e-03 	 1.14929e-03 	 1.61787e-04 
2.630 	 1.51158e-03 	 1.31219e-03 	 1.99385e-04 
2.615 	 1.77215e-03 	 1.52473e-03 	 2.47420e-04 
2.600 	 2.11042e-03 	 1.80074e-03 	 3.09678e-04 
2.585 	 2.55246e-03 	 2.16074e-03 	 3.91727e-04 
2.570 	 3.13831e-03 	 2.63644e-03 	 5.01869e-04 
2.556 	 3.92935e-03 	 3.27655e-03 	 6.52799e-04 
2.541 	 5.02003e-03 	 4.15584e-03 	 8.64195e-04 
2.527 	 6.55533e-03 	 5.38862e-03 	 1.16670e-03 
2.513 	 8.75034e-03 	 7.14352e-03 	 1.60683e-03 
2.499 	 1.18842e-02 	 9.63679e-03 	 2.24743e-03 
2.485 	 1.61600e-02 	 1.30182e-02 	 3.14189e-03 
2.471 	 2.11695e-02 	 1.69446e-02 	 4.22484e-03 
2.458 	 2.50158e-02 	 1.98986e-02 	 5.11725e-03 
2.444 	 2.50863e-02 	 1.98335e-02 	 5.25287e-03 
2.431 	 2.14213e-02 	 1.68357e-02 	 4.58561e-03 
2.418 	 1.66041e-02 	 1.29745e-02 	 3.62951e-03 
2.405 	 1.24541e-02 	 9.67722e-03 	 2.77684e-03 
2.392 	 9.37199e-03 	 7.24272e-03 	 2.12927e-03 
2.379 	 7.18048e-03 	 5.51978e-03 	 1.66070e-03 
2.367 	 5.62356e-03 	 4.30077e-03 	 1.32279e-03 
2.354 	 4.50020e-03 	 3.42451e-03 	 1.07569e-03 
2.342 	 3.67263e-03 	 2.78126e-03 	 8.91370e-04 
2.330 	 3.04977e-03 	 2.29876e-03 	 7.51006e-04 
2.318 	 2.57133e-03 	 1.92936e-03 	 6.41975e-04 
2.306 	 2.19692e-03 	 1.64119e-03 	 5.55725e-04 
2.294 	 1.89892e-03 	 1.41256e-03 	 4.86362e-04 
2.282 	 1.65813e-03 	 1.22838e-03 	 4.29749e-04 
2.271 	 1.46091e-03 	 1.07799e-03 	 3.82928e-04 
2.259 	 1.29744e-03 	 9.53697e-04 	 3.43746e-04 
2.248 	 1.16047e-03 	 8.49863e-04 	 3.10610e-04 
2.237 	 1.04458e-03 	 7.62265e-04 	 2.82316e-04 
2.226 	 9.45652e-04 	 6.87703e-04 	 2.57949e-04 
2.215 	 8.60518e-04 	 6.23722e-04 	 2.36797e-04 
2.204 	 7.86717e-04 	 5.68413e-04 	 2.18304e-04 
2.193 	 7.22313e-04 	 5.20281e-04 	 2.02032e-04 
2.182 	 6.65769e-04 	 4.78139e-04 	 1.87629e-04 
2.172 	 6.15846e-04 	 4.41035e-04 	 1.74811e-04 
2.161 	 5.71540e-04 	 4.08194e-04 	 1.63346e-04 
2.151 	 5.32032e-04 	 3.78988e-04 	 1.53044e-04 
2.141 	 4.96645e-04 	 3.52898e-04 	 1.43747e-04 
2.131 	 4.64818e-04 	 3.29495e-04 	 1.35324e-04 
2.121 	 4.36084e-04 	 3.08420e-04 	 1.27664e-04 
2.111 	 4.10050e-04 	 2.89375e-04 	 1.20675e-04 
2.101 	 3.86383e-04 	 2.72106e-04 	 1.14277e-04 
2.091 	 3.64800e-04 	 2.56397e-04 	 1.08403e-04 
2.081 	 3.45060e-04 	 2.42065e-04 	 1.02995e-04 
2.072 	 3.26955e-04 	 2.28952e-04 	 9.80029e-05 
2.062 	 3.10306e-04 	 2.16923e-04 	 9.33828e-05 
2.053 	 2.94959e-04 	 2.05861e-04 	 8.90973e-05 
2.043 	 2.80779e-04 	 1.95665e-04 	 8.51134e-05 
2.034 	 2.67648e-04 	 1.86246e-04 	 8.14024e-05 
2.025 	 2.55465e-04 	 1.77526e-04 	 7.79386e-05 
2.016 	 2.44136e-04 	 1.69437e-04 	 7.46997e-05 
2.007 	 2.33584e-04 	 1.61918e-04 	 7.16656e-05 
1.998 	 2.23736e-04 	 1.54918e-04 	 6.88187e-05 
1.989 	 2.14531e-04 	 1.48388e-04 	 6.61433e-05 
1.980 	 2.05913e-04 	 1.42288e-04 	 6.36252e-05 
1.971 	 1.97832e-04 	 1.36580e-04 	 6.12519e-05 
1.963 	 1.90244e-04 	 1.31232e-04 	 5.90120e-05 
1.954 	 1.83108e-04 	 1.26213e-04 	 5.68953e-05 
1.946 	 1.76389e-04 	 1.21497e-04 	 5.48924e-05 
1.937 	 1.70053e-04 	 1.17058e-04 	 5.29950e-05 
1.929 	 1.64072e-04 	 1.12876e-04 	 5.11955e-05 
1.921 	 1.58417e-04 	 1.08930e-04 	 4.94869e-05 
1.913 	 1.53067e-04 	 1.05204e-04 	 4.78630e-05 
1.904 	 1.47999e-04 	 1.01681e-04 	 4.63181e-05 
1.896 	 1.43193e-04 	 9.83459e-05 	 4.48469e-05 
1.888 	 1.38631e-04 	 9.51864e-05 	 4.34447e-05 
1.881 	 1.34297e-04 	 9.21899e-05 	 4.21071e-05 
1.873 	 1.30175e-04 	 8.93451e-05 	 4.08299e-05 
1.865 	 1.26251e-04 	 8.66419e-05 	 3.96096e-05 
1.857 	 1.22513e-04 	 8.40709e-05 	 3.84425e-05 
1.849 	 1.18949e-04 	 8.16233e-05 	 3.73256e-05 
1.842 	 1.15547e-04 	 7.92913e-05 	 3.62559e-05 
1.834 	 1.12298e-04 	 7.70677e-05 	 3.52307e-05 
1.827 	 1.09193e-04 	 7.49457e-05 	 3.42475e-05 
1.819 	 1.06223e-04 	 7.29190e-05 	 3.33040e-05 
1.812 	 1.03380e-04 	 7.09822e-05 	 3.23979e-05 
1.805 	 1.00657e-04 	 6.91298e-05 	 3.15273e-05 
1.798 	 9.80474e-05 	 6.73571e-05 	 3.06903e-05 
1.790 	 9.55446e-05 	 6.56594e-05 	 2.98852e-05 
1.783 	 9.31429e-05 	 6.40326e-05 	 2.91103e-05 
1.776 	 9.08367e-05 	 6.24726e-05 	 2.83641e-05 
1.769 	 8.86210e-05 	 6.09759e-05 	 2.76451e-05 
1.762 	 8.64909e-05 	 5.95389e-05 	 2.69520e-05 
1.755 	 8.44420e-05 	 5.81584e-05 	 2.62835e-05 
1.749 	 8.24701e-05 	 5.68316e-05 	 2.56385e-05 
1.742 	 8.05714e-05 	 5.55555e-05 	 2.50159e-05 
1.735 	 7.87423e-05 	 5.43277e-05 	 2.44146e-05 
1.728 	 7.69793e-05 	 5.31456e-05 	 2.38336e-05 
1.722 	 7.52792e-05 	 5.20071e-05 	 2.32721e-05 
1.715 	 7.36390e-05 	 5.09099e-05 	 2.27291e-05 
1.709 	 7.20559e-05 	 4.98520e-05 	 2.22039e-05 
1.702 	 7.05273e-05 	 4.88317e-05 	 2.16956e-05 
1.696 	 6.90506e-05 	 4.78471e-05 	 2.12035e-05 
1.689 	 6.76234e-05 	 4.68965e-05 	 2.07269e-05 
1.683 	 6.62437e-05 	 4.59784e-05 	 2.02653e-05 
1.677 	 6.49092e-05 	 4.50913e-05 	 1.98179e-05 
1.670 	 6.36180e-05 	 4.42338e-05 	 1.93842e-05 
1.664 	 6.23682e-05 	 4.34045e-05 	 1.89636e-05 
1.658 	 6.11580e-05 	 4.26023e-05 	 1.85557e-05 
1.652 	 5.99857e-05 	 4.18259e-05 	 1.81598e-05 
1.646 	 5.88498e-05 	 4.10743e-05 	 1.77755e-05 
1.640 	 5.77488e-05 	 4.03464e-05 	 1.74024e-05 
1.634 	 5.66812e-05 	 3.96411e-05 	 1.70401e-05 
1.628 	 5.56456e-05 	 3.89576e-05 	 1.66881e-05 
1.622 	 5.46409e-05 	 3.82949e-05 	 1.63460e-05 
1.616 	 5.36657e-05 	 3.76522e-05 	 1.60135e-05 
1.610 	 5.27190e-05 	 3.70288e-05 	 1.56903e-05 
1.605 	 5.17996e-05 	 3.64237e-05 	 1.53759e-05 
1.599 	 5.09065e-05 	 3.58364e-05 	 1.50701e-05 
1.593 	 5.00386e-05 	 3.52661e-05 	 1.47725e-05 
1.588 	 4.91950e-05 	 3.47121e-05 	 1.44829e-05 
1.582 	 4.83749e-05 	 3.41738e-05 	 1.42010e-05 
1.576 	 4.75773e-05 	 3.36507e-05 	 1.39266e-05 
1.571 	 4.68014e-05 	 3.31422e-05 	 1.36592e-05 
1.565 	 4.60465e-05 	 3.26476e-05 	 1.33989e-05 
1.560 	 4.53118e-05 	 3.21666e-05 	 1.31452e-05 
1.555 	 4.45965e-05 	 3.16986e-05 	 1.28979e-05 
1.549 	 4.39001e-05 	 3.12432e-05 	 1.26569e-05 
1.544 	 4.32218e-05 	 3.07998e-05 	 1.24220e-05 
1.539 	 4.25610e-05 	 3.03682e-05 	 1.21929e-05 
1.533 	 4.19172e-05 	 2.99478e-05 	 1.19694e-05 
1.528 	 4.12897e-05 	 2.95383e-05 	 1.17515e-05 
1.523 	 4.06781e-05 	 2.91393e-05 	 1.15388e-05 
1.518 	 4.00817e-05 	 2.87504e-05 	 1.13313e-05 
1.513 	 3.95001e-05 	 2.83714e-05 	 1.11288e-05 
1.508 	 3.89328e-05 	 2.80018e-05 	 1.09310e-05 
1.503 	 3.83794e-05 	 2.76414e-05 	 1.07380e-05 
1.497 	 3.78394e-05 	 2.72899e-05 	 1.05494e-05 
1.493 	 3.73123e-05 	 2.69470e-05 	 1.03653e-05 
1.488 	 3.67978e-05 	 2.66123e-05 	 1.01854e-05 
1.483 	 3.62954e-05 	 2.62857e-05 	 1.00097e-05 
1.478 	 3.58048e-05 	 2.59668e-05 	 9.83799e-06 
1.473 	 3.53257e-05 	 2.56555e-05 	 9.67016e-06 
1.468 	 3.48576e-05 	 2.53515e-05 	 9.50611e-06 
1.463 	 3.44003e-05 	 2.50545e-05 	 9.34574e-06 
1.459 	 3.39534e-05 	 2.47644e-05 	 9.18893e-06 
1.454 	 3.35166e-05 	 2.44810e-05 	 9.03559e-06 
1.449 	 3.30896e-05 	 2.42040e-05 	 8.88561e-06 
1.444 	 3.26722e-05 	 2.39333e-05 	 8.73890e-06 
1.440 	 3.22640e-05 	 2.36686e-05 	 8.59538e-06 
1.435 	 3.18648e-05 	 2.34099e-05 	 8.45495e-06 
1.431 	 3.14743e-05 	 2.31568e-05 	 8.31753e-06 
1.426 	 3.10924e-05 	 2.29093e-05 	 8.18303e-06 
1.422 	 3.07186e-05 	 2.26672e-05 	 8.05138e-06 
1.417 	 3.03529e-05 	 2.24304e-05 	 7.92250e-06 
1.413 	 2.99949e-05 	 2.21986e-05 	 7.79631e-06 
1.408 	 2.96446e-05 	 2.19718e-05 	 7.67275e-06 
1.404 	 2.93015e-05 	 2.17498e-05 	 7.55174e-06 
1.399 	 2.89657e-05 	 2.15325e-05 	 7.43322e-06 
1.395 	 2.86368e-05 	 2.13197e-05 	 7.31712e-06 
1.391 	 2.83147e-05 	 2.11113e-05 	 7.20338e-06 
1.386 	 2.79992e-05 	 2.09073e-05 	 7.09193e-06 
1.382 	 2.76902e-05 	 2.07074e-05 	 6.98273e-06 
1.378 	 2.73874e-05 	 2.05116e-05 	 6.87571e-06 
1.374 	 2.70907e-05 	 2.03199e-05 	 6.77082e-06 
1.369 	 2.67999e-05 	 2.01319e-05 	 6.66801e-06 
1.365 	 2.65150e-05 	 1.99478e-05 	 6.56721e-06 
1.361 	 2.62357e-05 	 1.97673e-05 	 6.46839e-06 
1.357 	 2.59619e-05 	 1.95904e-05 	 6.37149e-06 
1.353 	 2.56935e-05 	 1.94170e-05 	 6.27647e-06 
1.349 	 2.54303e-05 	 1.92470e-05 	 6.18328e-06 
1.345 	 2.51722e-05 	 1.90803e-05 	 6.09187e-06 
1.341 	 2.49190e-05 	 1.89168e-05 	 6.00221e-06 
1.337 	 2.46708e-05 	 1.87565e-05 	 5.91425e-06 
1.333 	 2.44272e-05 	 1.85993e-05 	 5.82795e-06 
1.329 	 2.41883e-05 	 1.84450e-05 	 5.74327e-06 
1.325 	 2.39539e-05 	 1.82937e-05 	 5.66017e-06 
1.321 	 2.37238e-05 	 1.81452e-05 	 5.57862e-06 
1.317 	 2.34981e-05 	 1.79995e-05 	 5.49858e-06 
1.313 	 2.32766e-05 	 1.78566e-05 	 5.42001e-06 
1.309 	 2.30591e-05 	 1.77163e-05 	 5.34289e-06 
1.306 	 2.28457e-05 	 1.75786e-05 	 5.26717e-06 
1.302 	 2.26362e-05 	 1.74434e-05 	 5.19282e-06 
1.298 	 2.24305e-05 	 1.73107e-05 	 5.11982e-06 
1.294 	 2.22285e-05 	 1.71804e-05 	 5.04814e-06 
1.291 	 2.20302e-05 	 1.70525e-05 	 4.97774e-06 
1.287 	 2.18355e-05 	 1.69269e-05 	 4.90859e-06 
1.283 	 2.16442e-05 	 1.68035e-05 	 4.84067e-06 
1.280 	 2.14564e-05 	 1.66824e-05 	 4.77396e-06 
1.276 	 2.12718e-05 	 1.65634e-05 	 4.70841e-06 
1.272 	 2.10906e-05 	 1.64465e-05 	 4.64402e-06 
1.269 	 2.09125e-05 	 1.63317e-05 	 4.58074e-06 
1.265 	 2.07375e-05 	 1.62190e-05 	 4.51857e-06 
1.262 	 2.05656e-05 	 1.61081e-05 	 4.45747e-06 
1.258 	 2.03967e-05 	 1.59993e-05 	 4.39742e-06 
1.255 	 2.02307e-05 	 1.58923e-05 	 4.33840e-06 
1.251 	 2.00675e-05 	 1.57871e-05 	 4.28039e-06 
1.248 	 1.99072e-05 	 1.56838e-05 	 4.22336e-06 
1.244 	 1.97496e-05 	 1.55823e-05 	 4.16730e-06 
1.241 	 1.95946e-05 	 1.54824e-05 	 4.11218e-06 
1.237 	 1.94423e-05 	 1.53843e-05 	 4.05799e-06 
1.234 	 1.92926e-05 	 1.52879e-05 	 4.00471e-06 
1.230 	 1.91454e-05 	 1.51931e-05 	 3.95231e-06 
1.227 	 1.90007e-05 	 1.50999e-05 	 3.90078e-06 
1.224 	 1.88583e-05 	 1.50082e-05 	 3.85010e-06 
1.220 	 1.87184e-05 	 1.49181e-05 	 3.80025e-06 
1.217 	 1.85807e-05 	 1.48295e-05 	 3.75123e-06 
1.214 	 1.84454e-05 	 1.47424e-05 	 3.70300e-06 
1.211 	 1.83123e-05 	 1.46567e-05 	 3.65555e-06 
1.207 	 1.81813e-05 	 1.45724e-05 	 3.60887e-06 
1.204 	 1.80525e-05 	 1.44896e-05 	 3.56295e-06 
1.201 	 1.79258e-05 	 1.44080e-05 	 3.51776e-06 
1.198 	 1.78012e-05 	 1.43279e-05 	 3.47330e-06 
1.194 	 1.76785e-05 	 1.42490e-05 	 3.42954e-06 
1.191 	 1.75579e-05 	 1.41714e-05 	 3.38648e-06 
1.188 	 1.74392e-05 	 1.40951e-05 	 3.34410e-06 
1.185 	 1.73224e-05 	 1.40200e-05 	 3.30239e-06 
1.182 	 1.72075e-05 	 1.39461e-05 	 3.26134e-06 
1.179 	 1.70944e-05 	 1.38734e-05 	 3.22092e-06 
1.176 	 1.69831e-05 	 1.38019e-05 	 3.18114e-06 
1.173 	 1.68735e-05 	 1.37316e-05 	 3.14197e-06 
1.169 	 1.67657e-05 	 1.36623e-05 	 3.10341e-06 
1.166 	 1.66596e-05 	 1.35942e-05 	 3.06544e-06 
1.163 	 1.65552e-05 	 1.35271e-05 	 3.02806e-06 
1.160 	 1.64524e-05 	 1.34612e-05 	 2.99125e-06 
1.157 	 1.63512e-05 	 1.33962e-05 	 2.95500e-06 
1.154 	 1.62516e-05 	 1.33323e-05 	 2.91930e-06 
1.151 	 1.61536e-05 	 1.32694e-05 	 2.88414e-06 
1.149 	 1.60570e-05 	 1.32075e-05 	 2.84951e-06 
1.146 	 1.59620e-05 	 1.31466e-05 	 2.81541e-06 
1.143 	 1.58684e-05 	 1.30866e-05 	 2.78181e-06 
1.140 	 1.57763e-05 	 1.30276e-05 	 2.74872e-06 
1.137 	 1.56856e-05 	 1.29695e-05 	 2.71611e-06 
1.134 	 1.55963e-05 	 1.29123e-05 	 2.68400e-06 
1.131 	 1.55084e-05 	 1.28560e-05 	 2.65235e-06 
1.128 	 1.54218e-05 	 1.28006e-05 	 2.62117e-06 
1.125 	 1.53365e-05 	 1.27460e-05 	 2.59046e-06 
1.123 	 1.52525e-05 	 1.26923e-05 	 2.56018e-06 
1.120 	 1.51698e-05 	 1.26394e-05 	 2.53036e-06 
1.117 	 1.50883e-05 	 1.25874e-05 	 2.50096e-06 
1.114 	 1.50081e-05 	 1.25361e-05 	 2.47199e-06 
1.112 	 1.49291e-05 	 1.24857e-05 	 2.44344e-06 
1.109 	 1.48513e-05 	 1.24360e-05 	 2.41530e-06 
1.106 	 1.47747e-05 	 1.23871e-05 	 2.38756e-06 
1.103 	 1.46992e-05 	 1.23390e-05 	 2.36022e-06 
1.101 	 1.46248e-05 	 1.22916e-05 	 2.33327e-06 
1.098 	 1.45516e-05 	 1.22449e-05 	 2.30670e-06 
1.095 	 1.44795e-05 	 1.21990e-05 	 2.28051e-06 
1.093 	 1.44084e-05 	 1.21537e-05 	 2.25469e-06 
1.090 	 1.43384e-05 	 1.21092e-05 	 2.22923e-06 
1.087 	 1.42695e-05 	 1.20653e-05 	 2.20413e-06 
1.085 	 1.42015e-05 	 1.20221e-05 	 2.17938e-06 
1.082 	 1.41346e-05 	 1.19796e-05 	 2.15497e-06 
1.079 	 1.40687e-05 	 1.19378e-05 	 2.13091e-06 
1.077 	 1.40037e-05 	 1.18966e-05 	 2.10718e-06 
1.074 	 1.39398e-05 	 1.18560e-05 	 2.08377e-06 
1.072 	 1.38767e-05 	 1.18161e-05 	 2.06069e-06 
1.069 	 1.38146e-05 	 1.17767e-05 	 2.03792e-06 
1.067 	 1.37535e-05 	 1.17380e-05 	 2.01547e-06 
1.064 	 1.36932e-05 	 1.16999e-05 	 1.99332e-06 
1.062 	 1.36338e-05 	 1.16623e-05 	 1.97147e-06 
1.059 	 1.35753e-05 	 1.16254e-05 	 1.94992e-06 
1.057 	 1.35176e-05 	 1.15890e-05 	 1.92867e-06 
1.054 	 1.34608e-05 	 1.15531e-05 	 1.90769e-06 
1.052 	 1.34049e-05 	 1.15179e-05 	 1.88700e-06 
1.049 	 1.33497e-05 	 1.14831e-05 	 1.86659e-06 
1.047 	 1.32954e-05 	 1.14490e-05 	 1.84645e-06 
1.044 	 1.32419e-05 	 1.14153e-05 	 1.82658e-06 
1.042 	 1.31891e-05 	 1.13822e-05 	 1.80697e-06 
1.039 	 1.31372e-05 	 1.13496e-05 	 1.78762e-06 
1.037 	 1.30860e-05 	 1.13175e-05 	 1.76853e-06 
1.035 	 1.30355e-05 	 1.12859e-05 	 1.74969e-06 
1.032 	 1.29858e-05 	 1.12547e-05 	 1.73110e-06 
1.030 	 1.29369e-05 	 1.12241e-05 	 1.71275e-06 
1.027 	 1.28886e-05 	 1.11940e-05 	 1.69464e-06 
1.025 	 1.28411e-05 	 1.11643e-05 	 1.67676e-06 
1.023 	 1.27943e-05 	 1.11351e-05 	 1.65912e-06 
1.020 	 1.27481e-05 	 1.11064e-05 	 1.64171e-06 
1.018 	 1.27027e-05 	 1.10781e-05 	 1.62452e-06 
1.016 	 1.26579e-05 	 1.10503e-05 	 1.60755e-06 
1.014 	 1.26137e-05 	 1.10229e-05 	 1.59080e-06 
1.011 	 1.25703e-05 	 1.09960e-05 	 1.57427e-06 
1.009 	 1.25274e-05 	 1.09695e-05 	 1.55794e-06 
1.007 	 1.24852e-05 	 1.09434e-05 	 1.54183e-06 
1.004 	 1.24436e-05 	 1.09177e-05 	 1.52592e-06 
1.002 	 1.24027e-05 	 1.08925e-05 	 1.51021e-06 
1.000 	 1.23623e-05 	 1.08676e-05 	 1.49470e-06 
