Energy [eV] Ext Cross [um^2] Abs Cross [um^2] Sca Cross [um^2] 
3.000 	 3.09807e-05 	 3.01194e-05 	 8.61251e-07 
2.980 	 3.18509e-05 	 3.08531e-05 	 9.97784e-07 
2.960 	 3.27529e-05 	 3.16094e-05 	 1.14349e-06 
2.941 	 3.35946e-05 	 3.22974e-05 	 1.29720e-06 
2.922 	 3.45493e-05 	 3.30889e-05 	 1.46038e-06 
2.903 	 3.56317e-05 	 3.39950e-05 	 1.63666e-06 
2.884 	 3.65870e-05 	 3.47708e-05 	 1.81620e-06 
2.866 	 3.77526e-05 	 3.57515e-05 	 2.00110e-06 
2.848 	 3.87447e-05 	 3.65418e-05 	 2.20291e-06 
2.830 	 3.96863e-05 	 3.72742e-05 	 2.41207e-06 
2.812 	 4.09683e-05 	 3.83410e-05 	 2.62726e-06 
2.794 	 4.22170e-05 	 3.93649e-05 	 2.85208e-06 
2.777 	 4.34084e-05 	 4.03222e-05 	 3.08621e-06 
2.760 	 4.46587e-05 	 4.13294e-05 	 3.32930e-06 
2.743 	 4.59900e-05 	 4.24088e-05 	 3.58124e-06 
2.726 	 4.73595e-05 	 4.35171e-05 	 3.84248e-06 
2.710 	 4.87662e-05 	 4.46531e-05 	 4.11308e-06 
2.694 	 5.02248e-05 	 4.58316e-05 	 4.39323e-06 
2.678 	 5.17431e-05 	 4.70600e-05 	 4.68307e-06 
2.662 	 5.33232e-05 	 4.83403e-05 	 4.98289e-06 
2.646 	 5.49702e-05 	 4.96773e-05 	 5.29293e-06 
2.630 	 5.66961e-05 	 5.10827e-05 	 5.61340e-06 
2.615 	 5.85163e-05 	 5.25717e-05 	 5.94459e-06 
2.600 	 6.04552e-05 	 5.41684e-05 	 6.28678e-06 
2.585 	 6.25452e-05 	 5.59049e-05 	 6.64031e-06 
2.570 	 6.48334e-05 	 5.78278e-05 	 7.00556e-06 
2.556 	 6.74024e-05 	 6.00191e-05 	 7.38337e-06 
2.541 	 7.03639e-05 	 6.25891e-05 	 7.77481e-06 
2.527 	 7.36505e-05 	 6.54701e-05 	 8.18036e-06 
2.513 	 7.65322e-05 	 6.79337e-05 	 8.59848e-06 
2.499 	 7.81728e-05 	 6.91460e-05 	 9.02672e-06 
2.485 	 7.91896e-05 	 6.97228e-05 	 9.46684e-06 
2.471 	 8.04593e-05 	 7.05373e-05 	 9.92204e-06 
2.458 	 8.21673e-05 	 7.17736e-05 	 1.03937e-05 
2.444 	 8.42334e-05 	 7.33512e-05 	 1.08822e-05 
2.431 	 8.65626e-05 	 7.51747e-05 	 1.13879e-05 
2.418 	 8.90843e-05 	 7.71731e-05 	 1.19112e-05 
2.405 	 9.17561e-05 	 7.93032e-05 	 1.24530e-05 
2.392 	 9.45680e-05 	 8.15537e-05 	 1.30143e-05 
2.379 	 9.75217e-05 	 8.39255e-05 	 1.35962e-05 
2.367 	 1.00617e-04 	 8.64173e-05 	 1.41993e-05 
2.354 	 1.03852e-04 	 8.90276e-05 	 1.48247e-05 
2.342 	 1.07230e-04 	 9.17568e-05 	 1.54733e-05 
2.330 	 1.10754e-04 	 9.46075e-05 	 1.61464e-05 
2.318 	 1.14429e-04 	 9.75839e-05 	 1.68451e-05 
2.306 	 1.18262e-04 	 1.00691e-04 	 1.75707e-05 
2.294 	 1.22258e-04 	 1.03933e-04 	 1.83248e-05 
2.282 	 1.26427e-04 	 1.07318e-04 	 1.91089e-05 
2.271 	 1.30778e-04 	 1.10853e-04 	 1.99247e-05 
2.259 	 1.35323e-04 	 1.14549e-04 	 2.07739e-05 
2.248 	 1.40074e-04 	 1.18416e-04 	 2.16582e-05 
2.237 	 1.45043e-04 	 1.22463e-04 	 2.25798e-05 
2.226 	 1.50240e-04 	 1.26699e-04 	 2.35408e-05 
2.215 	 1.55677e-04 	 1.31134e-04 	 2.45437e-05 
2.204 	 1.61370e-04 	 1.35779e-04 	 2.55910e-05 
2.193 	 1.67334e-04 	 1.40649e-04 	 2.66854e-05 
2.182 	 1.73587e-04 	 1.45757e-04 	 2.78299e-05 
2.172 	 1.80146e-04 	 1.51119e-04 	 2.90275e-05 
2.161 	 1.87033e-04 	 1.56751e-04 	 3.02818e-05 
2.151 	 1.94268e-04 	 1.62671e-04 	 3.15964e-05 
2.141 	 2.01875e-04 	 1.68899e-04 	 3.29754e-05 
2.131 	 2.09880e-04 	 1.75457e-04 	 3.44231e-05 
2.121 	 2.18310e-04 	 1.82365e-04 	 3.59442e-05 
2.111 	 2.27195e-04 	 1.89651e-04 	 3.75439e-05 
2.101 	 2.36568e-04 	 1.97340e-04 	 3.92278e-05 
2.091 	 2.46464e-04 	 2.05462e-04 	 4.10019e-05 
2.081 	 2.56923e-04 	 2.14050e-04 	 4.28729e-05 
2.072 	 2.67987e-04 	 2.23139e-04 	 4.48482e-05 
2.062 	 2.79703e-04 	 2.32768e-04 	 4.69357e-05 
2.053 	 2.92123e-04 	 2.42978e-04 	 4.91441e-05 
2.043 	 3.05302e-04 	 2.53818e-04 	 5.14832e-05 
2.034 	 3.19303e-04 	 2.65339e-04 	 5.39634e-05 
2.025 	 3.34194e-04 	 2.77597e-04 	 5.65965e-05 
2.016 	 3.50051e-04 	 2.90656e-04 	 5.93954e-05 
2.007 	 3.66959e-04 	 3.04585e-04 	 6.23744e-05 
1.998 	 3.85010e-04 	 3.19461e-04 	 6.55496e-05 
1.989 	 4.04308e-04 	 3.35369e-04 	 6.89384e-05 
1.980 	 4.24967e-04 	 3.52406e-04 	 7.25602e-05 
1.971 	 4.47114e-04 	 3.70678e-04 	 7.64367e-05 
1.963 	 4.70894e-04 	 3.90302e-04 	 8.05921e-05 
1.954 	 4.96467e-04 	 4.11413e-04 	 8.50539e-05 
1.946 	 5.24015e-04 	 4.34163e-04 	 8.98530e-05 
1.937 	 5.53744e-04 	 4.58720e-04 	 9.50243e-05 
1.929 	 5.85885e-04 	 4.85277e-04 	 1.00607e-04 
1.921 	 6.20700e-04 	 5.14054e-04 	 1.06646e-04 
1.913 	 6.58488e-04 	 5.45296e-04 	 1.13192e-04 
1.904 	 6.99587e-04 	 5.79286e-04 	 1.20302e-04 
1.896 	 7.44388e-04 	 6.16347e-04 	 1.28041e-04 
1.888 	 7.93334e-04 	 6.56849e-04 	 1.36485e-04 
1.881 	 8.46942e-04 	 7.01221e-04 	 1.45721e-04 
1.873 	 9.05804e-04 	 7.49955e-04 	 1.55849e-04 
1.865 	 9.70613e-04 	 8.03626e-04 	 1.66987e-04 
1.857 	 1.04217e-03 	 8.62902e-04 	 1.79269e-04 
1.849 	 1.12142e-03 	 9.28567e-04 	 1.92855e-04 
1.842 	 1.20947e-03 	 1.00154e-03 	 2.07931e-04 
1.834 	 1.30763e-03 	 1.08291e-03 	 2.24718e-04 
1.827 	 1.41744e-03 	 1.17396e-03 	 2.43476e-04 
1.819 	 1.54076e-03 	 1.27624e-03 	 2.64518e-04 
1.812 	 1.67979e-03 	 1.39158e-03 	 2.88213e-04 
1.805 	 1.83720e-03 	 1.52219e-03 	 3.15010e-04 
1.798 	 2.01620e-03 	 1.67075e-03 	 3.45448e-04 
1.790 	 2.22071e-03 	 1.84052e-03 	 3.80184e-04 
1.783 	 2.45550e-03 	 2.03548e-03 	 4.20019e-04 
1.776 	 2.72646e-03 	 2.26052e-03 	 4.65937e-04 
1.769 	 3.04081e-03 	 2.52166e-03 	 5.19149e-04 
1.762 	 3.40749e-03 	 2.82634e-03 	 5.81150e-04 
1.755 	 3.83759e-03 	 3.18380e-03 	 6.53790e-04 
1.749 	 4.34481e-03 	 3.60545e-03 	 7.39355e-04 
1.742 	 4.94600e-03 	 4.10535e-03 	 8.40653e-04 
1.735 	 5.66170e-03 	 4.70060e-03 	 9.61098e-04 
1.728 	 6.51636e-03 	 5.41162e-03 	 1.10475e-03 
1.722 	 7.53797e-03 	 6.26174e-03 	 1.27623e-03 
1.715 	 8.75605e-03 	 7.27565e-03 	 1.48040e-03 
1.709 	 1.01967e-02 	 8.47519e-03 	 1.72149e-03 
1.702 	 1.18720e-02 	 9.87066e-03 	 2.00137e-03 
1.696 	 1.37617e-02 	 1.14453e-02 	 2.31640e-03 
1.689 	 1.57853e-02 	 1.31324e-02 	 2.65285e-03 
1.683 	 1.77733e-02 	 1.47911e-02 	 2.98215e-03 
1.677 	 1.94604e-02 	 1.62005e-02 	 3.25985e-03 
1.670 	 2.05356e-02 	 1.71014e-02 	 3.43415e-03 
1.664 	 2.07587e-02 	 1.72932e-02 	 3.46548e-03 
1.658 	 2.00817e-02 	 1.67351e-02 	 3.34656e-03 
1.652 	 1.86747e-02 	 1.55682e-02 	 3.10649e-03 
1.646 	 1.68323e-02 	 1.40374e-02 	 2.79489e-03 
1.640 	 1.48454e-02 	 1.23850e-02 	 2.46037e-03 
1.634 	 1.29224e-02 	 1.07848e-02 	 2.13760e-03 
1.628 	 1.11777e-02 	 9.33230e-03 	 1.84543e-03 
1.622 	 9.65445e-03 	 8.06364e-03 	 1.59081e-03 
1.616 	 8.35318e-03 	 6.97953e-03 	 1.37365e-03 
1.610 	 7.25406e-03 	 6.06357e-03 	 1.19049e-03 
1.605 	 6.32992e-03 	 5.29323e-03 	 1.03669e-03 
1.599 	 5.55317e-03 	 4.64559e-03 	 9.07584e-04 
1.593 	 4.89884e-03 	 4.09988e-03 	 7.98953e-04 
1.588 	 4.34549e-03 	 3.63830e-03 	 7.07193e-04 
1.582 	 3.87532e-03 	 3.24601e-03 	 6.29313e-04 
1.576 	 3.47375e-03 	 2.91088e-03 	 5.62866e-04 
1.571 	 3.12890e-03 	 2.62304e-03 	 5.05867e-04 
1.565 	 2.83117e-03 	 2.37446e-03 	 4.56707e-04 
1.560 	 2.57275e-03 	 2.15867e-03 	 4.14081e-04 
1.555 	 2.34729e-03 	 1.97036e-03 	 3.76930e-04 
1.549 	 2.14962e-03 	 1.80523e-03 	 3.44391e-04 
1.544 	 1.97549e-03 	 1.65973e-03 	 3.15757e-04 
1.539 	 1.82141e-03 	 1.53097e-03 	 2.90445e-04 
1.533 	 1.68450e-03 	 1.41653e-03 	 2.67976e-04 
1.528 	 1.56235e-03 	 1.31440e-03 	 2.47949e-04 
1.523 	 1.45295e-03 	 1.22292e-03 	 2.30030e-04 
1.518 	 1.35462e-03 	 1.14068e-03 	 2.13941e-04 
1.513 	 1.26593e-03 	 1.06649e-03 	 1.99444e-04 
1.508 	 1.18569e-03 	 9.99345e-04 	 1.86341e-04 
1.503 	 1.11286e-03 	 9.38398e-04 	 1.74460e-04 
1.497 	 1.04657e-03 	 8.82912e-04 	 1.63657e-04 
1.493 	 9.86067e-04 	 8.32260e-04 	 1.53807e-04 
1.488 	 9.30702e-04 	 7.85899e-04 	 1.44803e-04 
1.483 	 8.79912e-04 	 7.43361e-04 	 1.36551e-04 
1.478 	 8.33211e-04 	 7.04240e-04 	 1.28971e-04 
1.473 	 7.90173e-04 	 6.68179e-04 	 1.21993e-04 
1.468 	 7.50426e-04 	 6.34870e-04 	 1.15556e-04 
1.463 	 7.13644e-04 	 6.04040e-04 	 1.09605e-04 
1.459 	 6.79541e-04 	 5.75449e-04 	 1.04093e-04 
1.454 	 6.47863e-04 	 5.48885e-04 	 9.89781e-05 
1.449 	 6.18386e-04 	 5.24162e-04 	 9.42239e-05 
1.444 	 5.90911e-04 	 5.01113e-04 	 8.97972e-05 
1.440 	 5.65260e-04 	 4.79591e-04 	 8.56689e-05 
1.435 	 5.41275e-04 	 4.59462e-04 	 8.18129e-05 
1.431 	 5.18815e-04 	 4.40609e-04 	 7.82060e-05 
1.426 	 4.97753e-04 	 4.22926e-04 	 7.48273e-05 
1.422 	 4.77975e-04 	 4.06317e-04 	 7.16581e-05 
1.417 	 4.59378e-04 	 3.90697e-04 	 6.86815e-05 
1.413 	 4.41870e-04 	 3.75988e-04 	 6.58823e-05 
1.408 	 4.25368e-04 	 3.62121e-04 	 6.32468e-05 
1.404 	 4.09794e-04 	 3.49031e-04 	 6.07625e-05 
1.399 	 3.95081e-04 	 3.36663e-04 	 5.84181e-05 
1.395 	 3.81165e-04 	 3.24962e-04 	 5.62035e-05 
1.391 	 3.67991e-04 	 3.13882e-04 	 5.41092e-05 
1.386 	 3.55506e-04 	 3.03379e-04 	 5.21267e-05 
1.382 	 3.43663e-04 	 2.93414e-04 	 5.02484e-05 
1.378 	 3.32417e-04 	 2.83950e-04 	 4.84670e-05 
1.374 	 3.21730e-04 	 2.74954e-04 	 4.67760e-05 
1.369 	 3.11565e-04 	 2.66395e-04 	 4.51695e-05 
1.365 	 3.01887e-04 	 2.58245e-04 	 4.36420e-05 
1.361 	 2.92667e-04 	 2.50479e-04 	 4.21883e-05 
1.357 	 2.83875e-04 	 2.43071e-04 	 4.08039e-05 
1.353 	 2.75485e-04 	 2.36000e-04 	 3.94844e-05 
1.349 	 2.67473e-04 	 2.29247e-04 	 3.82259e-05 
1.345 	 2.59815e-04 	 2.22791e-04 	 3.70246e-05 
1.341 	 2.52493e-04 	 2.16615e-04 	 3.58773e-05 
1.337 	 2.45485e-04 	 2.10704e-04 	 3.47806e-05 
1.333 	 2.38773e-04 	 2.05042e-04 	 3.37318e-05 
1.329 	 2.32342e-04 	 1.99614e-04 	 3.27280e-05 
1.325 	 2.26176e-04 	 1.94409e-04 	 3.17668e-05 
1.321 	 2.20260e-04 	 1.89414e-04 	 3.08458e-05 
1.317 	 2.14581e-04 	 1.84618e-04 	 2.99628e-05 
1.313 	 2.09126e-04 	 1.80010e-04 	 2.91157e-05 
1.309 	 2.03883e-04 	 1.75580e-04 	 2.83027e-05 
1.306 	 1.98841e-04 	 1.71319e-04 	 2.75219e-05 
1.302 	 1.93991e-04 	 1.67219e-04 	 2.67718e-05 
1.298 	 1.89322e-04 	 1.63271e-04 	 2.60506e-05 
1.294 	 1.84825e-04 	 1.59468e-04 	 2.53570e-05 
1.291 	 1.80492e-04 	 1.55803e-04 	 2.46896e-05 
1.287 	 1.76315e-04 	 1.52268e-04 	 2.40471e-05 
1.283 	 1.72287e-04 	 1.48858e-04 	 2.34283e-05 
1.280 	 1.68399e-04 	 1.45567e-04 	 2.28320e-05 
1.276 	 1.64647e-04 	 1.42390e-04 	 2.22572e-05 
1.272 	 1.61023e-04 	 1.39320e-04 	 2.17028e-05 
1.269 	 1.57521e-04 	 1.36353e-04 	 2.11680e-05 
1.265 	 1.54137e-04 	 1.33485e-04 	 2.06518e-05 
1.262 	 1.50864e-04 	 1.30711e-04 	 2.01533e-05 
1.258 	 1.47699e-04 	 1.28027e-04 	 1.96718e-05 
1.255 	 1.44635e-04 	 1.25428e-04 	 1.92065e-05 
1.251 	 1.41669e-04 	 1.22912e-04 	 1.87567e-05 
1.248 	 1.38797e-04 	 1.20475e-04 	 1.83218e-05 
1.244 	 1.36015e-04 	 1.18114e-04 	 1.79010e-05 
1.241 	 1.33318e-04 	 1.15824e-04 	 1.74939e-05 
1.237 	 1.30704e-04 	 1.13604e-04 	 1.70997e-05 
1.234 	 1.28168e-04 	 1.11450e-04 	 1.67181e-05 
1.230 	 1.25709e-04 	 1.09361e-04 	 1.63484e-05 
1.227 	 1.23322e-04 	 1.07332e-04 	 1.59901e-05 
1.224 	 1.21005e-04 	 1.05362e-04 	 1.56429e-05 
1.220 	 1.18755e-04 	 1.03449e-04 	 1.53063e-05 
1.217 	 1.16570e-04 	 1.01590e-04 	 1.49797e-05 
1.214 	 1.14447e-04 	 9.97837e-05 	 1.46630e-05 
1.211 	 1.12383e-04 	 9.80274e-05 	 1.43556e-05 
1.207 	 1.10377e-04 	 9.63194e-05 	 1.40572e-05 
1.204 	 1.08426e-04 	 9.46581e-05 	 1.37675e-05 
1.201 	 1.06528e-04 	 9.30415e-05 	 1.34862e-05 
1.198 	 1.04681e-04 	 9.14681e-05 	 1.32128e-05 
1.194 	 1.02884e-04 	 8.99364e-05 	 1.29472e-05 
1.191 	 1.01134e-04 	 8.84449e-05 	 1.26891e-05 
1.188 	 9.94301e-05 	 8.69920e-05 	 1.24381e-05 
1.185 	 9.77706e-05 	 8.55766e-05 	 1.21940e-05 
1.182 	 9.61537e-05 	 8.41971e-05 	 1.19566e-05 
1.179 	 9.45782e-05 	 8.28525e-05 	 1.17256e-05 
1.176 	 9.30424e-05 	 8.15415e-05 	 1.15009e-05 
1.173 	 9.15451e-05 	 8.02630e-05 	 1.12821e-05 
1.169 	 9.00850e-05 	 7.90159e-05 	 1.10691e-05 
1.166 	 8.86608e-05 	 7.77991e-05 	 1.08617e-05 
1.163 	 8.72713e-05 	 7.66117e-05 	 1.06596e-05 
1.160 	 8.59154e-05 	 7.54526e-05 	 1.04628e-05 
1.157 	 8.45920e-05 	 7.43210e-05 	 1.02710e-05 
1.154 	 8.33000e-05 	 7.32159e-05 	 1.00841e-05 
1.151 	 8.20385e-05 	 7.21366e-05 	 9.90194e-06 
1.149 	 8.08064e-05 	 7.10821e-05 	 9.72430e-06 
1.146 	 7.96028e-05 	 7.00518e-05 	 9.55106e-06 
1.143 	 7.84269e-05 	 6.90448e-05 	 9.38209e-06 
1.140 	 7.72777e-05 	 6.80605e-05 	 9.21725e-06 
1.137 	 7.61545e-05 	 6.70981e-05 	 9.05641e-06 
1.134 	 7.50564e-05 	 6.61570e-05 	 8.89945e-06 
1.131 	 7.39827e-05 	 6.52365e-05 	 8.74623e-06 
1.128 	 7.29327e-05 	 6.43360e-05 	 8.59666e-06 
1.125 	 7.19056e-05 	 6.34550e-05 	 8.45060e-06 
1.123 	 7.09007e-05 	 6.25928e-05 	 8.30797e-06 
1.120 	 6.99175e-05 	 6.17489e-05 	 8.16865e-06 
1.117 	 6.89553e-05 	 6.09227e-05 	 8.03254e-06 
1.114 	 6.80134e-05 	 6.01139e-05 	 7.89955e-06 
1.112 	 6.70913e-05 	 5.93217e-05 	 7.76959e-06 
1.109 	 6.61885e-05 	 5.85459e-05 	 7.64257e-06 
1.106 	 6.53043e-05 	 5.77859e-05 	 7.51840e-06 
1.103 	 6.44383e-05 	 5.70413e-05 	 7.39699e-06 
1.101 	 6.35900e-05 	 5.63117e-05 	 7.27828e-06 
1.098 	 6.27588e-05 	 5.55966e-05 	 7.16218e-06 
1.095 	 6.19443e-05 	 5.48957e-05 	 7.04862e-06 
1.093 	 6.11460e-05 	 5.42085e-05 	 6.93752e-06 
1.090 	 6.03635e-05 	 5.35347e-05 	 6.82883e-06 
1.087 	 5.95964e-05 	 5.28740e-05 	 6.72246e-06 
1.085 	 5.88443e-05 	 5.22259e-05 	 6.61836e-06 
1.082 	 5.81067e-05 	 5.15902e-05 	 6.51647e-06 
1.079 	 5.73833e-05 	 5.09666e-05 	 6.41672e-06 
1.077 	 5.66737e-05 	 5.03546e-05 	 6.31905e-06 
1.074 	 5.59775e-05 	 4.97541e-05 	 6.22342e-06 
1.072 	 5.52945e-05 	 4.91647e-05 	 6.12976e-06 
1.069 	 5.46241e-05 	 4.85861e-05 	 6.03802e-06 
1.067 	 5.39663e-05 	 4.80181e-05 	 5.94815e-06 
1.064 	 5.33205e-05 	 4.74604e-05 	 5.86011e-06 
1.062 	 5.26866e-05 	 4.69127e-05 	 5.77385e-06 
1.059 	 5.20641e-05 	 4.63748e-05 	 5.68931e-06 
1.057 	 5.14529e-05 	 4.58465e-05 	 5.60646e-06 
1.054 	 5.08527e-05 	 4.53274e-05 	 5.52525e-06 
1.052 	 5.02631e-05 	 4.48174e-05 	 5.44564e-06 
1.049 	 4.96839e-05 	 4.43164e-05 	 5.36758e-06 
1.047 	 4.91150e-05 	 4.38239e-05 	 5.29105e-06 
1.044 	 4.85559e-05 	 4.33399e-05 	 5.21600e-06 
1.042 	 4.80066e-05 	 4.28642e-05 	 5.14240e-06 
1.039 	 4.74667e-05 	 4.23965e-05 	 5.07021e-06 
1.037 	 4.69361e-05 	 4.19367e-05 	 4.99939e-06 
1.035 	 4.64145e-05 	 4.14846e-05 	 4.92991e-06 
1.032 	 4.59017e-05 	 4.10399e-05 	 4.86174e-06 
1.030 	 4.53975e-05 	 4.06026e-05 	 4.79485e-06 
1.027 	 4.49017e-05 	 4.01725e-05 	 4.72921e-06 
1.025 	 4.44142e-05 	 3.97494e-05 	 4.66478e-06 
1.023 	 4.39347e-05 	 3.93331e-05 	 4.60154e-06 
1.020 	 4.34630e-05 	 3.89236e-05 	 4.53946e-06 
1.018 	 4.29990e-05 	 3.85205e-05 	 4.47852e-06 
1.016 	 4.25426e-05 	 3.81239e-05 	 4.41868e-06 
1.014 	 4.20934e-05 	 3.77335e-05 	 4.35992e-06 
1.011 	 4.16515e-05 	 3.73492e-05 	 4.30221e-06 
1.009 	 4.12165e-05 	 3.69710e-05 	 4.24554e-06 
1.007 	 4.07884e-05 	 3.65986e-05 	 4.18988e-06 
1.004 	 4.03671e-05 	 3.62319e-05 	 4.13520e-06 
1.002 	 3.99523e-05 	 3.58708e-05 	 4.08148e-06 
1.000 	 3.95439e-05 	 3.55152e-05 	 4.02870e-06 
