Energy [eV] Ext Cross [um^2] Abs Cross [um^2] Sca Cross [um^2] 
3.000 	 6.67431e-05 	 6.66346e-05 	 1.08537e-07 
2.980 	 6.84108e-05 	 6.82274e-05 	 1.83349e-07 
2.960 	 7.01595e-05 	 6.98719e-05 	 2.87669e-07 
2.941 	 7.17842e-05 	 7.13646e-05 	 4.19681e-07 
2.922 	 7.36689e-05 	 7.30886e-05 	 5.80266e-07 
2.903 	 7.58397e-05 	 7.50670e-05 	 7.72742e-07 
2.884 	 7.77389e-05 	 7.67524e-05 	 9.86460e-07 
2.866 	 8.01152e-05 	 7.88924e-05 	 1.22284e-06 
2.848 	 8.21025e-05 	 8.06082e-05 	 1.49429e-06 
2.830 	 8.39900e-05 	 8.22000e-05 	 1.79000e-06 
2.812 	 8.66532e-05 	 8.45449e-05 	 2.10831e-06 
2.794 	 8.92577e-05 	 8.68049e-05 	 2.45285e-06 
2.777 	 9.17576e-05 	 8.89345e-05 	 2.82308e-06 
2.760 	 9.44255e-05 	 9.12070e-05 	 3.21852e-06 
2.743 	 9.73304e-05 	 9.36915e-05 	 3.63890e-06 
2.726 	 1.00371e-04 	 9.62862e-05 	 4.08467e-06 
2.710 	 1.03411e-04 	 9.88558e-05 	 4.55569e-06 
2.694 	 1.06335e-04 	 1.01283e-04 	 5.05190e-06 
2.678 	 1.09303e-04 	 1.03729e-04 	 5.57358e-06 
2.662 	 1.12437e-04 	 1.06316e-04 	 6.12135e-06 
2.646 	 1.15740e-04 	 1.09045e-04 	 6.69564e-06 
2.630 	 1.19201e-04 	 1.11905e-04 	 7.29671e-06 
2.615 	 1.22809e-04 	 1.14884e-04 	 7.92501e-06 
2.600 	 1.26558e-04 	 1.17977e-04 	 8.58104e-06 
2.585 	 1.30451e-04 	 1.21185e-04 	 9.26563e-06 
2.570 	 1.34498e-04 	 1.24519e-04 	 9.97939e-06 
2.556 	 1.38709e-04 	 1.27986e-04 	 1.07230e-05 
2.541 	 1.43081e-04 	 1.31584e-04 	 1.14968e-05 
2.527 	 1.47591e-04 	 1.35289e-04 	 1.23017e-05 
2.513 	 1.52229e-04 	 1.39090e-04 	 1.31391e-05 
2.499 	 1.57032e-04 	 1.43021e-04 	 1.40107e-05 
2.485 	 1.62024e-04 	 1.47107e-04 	 1.49174e-05 
2.471 	 1.67216e-04 	 1.51356e-04 	 1.58603e-05 
2.458 	 1.72612e-04 	 1.55771e-04 	 1.68407e-05 
2.444 	 1.78216e-04 	 1.60356e-04 	 1.78601e-05 
2.431 	 1.84034e-04 	 1.65114e-04 	 1.89201e-05 
2.418 	 1.90071e-04 	 1.70049e-04 	 2.00222e-05 
2.405 	 1.96331e-04 	 1.75162e-04 	 2.11683e-05 
2.392 	 2.02814e-04 	 1.80454e-04 	 2.23603e-05 
2.379 	 2.09525e-04 	 1.85924e-04 	 2.36002e-05 
2.367 	 2.16483e-04 	 1.91593e-04 	 2.48898e-05 
2.354 	 2.23775e-04 	 1.97544e-04 	 2.62310e-05 
2.342 	 2.31524e-04 	 2.03898e-04 	 2.76268e-05 
2.330 	 2.39734e-04 	 2.10653e-04 	 2.90811e-05 
2.318 	 2.48309e-04 	 2.17712e-04 	 3.05974e-05 
2.306 	 2.57212e-04 	 2.25034e-04 	 3.21786e-05 
2.294 	 2.66462e-04 	 2.32635e-04 	 3.38278e-05 
2.282 	 2.76093e-04 	 2.40544e-04 	 3.55488e-05 
2.271 	 2.86138e-04 	 2.48792e-04 	 3.73456e-05 
2.259 	 2.96629e-04 	 2.57407e-04 	 3.92223e-05 
2.248 	 3.07599e-04 	 2.66415e-04 	 4.11835e-05 
2.237 	 3.19078e-04 	 2.75844e-04 	 4.32340e-05 
2.226 	 3.31101e-04 	 2.85721e-04 	 4.53793e-05 
2.215 	 3.43703e-04 	 2.96077e-04 	 4.76255e-05 
2.204 	 3.56923e-04 	 3.06944e-04 	 4.99789e-05 
2.193 	 3.70801e-04 	 3.18354e-04 	 5.24464e-05 
2.182 	 3.85381e-04 	 3.30345e-04 	 5.50353e-05 
2.172 	 4.00710e-04 	 3.42956e-04 	 5.77537e-05 
2.161 	 4.16840e-04 	 3.56230e-04 	 6.06102e-05 
2.151 	 4.33828e-04 	 3.70213e-04 	 6.36143e-05 
2.141 	 4.51732e-04 	 3.84956e-04 	 6.67765e-05 
2.131 	 4.70620e-04 	 4.00512e-04 	 7.01079e-05 
2.121 	 4.90563e-04 	 4.16942e-04 	 7.36207e-05 
2.111 	 5.11639e-04 	 4.34311e-04 	 7.73283e-05 
2.101 	 5.33934e-04 	 4.52689e-04 	 8.12453e-05 
2.091 	 5.57542e-04 	 4.72154e-04 	 8.53878e-05 
2.081 	 5.82566e-04 	 4.92793e-04 	 8.97732e-05 
2.072 	 6.09119e-04 	 5.14698e-04 	 9.44212e-05 
2.062 	 6.37326e-04 	 5.37973e-04 	 9.93529e-05 
2.053 	 6.67325e-04 	 5.62733e-04 	 1.04592e-04 
2.043 	 6.99267e-04 	 5.89103e-04 	 1.10164e-04 
2.034 	 7.33322e-04 	 6.17224e-04 	 1.16098e-04 
2.025 	 7.69676e-04 	 6.47250e-04 	 1.22426e-04 
2.016 	 8.08536e-04 	 6.79353e-04 	 1.29184e-04 
2.007 	 8.50135e-04 	 7.13725e-04 	 1.36410e-04 
1.998 	 8.94731e-04 	 7.50581e-04 	 1.44150e-04 
1.989 	 9.42612e-04 	 7.90160e-04 	 1.52452e-04 
1.980 	 9.94101e-04 	 8.32729e-04 	 1.61372e-04 
1.971 	 1.04956e-03 	 8.78588e-04 	 1.70971e-04 
1.963 	 1.10940e-03 	 9.28078e-04 	 1.81319e-04 
1.954 	 1.17408e-03 	 9.81582e-04 	 1.92495e-04 
1.946 	 1.24413e-03 	 1.03954e-03 	 2.04589e-04 
1.937 	 1.32015e-03 	 1.10244e-03 	 2.17704e-04 
1.929 	 1.40282e-03 	 1.17086e-03 	 2.31957e-04 
1.921 	 1.49292e-03 	 1.24544e-03 	 2.47481e-04 
1.913 	 1.59136e-03 	 1.32693e-03 	 2.64429e-04 
1.904 	 1.69915e-03 	 1.41618e-03 	 2.82976e-04 
1.896 	 1.81750e-03 	 1.51417e-03 	 3.03325e-04 
1.888 	 1.94778e-03 	 1.62207e-03 	 3.25713e-04 
1.881 	 2.09162e-03 	 1.74120e-03 	 3.50414e-04 
1.873 	 2.25089e-03 	 1.87314e-03 	 3.77752e-04 
1.865 	 2.42782e-03 	 2.01972e-03 	 4.08103e-04 
1.857 	 2.62504e-03 	 2.18312e-03 	 4.41917e-04 
1.849 	 2.84565e-03 	 2.36593e-03 	 4.79723e-04 
1.842 	 3.09338e-03 	 2.57122e-03 	 5.22153e-04 
1.834 	 3.37266e-03 	 2.80269e-03 	 5.69967e-04 
1.827 	 3.68886e-03 	 3.06478e-03 	 6.24078e-04 
1.819 	 4.04847e-03 	 3.36288e-03 	 6.85591e-04 
1.812 	 4.45940e-03 	 3.70355e-03 	 7.55852e-04 
1.805 	 4.93132e-03 	 4.09481e-03 	 8.36507e-04 
1.798 	 5.47612e-03 	 4.54654e-03 	 9.29580e-04 
1.790 	 6.10851e-03 	 5.07094e-03 	 1.03757e-03 
1.783 	 6.84676e-03 	 5.68316e-03 	 1.16359e-03 
1.776 	 7.71358e-03 	 6.40208e-03 	 1.31150e-03 
1.769 	 8.73730e-03 	 7.25118e-03 	 1.48612e-03 
1.762 	 9.95310e-03 	 8.25968e-03 	 1.69342e-03 
1.755 	 1.14044e-02 	 9.46360e-03 	 1.94078e-03 
1.749 	 1.31438e-02 	 1.09067e-02 	 2.23713e-03 
1.742 	 1.52333e-02 	 1.26403e-02 	 2.59298e-03 
1.735 	 1.77413e-02 	 1.47214e-02 	 3.01994e-03 
1.728 	 2.07345e-02 	 1.72052e-02 	 3.52926e-03 
1.722 	 2.42582e-02 	 2.01296e-02 	 4.12857e-03 
1.715 	 2.82990e-02 	 2.34836e-02 	 4.81543e-03 
1.709 	 3.27241e-02 	 2.71570e-02 	 5.56708e-03 
1.702 	 3.72066e-02 	 3.08788e-02 	 6.32778e-03 
1.696 	 4.11841e-02 	 3.41824e-02 	 7.00177e-03 
1.689 	 4.39354e-02 	 3.64689e-02 	 7.46645e-03 
1.683 	 4.48327e-02 	 3.72173e-02 	 7.61541e-03 
1.677 	 4.36595e-02 	 3.62472e-02 	 7.41230e-03 
1.670 	 4.07348e-02 	 3.38230e-02 	 6.91184e-03 
1.664 	 3.67253e-02 	 3.04977e-02 	 6.22767e-03 
1.658 	 3.23251e-02 	 2.68472e-02 	 5.47786e-03 
1.652 	 2.80429e-02 	 2.32941e-02 	 4.74880e-03 
1.646 	 2.41590e-02 	 2.00710e-02 	 4.08802e-03 
1.640 	 2.07791e-02 	 1.72659e-02 	 3.51328e-03 
1.634 	 1.79052e-02 	 1.48804e-02 	 3.02480e-03 
1.628 	 1.54899e-02 	 1.28755e-02 	 2.61447e-03 
1.622 	 1.34695e-02 	 1.11981e-02 	 2.27134e-03 
1.616 	 1.17794e-02 	 9.79499e-03 	 1.98443e-03 
1.610 	 1.03620e-02 	 8.61813e-03 	 1.74390e-03 
1.605 	 9.16828e-03 	 7.62690e-03 	 1.54139e-03 
1.599 	 8.15772e-03 	 6.78770e-03 	 1.37001e-03 
1.593 	 7.29745e-03 	 6.07327e-03 	 1.22418e-03 
1.588 	 6.56091e-03 	 5.46155e-03 	 1.09936e-03 
1.582 	 5.92671e-03 	 4.93479e-03 	 9.91921e-04 
1.576 	 5.37757e-03 	 4.47865e-03 	 8.98926e-04 
1.571 	 4.89954e-03 	 4.08154e-03 	 8.18000e-04 
1.565 	 4.48125e-03 	 3.73404e-03 	 7.47214e-04 
1.560 	 4.11345e-03 	 3.42846e-03 	 6.84994e-04 
1.555 	 3.78855e-03 	 3.15849e-03 	 6.30051e-04 
1.549 	 3.50027e-03 	 2.91895e-03 	 5.81319e-04 
1.544 	 3.24342e-03 	 2.70550e-03 	 5.37917e-04 
1.539 	 3.01368e-03 	 2.51457e-03 	 4.99111e-04 
1.533 	 2.80743e-03 	 2.34314e-03 	 4.64285e-04 
1.528 	 2.62161e-03 	 2.18869e-03 	 4.32922e-04 
1.523 	 2.45364e-03 	 2.04906e-03 	 4.04584e-04 
1.518 	 2.30134e-03 	 1.92244e-03 	 3.78899e-04 
1.513 	 2.16284e-03 	 1.80728e-03 	 3.55551e-04 
1.508 	 2.03652e-03 	 1.70225e-03 	 3.34267e-04 
1.503 	 1.92101e-03 	 1.60620e-03 	 3.14812e-04 
1.497 	 1.81513e-03 	 1.51814e-03 	 2.96987e-04 
1.493 	 1.71783e-03 	 1.43721e-03 	 2.80614e-04 
1.488 	 1.62821e-03 	 1.36267e-03 	 2.65541e-04 
1.483 	 1.54550e-03 	 1.29386e-03 	 2.51636e-04 
1.478 	 1.46899e-03 	 1.23021e-03 	 2.38782e-04 
1.473 	 1.39810e-03 	 1.17122e-03 	 2.26875e-04 
1.468 	 1.33227e-03 	 1.11644e-03 	 2.15825e-04 
1.463 	 1.27104e-03 	 1.06549e-03 	 2.05554e-04 
1.459 	 1.21400e-03 	 1.01801e-03 	 1.95988e-04 
1.454 	 1.16076e-03 	 9.73692e-04 	 1.87066e-04 
1.449 	 1.11100e-03 	 9.32266e-04 	 1.78732e-04 
1.444 	 1.06442e-03 	 8.93482e-04 	 1.70934e-04 
1.440 	 1.02075e-03 	 8.57120e-04 	 1.63629e-04 
1.435 	 9.79756e-04 	 8.22981e-04 	 1.56775e-04 
1.431 	 9.41223e-04 	 7.90888e-04 	 1.50336e-04 
1.426 	 9.04957e-04 	 7.60677e-04 	 1.44280e-04 
1.422 	 8.70781e-04 	 7.32205e-04 	 1.38576e-04 
1.417 	 8.38538e-04 	 7.05340e-04 	 1.33198e-04 
1.413 	 8.08084e-04 	 6.79961e-04 	 1.28122e-04 
1.408 	 7.79287e-04 	 6.55961e-04 	 1.23326e-04 
1.404 	 7.52028e-04 	 6.33239e-04 	 1.18789e-04 
1.399 	 7.26201e-04 	 6.11708e-04 	 1.14493e-04 
1.395 	 7.01704e-04 	 5.91283e-04 	 1.10421e-04 
1.391 	 6.78449e-04 	 5.71890e-04 	 1.06559e-04 
1.386 	 6.56351e-04 	 5.53460e-04 	 1.02891e-04 
1.382 	 6.35335e-04 	 5.35930e-04 	 9.94056e-05 
1.378 	 6.15331e-04 	 5.19241e-04 	 9.60904e-05 
1.374 	 5.96275e-04 	 5.03340e-04 	 9.29346e-05 
1.369 	 5.78106e-04 	 4.88177e-04 	 8.99282e-05 
1.365 	 5.60770e-04 	 4.73708e-04 	 8.70619e-05 
1.361 	 5.44216e-04 	 4.59889e-04 	 8.43271e-05 
1.357 	 5.28398e-04 	 4.46682e-04 	 8.17160e-05 
1.353 	 5.13271e-04 	 4.34050e-04 	 7.92211e-05 
1.349 	 4.98797e-04 	 4.21961e-04 	 7.68358e-05 
1.345 	 4.84937e-04 	 4.10383e-04 	 7.45537e-05 
1.341 	 4.71656e-04 	 3.99287e-04 	 7.23690e-05 
1.337 	 4.58923e-04 	 3.88647e-04 	 7.02761e-05 
1.333 	 4.46708e-04 	 3.78438e-04 	 6.82701e-05 
1.329 	 4.34981e-04 	 3.68635e-04 	 6.63462e-05 
1.325 	 4.23718e-04 	 3.59218e-04 	 6.45001e-05 
1.321 	 4.12894e-04 	 3.50167e-04 	 6.27275e-05 
1.317 	 4.02486e-04 	 3.41461e-04 	 6.10247e-05 
1.313 	 3.92473e-04 	 3.33085e-04 	 5.93881e-05 
1.309 	 3.82834e-04 	 3.25020e-04 	 5.78142e-05 
1.306 	 3.73551e-04 	 3.17251e-04 	 5.63000e-05 
1.302 	 3.64607e-04 	 3.09765e-04 	 5.48424e-05 
1.298 	 3.55985e-04 	 3.02546e-04 	 5.34387e-05 
1.294 	 3.47669e-04 	 2.95583e-04 	 5.20863e-05 
1.291 	 3.39645e-04 	 2.88863e-04 	 5.07827e-05 
1.287 	 3.31899e-04 	 2.82374e-04 	 4.95256e-05 
1.283 	 3.24419e-04 	 2.76106e-04 	 4.83129e-05 
1.280 	 3.17191e-04 	 2.70049e-04 	 4.71424e-05 
1.276 	 3.10205e-04 	 2.64192e-04 	 4.60123e-05 
1.272 	 3.03449e-04 	 2.58529e-04 	 4.49207e-05 
1.269 	 2.96914e-04 	 2.53048e-04 	 4.38659e-05 
1.265 	 2.90590e-04 	 2.47744e-04 	 4.28463e-05 
1.262 	 2.84467e-04 	 2.42607e-04 	 4.18603e-05 
1.258 	 2.78538e-04 	 2.37631e-04 	 4.09066e-05 
1.255 	 2.72793e-04 	 2.32809e-04 	 3.99836e-05 
1.251 	 2.67225e-04 	 2.28135e-04 	 3.90902e-05 
1.248 	 2.61827e-04 	 2.23602e-04 	 3.82250e-05 
1.244 	 2.56592e-04 	 2.19205e-04 	 3.73869e-05 
1.241 	 2.51513e-04 	 2.14938e-04 	 3.65749e-05 
1.237 	 2.46583e-04 	 2.10796e-04 	 3.57877e-05 
1.234 	 2.41798e-04 	 2.06774e-04 	 3.50245e-05 
1.230 	 2.37151e-04 	 2.02867e-04 	 3.42843e-05 
1.227 	 2.32637e-04 	 1.99071e-04 	 3.35662e-05 
1.224 	 2.28251e-04 	 1.95381e-04 	 3.28693e-05 
1.220 	 2.23987e-04 	 1.91794e-04 	 3.21928e-05 
1.217 	 2.19842e-04 	 1.88306e-04 	 3.15359e-05 
1.214 	 2.15810e-04 	 1.84912e-04 	 3.08978e-05 
1.211 	 2.11888e-04 	 1.81610e-04 	 3.02780e-05 
1.207 	 2.08071e-04 	 1.78396e-04 	 2.96756e-05 
1.204 	 2.04356e-04 	 1.75266e-04 	 2.90901e-05 
1.201 	 2.00739e-04 	 1.72219e-04 	 2.85208e-05 
1.198 	 1.97217e-04 	 1.69250e-04 	 2.79672e-05 
1.194 	 1.93786e-04 	 1.66357e-04 	 2.74286e-05 
1.191 	 1.90442e-04 	 1.63538e-04 	 2.69046e-05 
1.188 	 1.87184e-04 	 1.60789e-04 	 2.63946e-05 
1.185 	 1.84007e-04 	 1.58109e-04 	 2.58981e-05 
1.182 	 1.80909e-04 	 1.55495e-04 	 2.54148e-05 
1.179 	 1.77888e-04 	 1.52944e-04 	 2.49440e-05 
1.176 	 1.74941e-04 	 1.50456e-04 	 2.44855e-05 
1.173 	 1.72066e-04 	 1.48027e-04 	 2.40387e-05 
1.169 	 1.69259e-04 	 1.45656e-04 	 2.36033e-05 
1.166 	 1.66519e-04 	 1.43340e-04 	 2.31790e-05 
1.163 	 1.63844e-04 	 1.41079e-04 	 2.27653e-05 
1.160 	 1.61231e-04 	 1.38870e-04 	 2.23619e-05 
1.157 	 1.58679e-04 	 1.36711e-04 	 2.19684e-05 
1.154 	 1.56186e-04 	 1.34601e-04 	 2.15846e-05 
1.151 	 1.53749e-04 	 1.32539e-04 	 2.12101e-05 
1.149 	 1.51368e-04 	 1.30523e-04 	 2.08447e-05 
1.146 	 1.49040e-04 	 1.28552e-04 	 2.04881e-05 
1.143 	 1.46763e-04 	 1.26623e-04 	 2.01399e-05 
1.140 	 1.44537e-04 	 1.24737e-04 	 1.97999e-05 
1.137 	 1.42359e-04 	 1.22891e-04 	 1.94680e-05 
1.134 	 1.40229e-04 	 1.21085e-04 	 1.91437e-05 
1.131 	 1.38144e-04 	 1.19317e-04 	 1.88270e-05 
1.128 	 1.36103e-04 	 1.17586e-04 	 1.85175e-05 
1.125 	 1.34106e-04 	 1.15891e-04 	 1.82150e-05 
1.123 	 1.32150e-04 	 1.14231e-04 	 1.79195e-05 
1.120 	 1.30236e-04 	 1.12605e-04 	 1.76305e-05 
1.117 	 1.28360e-04 	 1.11012e-04 	 1.73480e-05 
1.114 	 1.26523e-04 	 1.09451e-04 	 1.70718e-05 
1.112 	 1.24723e-04 	 1.07922e-04 	 1.68016e-05 
1.109 	 1.22960e-04 	 1.06423e-04 	 1.65374e-05 
1.106 	 1.21232e-04 	 1.04953e-04 	 1.62789e-05 
1.103 	 1.19538e-04 	 1.03512e-04 	 1.60260e-05 
1.101 	 1.17877e-04 	 1.02099e-04 	 1.57785e-05 
1.098 	 1.16249e-04 	 1.00713e-04 	 1.55363e-05 
1.095 	 1.14652e-04 	 9.93530e-05 	 1.52992e-05 
1.093 	 1.13086e-04 	 9.80192e-05 	 1.50671e-05 
1.090 	 1.11550e-04 	 9.67103e-05 	 1.48399e-05 
1.087 	 1.10043e-04 	 9.54259e-05 	 1.46173e-05 
1.085 	 1.08565e-04 	 9.41651e-05 	 1.43994e-05 
1.082 	 1.07113e-04 	 9.29275e-05 	 1.41859e-05 
1.079 	 1.05689e-04 	 9.17124e-05 	 1.39768e-05 
1.077 	 1.04291e-04 	 9.05192e-05 	 1.37720e-05 
1.074 	 1.02919e-04 	 8.93474e-05 	 1.35712e-05 
1.072 	 1.01571e-04 	 8.81964e-05 	 1.33745e-05 
1.069 	 1.00247e-04 	 8.70658e-05 	 1.31817e-05 
1.067 	 9.89476e-05 	 8.59549e-05 	 1.29927e-05 
1.064 	 9.76708e-05 	 8.48633e-05 	 1.28074e-05 
1.062 	 9.64164e-05 	 8.37906e-05 	 1.26258e-05 
1.059 	 9.51840e-05 	 8.27363e-05 	 1.24477e-05 
1.057 	 9.39729e-05 	 8.16999e-05 	 1.22730e-05 
1.054 	 9.27826e-05 	 8.06809e-05 	 1.21017e-05 
1.052 	 9.16127e-05 	 7.96791e-05 	 1.19336e-05 
1.049 	 9.04627e-05 	 7.86939e-05 	 1.17688e-05 
1.047 	 8.93320e-05 	 7.77249e-05 	 1.16071e-05 
1.044 	 8.82203e-05 	 7.67719e-05 	 1.14484e-05 
1.042 	 8.71270e-05 	 7.58344e-05 	 1.12927e-05 
1.039 	 8.60519e-05 	 7.49120e-05 	 1.11398e-05 
1.037 	 8.49943e-05 	 7.40045e-05 	 1.09898e-05 
1.035 	 8.39540e-05 	 7.31114e-05 	 1.08426e-05 
1.032 	 8.29305e-05 	 7.22325e-05 	 1.06980e-05 
1.030 	 8.19235e-05 	 7.13674e-05 	 1.05561e-05 
1.027 	 8.09325e-05 	 7.05158e-05 	 1.04168e-05 
1.025 	 7.99573e-05 	 6.96774e-05 	 1.02799e-05 
1.023 	 7.89974e-05 	 6.88519e-05 	 1.01455e-05 
1.020 	 7.80526e-05 	 6.80390e-05 	 1.00135e-05 
1.018 	 7.71224e-05 	 6.72385e-05 	 9.88386e-06 
1.016 	 7.62066e-05 	 6.64501e-05 	 9.75649e-06 
1.014 	 7.53048e-05 	 6.56735e-05 	 9.63136e-06 
1.011 	 7.44168e-05 	 6.49084e-05 	 9.50840e-06 
1.009 	 7.35422e-05 	 6.41546e-05 	 9.38759e-06 
1.007 	 7.26807e-05 	 6.34119e-05 	 9.26886e-06 
1.004 	 7.18321e-05 	 6.26800e-05 	 9.15217e-06 
1.002 	 7.09961e-05 	 6.19587e-05 	 9.03748e-06 
1.000 	 7.01725e-05 	 6.12477e-05 	 8.92474e-06 
