Energy [eV] Ext Cross [um^2] Abs Cross [um^2] Sca Cross [um^2] 
3.000 	 4.15332e-05 	 4.14930e-05 	 4.02537e-08 
2.980 	 4.31523e-05 	 4.30832e-05 	 6.90922e-08 
2.960 	 4.48671e-05 	 4.47569e-05 	 1.10146e-07 
2.941 	 4.65477e-05 	 4.63845e-05 	 1.63242e-07 
2.922 	 4.84496e-05 	 4.82203e-05 	 2.29298e-07 
2.903 	 5.06147e-05 	 5.03043e-05 	 3.10352e-07 
2.884 	 5.26493e-05 	 5.22467e-05 	 4.02587e-07 
2.866 	 5.50676e-05 	 5.45604e-05 	 5.07132e-07 
2.848 	 5.73285e-05 	 5.66982e-05 	 6.30321e-07 
2.830 	 5.95929e-05 	 5.88246e-05 	 7.68205e-07 
2.812 	 6.24850e-05 	 6.15642e-05 	 9.20751e-07 
2.794 	 6.54445e-05 	 6.43538e-05 	 1.09063e-06 
2.777 	 6.84417e-05 	 6.71631e-05 	 1.27864e-06 
2.760 	 7.16865e-05 	 7.02009e-05 	 1.48561e-06 
2.743 	 7.52519e-05 	 7.35393e-05 	 1.71258e-06 
2.726 	 7.91093e-05 	 7.71482e-05 	 1.96107e-06 
2.710 	 8.32691e-05 	 8.10365e-05 	 2.23254e-06 
2.694 	 8.75972e-05 	 8.50684e-05 	 2.52875e-06 
2.678 	 9.18513e-05 	 8.89999e-05 	 2.85146e-06 
2.662 	 9.62400e-05 	 9.30371e-05 	 3.20286e-06 
2.646 	 1.01034e-04 	 9.74483e-05 	 3.58540e-06 
2.630 	 1.06281e-04 	 1.02279e-04 	 4.00169e-06 
2.615 	 1.11977e-04 	 1.07522e-04 	 4.45481e-06 
2.600 	 1.18141e-04 	 1.13193e-04 	 4.94821e-06 
2.585 	 1.24804e-04 	 1.19318e-04 	 5.48579e-06 
2.570 	 1.32006e-04 	 1.25934e-04 	 6.07180e-06 
2.556 	 1.39797e-04 	 1.33086e-04 	 6.71113e-06 
2.541 	 1.48239e-04 	 1.40829e-04 	 7.40927e-06 
2.527 	 1.57401e-04 	 1.49228e-04 	 8.17270e-06 
2.513 	 1.67359e-04 	 1.58350e-04 	 9.00894e-06 
2.499 	 1.78200e-04 	 1.68273e-04 	 9.92630e-06 
2.485 	 1.90027e-04 	 1.79093e-04 	 1.09344e-05 
2.471 	 2.02961e-04 	 1.90917e-04 	 1.20443e-05 
2.458 	 2.17142e-04 	 2.03873e-04 	 1.32690e-05 
2.444 	 2.32733e-04 	 2.18109e-04 	 1.46236e-05 
2.431 	 2.49918e-04 	 2.33793e-04 	 1.61256e-05 
2.418 	 2.68918e-04 	 2.51123e-04 	 1.77954e-05 
2.405 	 2.89990e-04 	 2.70333e-04 	 1.96573e-05 
2.392 	 3.13441e-04 	 2.91701e-04 	 2.17400e-05 
2.379 	 3.39634e-04 	 3.15556e-04 	 2.40779e-05 
2.367 	 3.69003e-04 	 3.42291e-04 	 2.67120e-05 
2.354 	 4.02070e-04 	 3.72378e-04 	 2.96918e-05 
2.342 	 4.39466e-04 	 4.06389e-04 	 3.30775e-05 
2.330 	 4.81961e-04 	 4.45019e-04 	 3.69423e-05 
2.318 	 5.30502e-04 	 4.89126e-04 	 4.13763e-05 
2.306 	 5.86261e-04 	 5.39769e-04 	 4.64917e-05 
2.294 	 6.50704e-04 	 5.98275e-04 	 5.24290e-05 
2.282 	 7.25681e-04 	 6.66315e-04 	 5.93662e-05 
2.271 	 8.13550e-04 	 7.46020e-04 	 6.75305e-05 
2.259 	 9.17339e-04 	 8.40125e-04 	 7.72141e-05 
2.248 	 1.04099e-03 	 9.52189e-04 	 8.87979e-05 
2.237 	 1.18969e-03 	 1.08690e-03 	 1.02786e-04 
2.226 	 1.37039e-03 	 1.25054e-03 	 1.19853e-04 
2.215 	 1.59250e-03 	 1.45158e-03 	 1.40917e-04 
2.204 	 1.86892e-03 	 1.70168e-03 	 1.67241e-04 
2.193 	 2.21762e-03 	 2.01704e-03 	 2.00585e-04 
2.182 	 2.66388e-03 	 2.42044e-03 	 2.43438e-04 
2.172 	 3.24361e-03 	 2.94426e-03 	 2.99348e-04 
2.161 	 4.00785e-03 	 3.63446e-03 	 3.73381e-04 
2.151 	 5.02789e-03 	 4.55523e-03 	 4.72657e-04 
2.141 	 6.39775e-03 	 5.79109e-03 	 6.06653e-04 
2.131 	 8.22196e-03 	 7.43585e-03 	 7.86107e-04 
2.121 	 1.05565e-02 	 9.53920e-03 	 1.01734e-03 
2.111 	 1.32464e-02 	 1.19601e-02 	 1.28628e-03 
2.101 	 1.56739e-02 	 1.41408e-02 	 1.53308e-03 
2.091 	 1.67955e-02 	 1.51412e-02 	 1.65423e-03 
2.081 	 1.59744e-02 	 1.43905e-02 	 1.58383e-03 
2.072 	 1.37220e-02 	 1.23528e-02 	 1.36918e-03 
2.062 	 1.10787e-02 	 9.96655e-03 	 1.11216e-03 
2.053 	 8.72117e-03 	 7.84058e-03 	 8.80589e-04 
2.043 	 6.85025e-03 	 6.15472e-03 	 6.95523e-04 
2.034 	 5.43125e-03 	 4.87688e-03 	 5.54374e-04 
2.025 	 4.36698e-03 	 3.91898e-03 	 4.47999e-04 
2.016 	 3.56495e-03 	 3.19746e-03 	 3.67487e-04 
2.007 	 2.95343e-03 	 2.64758e-03 	 3.05852e-04 
1.998 	 2.48046e-03 	 2.22246e-03 	 2.57999e-04 
1.989 	 2.10919e-03 	 1.88889e-03 	 2.20300e-04 
1.980 	 1.81356e-03 	 1.62338e-03 	 1.90176e-04 
1.971 	 1.57497e-03 	 1.40919e-03 	 1.65782e-04 
1.963 	 1.38002e-03 	 1.23424e-03 	 1.45782e-04 
1.954 	 1.21888e-03 	 1.08968e-03 	 1.29199e-04 
1.946 	 1.08430e-03 	 9.68999e-04 	 1.15305e-04 
1.937 	 9.70829e-04 	 8.67274e-04 	 1.03554e-04 
1.929 	 8.74312e-04 	 7.80782e-04 	 9.35297e-05 
1.921 	 7.91568e-04 	 7.06658e-04 	 8.49104e-05 
1.913 	 7.20119e-04 	 6.42673e-04 	 7.74461e-05 
1.904 	 6.58012e-04 	 5.87073e-04 	 7.09394e-05 
1.896 	 6.03697e-04 	 5.38464e-04 	 6.52330e-05 
1.888 	 5.55926e-04 	 4.95726e-04 	 6.02004e-05 
1.881 	 5.13693e-04 	 4.57953e-04 	 5.57391e-05 
1.873 	 4.76172e-04 	 4.24407e-04 	 5.17652e-05 
1.865 	 4.42689e-04 	 3.94479e-04 	 4.82097e-05 
1.857 	 4.12683e-04 	 3.67667e-04 	 4.50153e-05 
1.849 	 3.85687e-04 	 3.43553e-04 	 4.21344e-05 
1.842 	 3.61312e-04 	 3.21785e-04 	 3.95268e-05 
1.834 	 3.39227e-04 	 3.02069e-04 	 3.71585e-05 
1.827 	 3.19153e-04 	 2.84153e-04 	 3.50009e-05 
1.819 	 3.00852e-04 	 2.67823e-04 	 3.30293e-05 
1.812 	 2.84121e-04 	 2.52898e-04 	 3.12228e-05 
1.805 	 2.68783e-04 	 2.39220e-04 	 2.95631e-05 
1.798 	 2.54688e-04 	 2.26653e-04 	 2.80346e-05 
1.790 	 2.41704e-04 	 2.15080e-04 	 2.66235e-05 
1.783 	 2.29716e-04 	 2.04398e-04 	 2.53181e-05 
1.776 	 2.18625e-04 	 1.94517e-04 	 2.41078e-05 
1.769 	 2.08341e-04 	 1.85358e-04 	 2.29834e-05 
1.762 	 1.98789e-04 	 1.76852e-04 	 2.19370e-05 
1.755 	 1.89898e-04 	 1.68937e-04 	 2.09613e-05 
1.749 	 1.81610e-04 	 1.61560e-04 	 2.00499e-05 
1.742 	 1.73870e-04 	 1.54672e-04 	 1.91974e-05 
1.735 	 1.66630e-04 	 1.48231e-04 	 1.83985e-05 
1.728 	 1.59848e-04 	 1.42199e-04 	 1.76489e-05 
1.722 	 1.53485e-04 	 1.36541e-04 	 1.69445e-05 
1.715 	 1.47508e-04 	 1.31226e-04 	 1.62817e-05 
1.709 	 1.41885e-04 	 1.26228e-04 	 1.56573e-05 
1.702 	 1.36589e-04 	 1.21520e-04 	 1.50681e-05 
1.696 	 1.31594e-04 	 1.17082e-04 	 1.45117e-05 
1.689 	 1.26877e-04 	 1.12892e-04 	 1.39856e-05 
1.683 	 1.22419e-04 	 1.08931e-04 	 1.34876e-05 
1.677 	 1.18200e-04 	 1.05184e-04 	 1.30157e-05 
1.670 	 1.14203e-04 	 1.01635e-04 	 1.25681e-05 
1.664 	 1.10413e-04 	 9.82702e-05 	 1.21430e-05 
1.658 	 1.06816e-04 	 9.50765e-05 	 1.17391e-05 
1.652 	 1.03397e-04 	 9.20424e-05 	 1.13548e-05 
1.646 	 1.00146e-04 	 8.91574e-05 	 1.09890e-05 
1.640 	 9.70521e-05 	 8.64117e-05 	 1.06404e-05 
1.634 	 9.41043e-05 	 8.37963e-05 	 1.03080e-05 
1.628 	 9.12937e-05 	 8.13030e-05 	 9.99067e-06 
1.622 	 8.86118e-05 	 7.89242e-05 	 9.68763e-06 
1.616 	 8.60508e-05 	 7.66528e-05 	 9.39797e-06 
1.610 	 8.36033e-05 	 7.44824e-05 	 9.12091e-06 
1.605 	 8.12626e-05 	 7.24069e-05 	 8.85572e-06 
1.599 	 7.90225e-05 	 7.04208e-05 	 8.60172e-06 
1.593 	 7.68772e-05 	 6.85189e-05 	 8.35828e-06 
1.588 	 7.48212e-05 	 6.66964e-05 	 8.12482e-06 
1.582 	 7.28496e-05 	 6.49488e-05 	 7.90079e-06 
1.576 	 7.09577e-05 	 6.32720e-05 	 7.68568e-06 
1.571 	 6.91413e-05 	 6.16622e-05 	 7.47903e-06 
1.565 	 6.73962e-05 	 6.01158e-05 	 7.28038e-06 
1.560 	 6.57187e-05 	 5.86294e-05 	 7.08933e-06 
1.555 	 6.41053e-05 	 5.71998e-05 	 6.90549e-06 
1.549 	 6.25528e-05 	 5.58243e-05 	 6.72850e-06 
1.544 	 6.10579e-05 	 5.44999e-05 	 6.55803e-06 
1.539 	 5.96179e-05 	 5.32241e-05 	 6.39374e-06 
1.533 	 5.82300e-05 	 5.19946e-05 	 6.23535e-06 
1.528 	 5.68917e-05 	 5.08091e-05 	 6.08257e-06 
1.523 	 5.56005e-05 	 4.96654e-05 	 5.93513e-06 
1.518 	 5.43544e-05 	 4.85616e-05 	 5.79280e-06 
1.513 	 5.31511e-05 	 4.74957e-05 	 5.65534e-06 
1.508 	 5.19886e-05 	 4.64661e-05 	 5.52252e-06 
1.503 	 5.08651e-05 	 4.54710e-05 	 5.39414e-06 
1.497 	 4.97788e-05 	 4.45088e-05 	 5.27000e-06 
1.493 	 4.87281e-05 	 4.35781e-05 	 5.14991e-06 
1.488 	 4.77113e-05 	 4.26776e-05 	 5.03371e-06 
1.483 	 4.67270e-05 	 4.18057e-05 	 4.92121e-06 
1.478 	 4.57737e-05 	 4.09614e-05 	 4.81228e-06 
1.473 	 4.48502e-05 	 4.01435e-05 	 4.70676e-06 
1.468 	 4.39552e-05 	 3.93507e-05 	 4.60450e-06 
1.463 	 4.30875e-05 	 3.85821e-05 	 4.50538e-06 
1.459 	 4.22459e-05 	 3.78367e-05 	 4.40926e-06 
1.454 	 4.14295e-05 	 3.71134e-05 	 4.31603e-06 
1.449 	 4.06371e-05 	 3.64115e-05 	 4.22558e-06 
1.444 	 3.98679e-05 	 3.57301e-05 	 4.13778e-06 
1.440 	 3.91208e-05 	 3.50683e-05 	 4.05255e-06 
1.435 	 3.83951e-05 	 3.44254e-05 	 3.96978e-06 
1.431 	 3.76900e-05 	 3.38006e-05 	 3.88938e-06 
1.426 	 3.70045e-05 	 3.31932e-05 	 3.81126e-06 
1.422 	 3.63379e-05 	 3.26026e-05 	 3.73534e-06 
1.417 	 3.56897e-05 	 3.20281e-05 	 3.66152e-06 
1.413 	 3.50589e-05 	 3.14692e-05 	 3.58974e-06 
1.408 	 3.44451e-05 	 3.09252e-05 	 3.51993e-06 
1.404 	 3.38476e-05 	 3.03956e-05 	 3.45200e-06 
1.399 	 3.32657e-05 	 2.98798e-05 	 3.38590e-06 
1.395 	 3.26991e-05 	 2.93775e-05 	 3.32156e-06 
1.391 	 3.21470e-05 	 2.88880e-05 	 3.25892e-06 
1.386 	 3.16090e-05 	 2.84110e-05 	 3.19791e-06 
1.382 	 3.10846e-05 	 2.79461e-05 	 3.13850e-06 
1.378 	 3.05733e-05 	 2.74927e-05 	 3.08061e-06 
1.374 	 3.00747e-05 	 2.70505e-05 	 3.02420e-06 
1.369 	 2.95884e-05 	 2.66191e-05 	 2.96922e-06 
1.365 	 2.91139e-05 	 2.61982e-05 	 2.91562e-06 
1.361 	 2.86508e-05 	 2.57874e-05 	 2.86336e-06 
1.357 	 2.81988e-05 	 2.53864e-05 	 2.81239e-06 
1.353 	 2.77575e-05 	 2.49949e-05 	 2.76267e-06 
1.349 	 2.73266e-05 	 2.46124e-05 	 2.71417e-06 
1.345 	 2.69057e-05 	 2.42388e-05 	 2.66683e-06 
1.341 	 2.64944e-05 	 2.38738e-05 	 2.62063e-06 
1.337 	 2.60926e-05 	 2.35170e-05 	 2.57553e-06 
1.333 	 2.56998e-05 	 2.31683e-05 	 2.53150e-06 
1.329 	 2.53159e-05 	 2.28274e-05 	 2.48850e-06 
1.325 	 2.49405e-05 	 2.24940e-05 	 2.44651e-06 
1.321 	 2.45733e-05 	 2.21678e-05 	 2.40548e-06 
1.317 	 2.42142e-05 	 2.18488e-05 	 2.36540e-06 
1.313 	 2.38629e-05 	 2.15367e-05 	 2.32623e-06 
1.309 	 2.35191e-05 	 2.12312e-05 	 2.28795e-06 
1.306 	 2.31827e-05 	 2.09321e-05 	 2.25053e-06 
1.302 	 2.28533e-05 	 2.06394e-05 	 2.21394e-06 
1.298 	 2.25309e-05 	 2.03527e-05 	 2.17817e-06 
1.294 	 2.22152e-05 	 2.00720e-05 	 2.14318e-06 
1.291 	 2.19059e-05 	 1.97970e-05 	 2.10896e-06 
1.287 	 2.16030e-05 	 1.95276e-05 	 2.07549e-06 
1.283 	 2.13063e-05 	 1.92635e-05 	 2.04274e-06 
1.280 	 2.10155e-05 	 1.90048e-05 	 2.01069e-06 
1.276 	 2.07305e-05 	 1.87512e-05 	 1.97933e-06 
1.272 	 2.04512e-05 	 1.85025e-05 	 1.94863e-06 
1.269 	 2.01773e-05 	 1.82587e-05 	 1.91857e-06 
1.265 	 1.99088e-05 	 1.80196e-05 	 1.88915e-06 
1.262 	 1.96454e-05 	 1.77851e-05 	 1.86033e-06 
1.258 	 1.93871e-05 	 1.75550e-05 	 1.83212e-06 
1.255 	 1.91338e-05 	 1.73293e-05 	 1.80448e-06 
1.251 	 1.88852e-05 	 1.71078e-05 	 1.77741e-06 
1.248 	 1.86413e-05 	 1.68904e-05 	 1.75088e-06 
1.244 	 1.84019e-05 	 1.66770e-05 	 1.72489e-06 
1.241 	 1.81669e-05 	 1.64675e-05 	 1.69943e-06 
1.237 	 1.79362e-05 	 1.62618e-05 	 1.67447e-06 
1.234 	 1.77098e-05 	 1.60598e-05 	 1.65000e-06 
1.230 	 1.74874e-05 	 1.58614e-05 	 1.62602e-06 
1.227 	 1.72690e-05 	 1.56665e-05 	 1.60251e-06 
1.224 	 1.70545e-05 	 1.54750e-05 	 1.57945e-06 
1.220 	 1.68437e-05 	 1.52869e-05 	 1.55685e-06 
1.217 	 1.66367e-05 	 1.51020e-05 	 1.53468e-06 
1.214 	 1.64333e-05 	 1.49203e-05 	 1.51293e-06 
1.211 	 1.62333e-05 	 1.47417e-05 	 1.49160e-06 
1.207 	 1.60368e-05 	 1.45662e-05 	 1.47067e-06 
1.204 	 1.58437e-05 	 1.43936e-05 	 1.45013e-06 
1.201 	 1.56538e-05 	 1.42238e-05 	 1.42998e-06 
1.198 	 1.54671e-05 	 1.40569e-05 	 1.41021e-06 
1.194 	 1.52835e-05 	 1.38927e-05 	 1.39080e-06 
1.191 	 1.51029e-05 	 1.37312e-05 	 1.37176e-06 
1.188 	 1.49253e-05 	 1.35723e-05 	 1.35306e-06 
1.185 	 1.47506e-05 	 1.34159e-05 	 1.33470e-06 
1.182 	 1.45788e-05 	 1.32621e-05 	 1.31668e-06 
1.179 	 1.44097e-05 	 1.31107e-05 	 1.29898e-06 
1.176 	 1.42432e-05 	 1.29617e-05 	 1.28160e-06 
1.173 	 1.40795e-05 	 1.28150e-05 	 1.26453e-06 
1.169 	 1.39183e-05 	 1.26705e-05 	 1.24776e-06 
1.166 	 1.37596e-05 	 1.25283e-05 	 1.23130e-06 
1.163 	 1.36034e-05 	 1.23883e-05 	 1.21512e-06 
1.160 	 1.34496e-05 	 1.22504e-05 	 1.19922e-06 
1.157 	 1.32982e-05 	 1.21146e-05 	 1.18361e-06 
1.154 	 1.31491e-05 	 1.19808e-05 	 1.16826e-06 
1.151 	 1.30022e-05 	 1.18490e-05 	 1.15318e-06 
1.149 	 1.28575e-05 	 1.17192e-05 	 1.13836e-06 
1.146 	 1.27150e-05 	 1.15912e-05 	 1.12379e-06 
1.143 	 1.25746e-05 	 1.14651e-05 	 1.10947e-06 
1.140 	 1.24363e-05 	 1.13409e-05 	 1.09540e-06 
1.137 	 1.23000e-05 	 1.12184e-05 	 1.08156e-06 
1.134 	 1.21656e-05 	 1.10977e-05 	 1.06795e-06 
1.131 	 1.20332e-05 	 1.09786e-05 	 1.05457e-06 
1.128 	 1.19027e-05 	 1.08613e-05 	 1.04142e-06 
1.125 	 1.17741e-05 	 1.07456e-05 	 1.02848e-06 
1.123 	 1.16472e-05 	 1.06315e-05 	 1.01576e-06 
1.120 	 1.15222e-05 	 1.05190e-05 	 1.00324e-06 
1.117 	 1.13989e-05 	 1.04080e-05 	 9.90930e-07 
1.114 	 1.12773e-05 	 1.02985e-05 	 9.78819e-07 
1.112 	 1.11574e-05 	 1.01905e-05 	 9.66905e-07 
1.109 	 1.10391e-05 	 1.00839e-05 	 9.55183e-07 
1.106 	 1.09225e-05 	 9.97882e-06 	 9.43650e-07 
1.103 	 1.08074e-05 	 9.87509e-06 	 9.32300e-07 
1.101 	 1.06938e-05 	 9.77271e-06 	 9.21132e-07 
1.098 	 1.05818e-05 	 9.67168e-06 	 9.10141e-07 
1.095 	 1.04713e-05 	 9.57196e-06 	 8.99323e-07 
1.093 	 1.03622e-05 	 9.47353e-06 	 8.88675e-07 
1.090 	 1.02546e-05 	 9.37636e-06 	 8.78194e-07 
1.087 	 1.01483e-05 	 9.28042e-06 	 8.67877e-07 
1.085 	 1.00434e-05 	 9.18570e-06 	 8.57720e-07 
1.082 	 9.93989e-06 	 9.09217e-06 	 8.47720e-07 
1.079 	 9.83768e-06 	 8.99981e-06 	 8.37873e-07 
1.077 	 9.73677e-06 	 8.90859e-06 	 8.28178e-07 
1.074 	 9.63712e-06 	 8.81849e-06 	 8.18631e-07 
1.072 	 9.53873e-06 	 8.72950e-06 	 8.09229e-07 
1.069 	 9.44156e-06 	 8.64159e-06 	 7.99970e-07 
1.067 	 9.34559e-06 	 8.55474e-06 	 7.90850e-07 
1.064 	 9.25080e-06 	 8.46893e-06 	 7.81868e-07 
1.062 	 9.15716e-06 	 8.38415e-06 	 7.73020e-07 
1.059 	 9.06467e-06 	 8.30036e-06 	 7.64303e-07 
1.057 	 8.97328e-06 	 8.21757e-06 	 7.55717e-07 
1.054 	 8.88300e-06 	 8.13574e-06 	 7.47257e-07 
1.052 	 8.79378e-06 	 8.05486e-06 	 7.38922e-07 
1.049 	 8.70563e-06 	 7.97492e-06 	 7.30710e-07 
1.047 	 8.61851e-06 	 7.89589e-06 	 7.22617e-07 
1.044 	 8.53241e-06 	 7.81776e-06 	 7.14643e-07 
1.042 	 8.44731e-06 	 7.74052e-06 	 7.06784e-07 
1.039 	 8.36319e-06 	 7.66415e-06 	 6.99039e-07 
1.037 	 8.28004e-06 	 7.58863e-06 	 6.91405e-07 
1.035 	 8.19784e-06 	 7.51396e-06 	 6.83881e-07 
1.032 	 8.11657e-06 	 7.44011e-06 	 6.76465e-07 
1.030 	 8.03622e-06 	 7.36706e-06 	 6.69154e-07 
1.027 	 7.95677e-06 	 7.29482e-06 	 6.61947e-07 
1.025 	 7.87820e-06 	 7.22336e-06 	 6.54842e-07 
1.023 	 7.80051e-06 	 7.15267e-06 	 6.47837e-07 
1.020 	 7.72367e-06 	 7.08274e-06 	 6.40930e-07 
1.018 	 7.64767e-06 	 7.01355e-06 	 6.34121e-07 
1.016 	 7.57250e-06 	 6.94509e-06 	 6.27406e-07 
1.014 	 7.49814e-06 	 6.87736e-06 	 6.20784e-07 
1.011 	 7.42458e-06 	 6.81032e-06 	 6.14254e-07 
1.009 	 7.35180e-06 	 6.74399e-06 	 6.07814e-07 
1.007 	 7.27980e-06 	 6.67834e-06 	 6.01462e-07 
1.004 	 7.20856e-06 	 6.61336e-06 	 5.95197e-07 
1.002 	 7.13806e-06 	 6.54904e-06 	 5.89018e-07 
1.000 	 7.06829e-06 	 6.48537e-06 	 5.82923e-07 
