Energy [eV] Ext Cross [um^2] Abs Cross [um^2] Sca Cross [um^2] 
3.000 	 1.52382e-04 	 1.37342e-04 	 1.50396e-05 
2.992 	 1.55202e-04 	 1.39209e-04 	 1.59931e-05 
2.985 	 1.58109e-04 	 1.41128e-04 	 1.69801e-05 
2.978 	 1.61094e-04 	 1.43093e-04 	 1.80007e-05 
2.970 	 1.64151e-04 	 1.45096e-04 	 1.90549e-05 
2.963 	 1.67261e-04 	 1.47119e-04 	 2.01419e-05 
2.955 	 1.70390e-04 	 1.49129e-04 	 2.12610e-05 
2.948 	 1.73489e-04 	 1.51078e-04 	 2.24108e-05 
2.941 	 1.76588e-04 	 1.52996e-04 	 2.35922e-05 
2.934 	 1.79844e-04 	 1.55033e-04 	 2.48105e-05 
2.926 	 1.83347e-04 	 1.57275e-04 	 2.60715e-05 
2.919 	 1.87100e-04 	 1.59718e-04 	 2.73819e-05 
2.912 	 1.91005e-04 	 1.62256e-04 	 2.87486e-05 
2.905 	 1.94918e-04 	 1.64755e-04 	 3.01623e-05 
2.898 	 1.98754e-04 	 1.67154e-04 	 3.15997e-05 
2.891 	 2.02508e-04 	 1.69461e-04 	 3.30476e-05 
2.884 	 2.06301e-04 	 1.71794e-04 	 3.45069e-05 
2.877 	 2.10414e-04 	 1.74420e-04 	 3.59933e-05 
2.870 	 2.14855e-04 	 1.77324e-04 	 3.75316e-05 
2.863 	 2.19321e-04 	 1.80182e-04 	 3.91396e-05 
2.856 	 2.23663e-04 	 1.82839e-04 	 4.08238e-05 
2.850 	 2.27873e-04 	 1.85296e-04 	 4.25764e-05 
2.843 	 2.32040e-04 	 1.87668e-04 	 4.43724e-05 
2.836 	 2.36349e-04 	 1.90155e-04 	 4.61934e-05 
2.829 	 2.40980e-04 	 1.92933e-04 	 4.80471e-05 
2.823 	 2.45994e-04 	 1.96053e-04 	 4.99415e-05 
2.816 	 2.51329e-04 	 1.99446e-04 	 5.18833e-05 
2.809 	 2.56805e-04 	 2.02926e-04 	 5.38785e-05 
2.803 	 2.62240e-04 	 2.06309e-04 	 5.59312e-05 
2.796 	 2.67670e-04 	 2.09628e-04 	 5.80413e-05 
2.790 	 2.73153e-04 	 2.12945e-04 	 6.02082e-05 
2.783 	 2.78738e-04 	 2.16306e-04 	 6.24323e-05 
2.777 	 2.84460e-04 	 2.19746e-04 	 6.47144e-05 
2.770 	 2.90343e-04 	 2.23287e-04 	 6.70561e-05 
2.764 	 2.96403e-04 	 2.26945e-04 	 6.94584e-05 
2.758 	 3.02650e-04 	 2.30728e-04 	 7.19221e-05 
2.751 	 3.09084e-04 	 2.34635e-04 	 7.44490e-05 
2.745 	 3.15696e-04 	 2.38655e-04 	 7.70412e-05 
2.739 	 3.22472e-04 	 2.42770e-04 	 7.97016e-05 
2.732 	 3.29401e-04 	 2.46968e-04 	 8.24328e-05 
2.726 	 3.36495e-04 	 2.51259e-04 	 8.52360e-05 
2.720 	 3.43768e-04 	 2.55656e-04 	 8.81130e-05 
2.714 	 3.51231e-04 	 2.60166e-04 	 9.10655e-05 
2.707 	 3.58893e-04 	 2.64797e-04 	 9.40959e-05 
2.701 	 3.66763e-04 	 2.69556e-04 	 9.72070e-05 
2.695 	 3.74850e-04 	 2.74449e-04 	 1.00401e-04 
2.689 	 3.83164e-04 	 2.79484e-04 	 1.03680e-04 
2.683 	 3.91714e-04 	 2.84667e-04 	 1.07047e-04 
2.677 	 4.00509e-04 	 2.90004e-04 	 1.10505e-04 
2.671 	 4.09556e-04 	 2.95500e-04 	 1.14056e-04 
2.665 	 4.18865e-04 	 3.01161e-04 	 1.17704e-04 
2.659 	 4.28447e-04 	 3.06995e-04 	 1.21452e-04 
2.653 	 4.38316e-04 	 3.13013e-04 	 1.25302e-04 
2.647 	 4.48486e-04 	 3.19227e-04 	 1.29259e-04 
2.642 	 4.58973e-04 	 3.25647e-04 	 1.33326e-04 
2.636 	 4.69792e-04 	 3.32287e-04 	 1.37505e-04 
2.630 	 4.80963e-04 	 3.39161e-04 	 1.41802e-04 
2.624 	 4.92503e-04 	 3.46284e-04 	 1.46219e-04 
2.618 	 5.04437e-04 	 3.53675e-04 	 1.50762e-04 
2.613 	 5.16789e-04 	 3.61354e-04 	 1.55434e-04 
2.607 	 5.29584e-04 	 3.69344e-04 	 1.60240e-04 
2.601 	 5.42854e-04 	 3.77669e-04 	 1.65185e-04 
2.596 	 5.56628e-04 	 3.86355e-04 	 1.70273e-04 
2.590 	 5.70942e-04 	 3.95432e-04 	 1.75510e-04 
2.584 	 5.85834e-04 	 4.04934e-04 	 1.80900e-04 
2.579 	 6.01349e-04 	 4.14898e-04 	 1.86451e-04 
2.573 	 6.17540e-04 	 4.25373e-04 	 1.92167e-04 
2.568 	 6.34471e-04 	 4.36414e-04 	 1.98057e-04 
2.562 	 6.52222e-04 	 4.48093e-04 	 2.04129e-04 
2.557 	 6.70887e-04 	 4.60497e-04 	 2.10390e-04 
2.551 	 6.90577e-04 	 4.73727e-04 	 2.16849e-04 
2.546 	 7.11420e-04 	 4.87905e-04 	 2.23515e-04 
2.540 	 7.33565e-04 	 5.03169e-04 	 2.30396e-04 
2.535 	 7.57192e-04 	 5.19690e-04 	 2.37502e-04 
2.530 	 7.82518e-04 	 5.37674e-04 	 2.44844e-04 
2.524 	 8.09807e-04 	 5.57374e-04 	 2.52432e-04 
2.519 	 8.39365e-04 	 5.79086e-04 	 2.60280e-04 
2.514 	 8.71532e-04 	 6.03134e-04 	 2.68398e-04 
2.508 	 9.06646e-04 	 6.29844e-04 	 2.76801e-04 
2.503 	 9.44985e-04 	 6.59482e-04 	 2.85503e-04 
2.498 	 9.86651e-04 	 6.92137e-04 	 2.94514e-04 
2.493 	 1.03138e-03 	 7.27537e-04 	 3.03846e-04 
2.487 	 1.07829e-03 	 7.64783e-04 	 3.13504e-04 
2.482 	 1.12556e-03 	 8.02075e-04 	 3.23483e-04 
2.477 	 1.17041e-03 	 8.36637e-04 	 3.33773e-04 
2.472 	 1.20947e-03 	 8.65116e-04 	 3.44358e-04 
2.467 	 1.23986e-03 	 8.84633e-04 	 3.55224e-04 
2.462 	 1.26041e-03 	 8.94029e-04 	 3.66378e-04 
2.457 	 1.27232e-03 	 8.94475e-04 	 3.77845e-04 
2.452 	 1.27857e-03 	 8.88898e-04 	 3.89672e-04 
2.447 	 1.28264e-03 	 8.80731e-04 	 4.01908e-04 
2.442 	 1.28744e-03 	 8.72840e-04 	 4.14603e-04 
2.437 	 1.29489e-03 	 8.67098e-04 	 4.27795e-04 
2.432 	 1.30598e-03 	 8.64461e-04 	 4.41519e-04 
2.427 	 1.32104e-03 	 8.65243e-04 	 4.55802e-04 
2.422 	 1.34006e-03 	 8.69391e-04 	 4.70671e-04 
2.417 	 1.36283e-03 	 8.76681e-04 	 4.86152e-04 
2.412 	 1.38911e-03 	 8.86834e-04 	 5.02272e-04 
2.407 	 1.41864e-03 	 8.99577e-04 	 5.19062e-04 
2.402 	 1.45122e-03 	 9.14670e-04 	 5.36551e-04 
2.398 	 1.48669e-03 	 9.31916e-04 	 5.54774e-04 
2.393 	 1.52493e-03 	 9.51158e-04 	 5.73769e-04 
2.388 	 1.56586e-03 	 9.72280e-04 	 5.93575e-04 
2.383 	 1.60943e-03 	 9.95199e-04 	 6.14235e-04 
2.378 	 1.65566e-03 	 1.01986e-03 	 6.35794e-04 
2.374 	 1.70454e-03 	 1.04624e-03 	 6.58303e-04 
2.369 	 1.75613e-03 	 1.07432e-03 	 6.81813e-04 
2.364 	 1.81050e-03 	 1.10411e-03 	 7.06382e-04 
2.360 	 1.86772e-03 	 1.13565e-03 	 7.32071e-04 
2.355 	 1.92792e-03 	 1.16897e-03 	 7.58945e-04 
2.350 	 1.99121e-03 	 1.20413e-03 	 7.87076e-04 
2.346 	 2.05773e-03 	 1.24119e-03 	 8.16537e-04 
2.341 	 2.12765e-03 	 1.28024e-03 	 8.47411e-04 
2.337 	 2.20114e-03 	 1.32136e-03 	 8.79783e-04 
2.332 	 2.27840e-03 	 1.36465e-03 	 9.13749e-04 
2.327 	 2.35964e-03 	 1.41023e-03 	 9.49408e-04 
2.323 	 2.44510e-03 	 1.45823e-03 	 9.86870e-04 
2.318 	 2.53503e-03 	 1.50877e-03 	 1.02625e-03 
2.314 	 2.62971e-03 	 1.56203e-03 	 1.06768e-03 
2.309 	 2.72945e-03 	 1.61816e-03 	 1.11129e-03 
2.305 	 2.83457e-03 	 1.67733e-03 	 1.15724e-03 
2.301 	 2.94544e-03 	 1.73976e-03 	 1.20568e-03 
2.296 	 3.06245e-03 	 1.80566e-03 	 1.25679e-03 
2.292 	 3.18602e-03 	 1.87526e-03 	 1.31075e-03 
2.287 	 3.31660e-03 	 1.94882e-03 	 1.36778e-03 
2.283 	 3.45471e-03 	 2.02661e-03 	 1.42810e-03 
2.279 	 3.60089e-03 	 2.10894e-03 	 1.49194e-03 
2.274 	 3.75572e-03 	 2.19615e-03 	 1.55958e-03 
2.270 	 3.91986e-03 	 2.28857e-03 	 1.63129e-03 
2.266 	 4.09400e-03 	 2.38662e-03 	 1.70738e-03 
2.261 	 4.27891e-03 	 2.49071e-03 	 1.78820e-03 
2.257 	 4.47543e-03 	 2.60131e-03 	 1.87412e-03 
2.253 	 4.68446e-03 	 2.71893e-03 	 1.96553e-03 
2.249 	 4.90699e-03 	 2.84411e-03 	 2.06288e-03 
2.244 	 5.14412e-03 	 2.97746e-03 	 2.16665e-03 
2.240 	 5.39702e-03 	 3.11965e-03 	 2.27736e-03 
2.236 	 5.66699e-03 	 3.27139e-03 	 2.39559e-03 
2.232 	 5.95544e-03 	 3.43347e-03 	 2.52197e-03 
2.228 	 6.26392e-03 	 3.60675e-03 	 2.65718e-03 
2.223 	 6.59412e-03 	 3.79216e-03 	 2.80196e-03 
2.219 	 6.94787e-03 	 3.99073e-03 	 2.95714e-03 
2.215 	 7.32716e-03 	 4.20356e-03 	 3.12361e-03 
2.211 	 7.73418e-03 	 4.43185e-03 	 3.30232e-03 
2.207 	 8.17126e-03 	 4.67692e-03 	 3.49434e-03 
2.203 	 8.64094e-03 	 4.94016e-03 	 3.70077e-03 
2.199 	 9.14594e-03 	 5.22309e-03 	 3.92285e-03 
2.195 	 9.68919e-03 	 5.52731e-03 	 4.16188e-03 
2.191 	 1.02738e-02 	 5.85454e-03 	 4.41922e-03 
2.187 	 1.09029e-02 	 6.20657e-03 	 4.69636e-03 
2.183 	 1.15801e-02 	 6.58526e-03 	 4.99479e-03 
2.179 	 1.23086e-02 	 6.99252e-03 	 5.31608e-03 
2.175 	 1.30920e-02 	 7.43025e-03 	 5.66179e-03 
2.171 	 1.39337e-02 	 7.90027e-03 	 6.03343e-03 
2.167 	 1.48367e-02 	 8.40426e-03 	 6.43242e-03 
2.163 	 1.58036e-02 	 8.94365e-03 	 6.85997e-03 
2.159 	 1.68364e-02 	 9.51945e-03 	 7.31699e-03 
2.155 	 1.79360e-02 	 1.01321e-02 	 7.80393e-03 
2.151 	 1.91017e-02 	 1.07811e-02 	 8.32060e-03 
2.147 	 2.03311e-02 	 1.14652e-02 	 8.86599e-03 
2.144 	 2.16192e-02 	 1.21812e-02 	 9.43794e-03 
2.140 	 2.29577e-02 	 1.29247e-02 	 1.00330e-02 
2.136 	 2.43348e-02 	 1.36889e-02 	 1.06458e-02 
2.132 	 2.57342e-02 	 1.44647e-02 	 1.12695e-02 
2.128 	 2.71348e-02 	 1.52401e-02 	 1.18947e-02 
2.125 	 2.85108e-02 	 1.60007e-02 	 1.25100e-02 
2.121 	 2.98315e-02 	 1.67295e-02 	 1.31020e-02 
2.117 	 3.10627e-02 	 1.74073e-02 	 1.36554e-02 
2.113 	 3.21678e-02 	 1.80137e-02 	 1.41541e-02 
2.110 	 3.31100e-02 	 1.85284e-02 	 1.45815e-02 
2.106 	 3.38550e-02 	 1.89325e-02 	 1.49226e-02 
2.102 	 3.43742e-02 	 1.92100e-02 	 1.51642e-02 
2.098 	 3.46470e-02 	 1.93498e-02 	 1.52972e-02 
2.095 	 3.46627e-02 	 1.93463e-02 	 1.53165e-02 
2.091 	 3.44224e-02 	 1.92002e-02 	 1.52222e-02 
2.087 	 3.39380e-02 	 1.89185e-02 	 1.50195e-02 
2.084 	 3.32313e-02 	 1.85135e-02 	 1.47177e-02 
2.080 	 3.23315e-02 	 1.80018e-02 	 1.43297e-02 
2.077 	 3.12728e-02 	 1.74025e-02 	 1.38703e-02 
2.073 	 3.00914e-02 	 1.67358e-02 	 1.33556e-02 
2.069 	 2.88228e-02 	 1.60216e-02 	 1.28012e-02 
2.066 	 2.75001e-02 	 1.52783e-02 	 1.22217e-02 
2.062 	 2.61524e-02 	 1.45222e-02 	 1.16302e-02 
2.059 	 2.48046e-02 	 1.37669e-02 	 1.10377e-02 
2.055 	 2.34766e-02 	 1.30235e-02 	 1.04531e-02 
2.052 	 2.21838e-02 	 1.23005e-02 	 9.88330e-03 
2.048 	 2.09376e-02 	 1.16042e-02 	 9.33344e-03 
2.045 	 1.97458e-02 	 1.09387e-02 	 8.80705e-03 
2.041 	 1.86132e-02 	 1.03068e-02 	 8.30639e-03 
2.038 	 1.75424e-02 	 9.70979e-03 	 7.83265e-03 
2.034 	 1.65342e-02 	 9.14797e-03 	 7.38623e-03 
2.031 	 1.55878e-02 	 8.62091e-03 	 6.96689e-03 
2.027 	 1.47016e-02 	 8.12766e-03 	 6.57396e-03 
2.024 	 1.38733e-02 	 7.66687e-03 	 6.20646e-03 
2.020 	 1.31002e-02 	 7.23696e-03 	 5.86320e-03 
2.017 	 1.23791e-02 	 6.83619e-03 	 5.54286e-03 
2.013 	 1.17069e-02 	 6.46280e-03 	 5.24410e-03 
2.010 	 1.10805e-02 	 6.11499e-03 	 4.96552e-03 
2.007 	 1.04968e-02 	 5.79100e-03 	 4.70578e-03 
2.003 	 9.95270e-03 	 5.48915e-03 	 4.46355e-03 
2.000 	 9.44542e-03 	 5.20782e-03 	 4.23759e-03 
