Energy [eV] Ext Cross [um^2] Abs Cross [um^2] Sca Cross [um^2] 
3.000 	 8.32212e-05 	 8.30691e-05 	 1.52035e-07 
2.960 	 9.01842e-05 	 8.97668e-05 	 4.17419e-07 
2.922 	 9.77775e-05 	 9.69055e-05 	 8.72051e-07 
2.884 	 1.06764e-04 	 1.05228e-04 	 1.53666e-06 
2.848 	 1.16881e-04 	 1.14467e-04 	 2.41484e-06 
2.812 	 1.28167e-04 	 1.24626e-04 	 3.54114e-06 
2.777 	 1.41327e-04 	 1.36389e-04 	 4.93743e-06 
2.743 	 1.56590e-04 	 1.49949e-04 	 6.64114e-06 
2.710 	 1.74834e-04 	 1.66141e-04 	 8.69306e-06 
2.678 	 1.94071e-04 	 1.82928e-04 	 1.11429e-05 
2.646 	 2.14679e-04 	 2.00601e-04 	 1.40774e-05 
2.615 	 2.39718e-04 	 2.22133e-04 	 1.75852e-05 
2.585 	 2.69490e-04 	 2.47711e-04 	 2.17789e-05 
2.556 	 3.04778e-04 	 2.77979e-04 	 2.67990e-05 
2.527 	 3.46155e-04 	 3.13333e-04 	 3.28215e-05 
2.499 	 3.95190e-04 	 3.55050e-04 	 4.01403e-05 
2.471 	 4.54486e-04 	 4.05395e-04 	 4.90910e-05 
2.444 	 5.26784e-04 	 4.66658e-04 	 6.01267e-05 
2.418 	 6.15899e-04 	 5.42016e-04 	 7.38829e-05 
2.392 	 7.27220e-04 	 6.35967e-04 	 9.12533e-05 
2.367 	 8.68516e-04 	 7.54990e-04 	 1.13527e-04 
2.342 	 1.05118e-03 	 9.08574e-04 	 1.42604e-04 
2.318 	 1.29242e-03 	 1.11105e-03 	 1.81369e-04 
2.294 	 1.61914e-03 	 1.38479e-03 	 2.34347e-04 
2.271 	 2.07507e-03 	 1.76613e-03 	 3.08937e-04 
2.248 	 2.73421e-03 	 2.31649e-03 	 4.17724e-04 
2.226 	 3.72788e-03 	 3.14472e-03 	 5.83160e-04 
2.204 	 5.30076e-03 	 4.45339e-03 	 8.47368e-04 
2.182 	 7.92282e-03 	 6.63089e-03 	 1.29193e-03 
2.161 	 1.24564e-02 	 1.03879e-02 	 2.06854e-03 
2.141 	 1.99127e-02 	 1.65503e-02 	 3.36240e-03 
2.121 	 2.81975e-02 	 2.33627e-02 	 4.83479e-03 
2.101 	 2.81796e-02 	 2.32796e-02 	 4.89999e-03 
2.081 	 2.00816e-02 	 1.65446e-02 	 3.53703e-03 
2.062 	 1.28299e-02 	 1.05434e-02 	 2.28650e-03 
2.043 	 8.36771e-03 	 6.86033e-03 	 1.50738e-03 
2.025 	 5.74374e-03 	 4.69884e-03 	 1.04490e-03 
2.007 	 4.14293e-03 	 3.38247e-03 	 7.60461e-04 
1.989 	 3.11528e-03 	 2.53877e-03 	 5.76510e-04 
1.971 	 2.42330e-03 	 1.97151e-03 	 4.51785e-04 
1.954 	 1.93774e-03 	 1.57405e-03 	 3.63689e-04 
1.937 	 1.58490e-03 	 1.28563e-03 	 2.99269e-04 
1.921 	 1.32083e-03 	 1.07006e-03 	 2.50767e-04 
1.904 	 1.11822e-03 	 9.04882e-04 	 2.13340e-04 
1.888 	 9.59458e-04 	 7.75612e-04 	 1.83847e-04 
1.873 	 8.32754e-04 	 6.72572e-04 	 1.60182e-04 
1.857 	 7.30013e-04 	 5.89119e-04 	 1.40894e-04 
1.842 	 6.45534e-04 	 5.20579e-04 	 1.24955e-04 
1.827 	 5.75215e-04 	 4.63591e-04 	 1.11625e-04 
1.812 	 5.16043e-04 	 4.15687e-04 	 1.00356e-04 
1.798 	 4.65769e-04 	 3.75029e-04 	 9.07398e-05 
1.783 	 4.22683e-04 	 3.40219e-04 	 8.24634e-05 
1.769 	 3.85466e-04 	 3.10180e-04 	 7.52854e-05 
1.755 	 3.53087e-04 	 2.84070e-04 	 6.90165e-05 
1.742 	 3.24734e-04 	 2.61227e-04 	 6.35069e-05 
1.728 	 2.99760e-04 	 2.41123e-04 	 5.86369e-05 
1.715 	 2.77642e-04 	 2.23332e-04 	 5.43096e-05 
1.702 	 2.57955e-04 	 2.07509e-04 	 5.04460e-05 
1.689 	 2.40352e-04 	 1.93371e-04 	 4.69810e-05 
1.677 	 2.24545e-04 	 1.80685e-04 	 4.38607e-05 
1.664 	 2.10294e-04 	 1.69254e-04 	 4.10401e-05 
1.652 	 1.97398e-04 	 1.58917e-04 	 3.84815e-05 
1.640 	 1.85688e-04 	 1.49535e-04 	 3.61528e-05 
1.628 	 1.75021e-04 	 1.40994e-04 	 3.40269e-05 
1.616 	 1.65274e-04 	 1.33193e-04 	 3.20806e-05 
1.605 	 1.56343e-04 	 1.26049e-04 	 3.02939e-05 
1.593 	 1.48137e-04 	 1.19488e-04 	 2.86497e-05 
1.582 	 1.40580e-04 	 1.13447e-04 	 2.71329e-05 
1.571 	 1.33601e-04 	 1.07871e-04 	 2.57307e-05 
1.560 	 1.27144e-04 	 1.02713e-04 	 2.44315e-05 
1.549 	 1.21157e-04 	 9.79314e-05 	 2.32255e-05 
1.539 	 1.15593e-04 	 9.34895e-05 	 2.21038e-05 
1.528 	 1.10414e-04 	 8.93551e-05 	 2.10588e-05 
1.518 	 1.05583e-04 	 8.55000e-05 	 2.00835e-05 
1.508 	 1.01071e-04 	 8.18987e-05 	 1.91719e-05 
1.497 	 9.68475e-05 	 7.85290e-05 	 1.83185e-05 
1.488 	 9.28892e-05 	 7.53708e-05 	 1.75184e-05 
1.478 	 8.91735e-05 	 7.24063e-05 	 1.67672e-05 
1.468 	 8.56805e-05 	 6.96194e-05 	 1.60611e-05 
1.459 	 8.23924e-05 	 6.69959e-05 	 1.53965e-05 
1.449 	 7.92931e-05 	 6.45229e-05 	 1.47702e-05 
1.440 	 7.63681e-05 	 6.21887e-05 	 1.41793e-05 
1.431 	 7.36041e-05 	 5.99828e-05 	 1.36213e-05 
1.422 	 7.09894e-05 	 5.78957e-05 	 1.30937e-05 
1.413 	 6.85129e-05 	 5.59185e-05 	 1.25944e-05 
1.404 	 6.61647e-05 	 5.40434e-05 	 1.21213e-05 
1.395 	 6.39360e-05 	 5.22633e-05 	 1.16728e-05 
1.386 	 6.18186e-05 	 5.05715e-05 	 1.12471e-05 
1.378 	 5.98049e-05 	 4.89622e-05 	 1.08427e-05 
1.369 	 5.78882e-05 	 4.74299e-05 	 1.04583e-05 
1.361 	 5.60620e-05 	 4.59694e-05 	 1.00926e-05 
1.353 	 5.43206e-05 	 4.45763e-05 	 9.74432e-06 
1.345 	 5.26587e-05 	 4.32462e-05 	 9.41249e-06 
1.337 	 5.10713e-05 	 4.19752e-05 	 9.09608e-06 
1.329 	 4.95538e-05 	 4.07597e-05 	 8.79416e-06 
1.321 	 4.81021e-05 	 3.95962e-05 	 8.50587e-06 
1.313 	 4.67123e-05 	 3.84819e-05 	 8.23042e-06 
1.306 	 4.53808e-05 	 3.74137e-05 	 7.96707e-06 
1.298 	 4.41042e-05 	 3.63891e-05 	 7.71514e-06 
1.291 	 4.28795e-05 	 3.54055e-05 	 7.47399e-06 
1.283 	 4.17038e-05 	 3.44608e-05 	 7.24303e-06 
1.276 	 4.05744e-05 	 3.35526e-05 	 7.02170e-06 
1.269 	 3.94887e-05 	 3.26792e-05 	 6.80949e-06 
1.262 	 3.84444e-05 	 3.18385e-05 	 6.60592e-06 
1.255 	 3.74395e-05 	 3.10289e-05 	 6.41054e-06 
1.248 	 3.64717e-05 	 3.02488e-05 	 6.22292e-06 
1.241 	 3.55393e-05 	 2.94967e-05 	 6.04267e-06 
1.234 	 3.46405e-05 	 2.87710e-05 	 5.86943e-06 
1.227 	 3.37735e-05 	 2.80707e-05 	 5.70284e-06 
1.220 	 3.29369e-05 	 2.73943e-05 	 5.54257e-06 
1.214 	 3.21290e-05 	 2.67407e-05 	 5.38833e-06 
1.207 	 3.13487e-05 	 2.61089e-05 	 5.23982e-06 
1.201 	 3.05945e-05 	 2.54977e-05 	 5.09678e-06 
1.194 	 2.98652e-05 	 2.49062e-05 	 4.95894e-06 
1.188 	 2.91597e-05 	 2.43336e-05 	 4.82606e-06 
1.182 	 2.84768e-05 	 2.37789e-05 	 4.69792e-06 
1.176 	 2.78157e-05 	 2.32414e-05 	 4.57431e-06 
1.169 	 2.71753e-05 	 2.27202e-05 	 4.45502e-06 
1.163 	 2.65546e-05 	 2.22147e-05 	 4.33986e-06 
1.157 	 2.59529e-05 	 2.17242e-05 	 4.22865e-06 
1.151 	 2.53693e-05 	 2.12480e-05 	 4.12121e-06 
1.146 	 2.48030e-05 	 2.07856e-05 	 4.01739e-06 
1.140 	 2.42533e-05 	 2.03363e-05 	 3.91703e-06 
1.134 	 2.37195e-05 	 1.98995e-05 	 3.81999e-06 
1.128 	 2.32010e-05 	 1.94749e-05 	 3.72613e-06 
1.123 	 2.26971e-05 	 1.90618e-05 	 3.63531e-06 
1.117 	 2.22072e-05 	 1.86598e-05 	 3.54741e-06 
1.112 	 2.17309e-05 	 1.82685e-05 	 3.46231e-06 
1.106 	 2.12674e-05 	 1.78875e-05 	 3.37991e-06 
1.101 	 2.08164e-05 	 1.75163e-05 	 3.30009e-06 
1.095 	 2.03774e-05 	 1.71546e-05 	 3.22275e-06 
1.090 	 1.99498e-05 	 1.68020e-05 	 3.14780e-06 
1.085 	 1.95333e-05 	 1.64582e-05 	 3.07513e-06 
1.079 	 1.91275e-05 	 1.61228e-05 	 3.00468e-06 
1.074 	 1.87319e-05 	 1.57955e-05 	 2.93634e-06 
1.069 	 1.83461e-05 	 1.54761e-05 	 2.87004e-06 
1.064 	 1.79698e-05 	 1.51641e-05 	 2.80571e-06 
1.059 	 1.76027e-05 	 1.48595e-05 	 2.74327e-06 
1.054 	 1.72444e-05 	 1.45618e-05 	 2.68264e-06 
1.049 	 1.68946e-05 	 1.42709e-05 	 2.62378e-06 
1.044 	 1.65530e-05 	 1.39864e-05 	 2.56660e-06 
1.039 	 1.62194e-05 	 1.37083e-05 	 2.51106e-06 
1.035 	 1.58933e-05 	 1.34363e-05 	 2.45709e-06 
1.030 	 1.55747e-05 	 1.31701e-05 	 2.40463e-06 
1.025 	 1.52632e-05 	 1.29096e-05 	 2.35364e-06 
1.020 	 1.49586e-05 	 1.26545e-05 	 2.30406e-06 
1.016 	 1.46606e-05 	 1.24048e-05 	 2.25585e-06 
1.011 	 1.43691e-05 	 1.21602e-05 	 2.20895e-06 
1.007 	 1.40838e-05 	 1.19205e-05 	 2.16332e-06 
1.002 	 1.38045e-05 	 1.16856e-05 	 2.11892e-06 
0.998 	 1.35311e-05 	 1.14553e-05 	 2.07572e-06 
0.993 	 1.32632e-05 	 1.12296e-05 	 2.03366e-06 
0.989 	 1.30008e-05 	 1.10081e-05 	 1.99271e-06 
0.985 	 1.27437e-05 	 1.07909e-05 	 1.95283e-06 
0.980 	 1.24917e-05 	 1.05777e-05 	 1.91399e-06 
0.976 	 1.22446e-05 	 1.03685e-05 	 1.87616e-06 
0.972 	 1.20024e-05 	 1.01631e-05 	 1.83930e-06 
0.968 	 1.17648e-05 	 9.96137e-06 	 1.80338e-06 
0.963 	 1.15316e-05 	 9.76327e-06 	 1.76838e-06 
0.959 	 1.13029e-05 	 9.56865e-06 	 1.73425e-06 
0.955 	 1.10784e-05 	 9.37742e-06 	 1.70099e-06 
0.951 	 1.08580e-05 	 9.18947e-06 	 1.66855e-06 
0.947 	 1.06416e-05 	 9.00470e-06 	 1.63691e-06 
0.943 	 1.04291e-05 	 8.82303e-06 	 1.60606e-06 
0.939 	 1.02203e-05 	 8.64436e-06 	 1.57596e-06 
0.935 	 1.00152e-05 	 8.46861e-06 	 1.54659e-06 
0.931 	 9.81361e-06 	 8.29568e-06 	 1.51793e-06 
0.928 	 9.61547e-06 	 8.12551e-06 	 1.48996e-06 
0.924 	 9.42066e-06 	 7.95801e-06 	 1.46266e-06 
0.920 	 9.22910e-06 	 7.79310e-06 	 1.43600e-06 
0.916 	 9.04070e-06 	 7.63072e-06 	 1.40998e-06 
0.913 	 8.85535e-06 	 7.47079e-06 	 1.38456e-06 
0.909 	 8.67299e-06 	 7.31324e-06 	 1.35974e-06 
0.905 	 8.49352e-06 	 7.15802e-06 	 1.33550e-06 
0.902 	 8.31687e-06 	 7.00505e-06 	 1.31182e-06 
0.898 	 8.14296e-06 	 6.85428e-06 	 1.28868e-06 
0.894 	 7.97172e-06 	 6.70565e-06 	 1.26606e-06 
0.891 	 7.80307e-06 	 6.55910e-06 	 1.24396e-06 
0.887 	 7.63694e-06 	 6.41458e-06 	 1.22236e-06 
0.884 	 7.47328e-06 	 6.27203e-06 	 1.20125e-06 
0.880 	 7.31200e-06 	 6.13140e-06 	 1.18061e-06 
0.877 	 7.15306e-06 	 5.99263e-06 	 1.16042e-06 
0.873 	 6.99638e-06 	 5.85569e-06 	 1.14068e-06 
0.870 	 6.84190e-06 	 5.72052e-06 	 1.12138e-06 
0.867 	 6.68958e-06 	 5.58708e-06 	 1.10250e-06 
0.863 	 6.53935e-06 	 5.45532e-06 	 1.08403e-06 
0.860 	 6.39115e-06 	 5.32520e-06 	 1.06595e-06 
0.857 	 6.24494e-06 	 5.19667e-06 	 1.04827e-06 
0.853 	 6.10066e-06 	 5.06969e-06 	 1.03097e-06 
0.850 	 5.95827e-06 	 4.94424e-06 	 1.01403e-06 
0.847 	 5.81771e-06 	 4.82026e-06 	 9.97458e-07 
0.844 	 5.67895e-06 	 4.69772e-06 	 9.81232e-07 
0.841 	 5.54193e-06 	 4.57658e-06 	 9.65347e-07 
0.838 	 5.40661e-06 	 4.45682e-06 	 9.49793e-07 
0.834 	 5.27296e-06 	 4.33840e-06 	 9.34563e-07 
0.831 	 5.14093e-06 	 4.22129e-06 	 9.19648e-07 
0.828 	 5.01049e-06 	 4.10545e-06 	 9.05040e-07 
0.825 	 4.88159e-06 	 3.99086e-06 	 8.90732e-07 
0.822 	 4.75420e-06 	 3.87749e-06 	 8.76715e-07 
0.819 	 4.62829e-06 	 3.76531e-06 	 8.62982e-07 
0.816 	 4.50382e-06 	 3.65429e-06 	 8.49527e-07 
0.813 	 4.38075e-06 	 3.54441e-06 	 8.36343e-07 
0.810 	 4.25906e-06 	 3.43563e-06 	 8.23422e-07 
0.807 	 4.13870e-06 	 3.32794e-06 	 8.10759e-07 
0.804 	 4.01965e-06 	 3.22130e-06 	 7.98346e-07 
0.802 	 3.90188e-06 	 3.11570e-06 	 7.86179e-07 
0.799 	 3.78535e-06 	 3.01109e-06 	 7.74251e-07 
0.796 	 3.67003e-06 	 2.90747e-06 	 7.62555e-07 
0.793 	 3.55590e-06 	 2.80481e-06 	 7.51088e-07 
0.790 	 3.44293e-06 	 2.70309e-06 	 7.39842e-07 
0.788 	 3.33109e-06 	 2.60227e-06 	 7.28814e-07 
0.785 	 3.22035e-06 	 2.50235e-06 	 7.17997e-07 
0.782 	 3.11069e-06 	 2.40330e-06 	 7.07387e-07 
0.779 	 3.00208e-06 	 2.30510e-06 	 6.96979e-07 
0.777 	 2.89449e-06 	 2.20773e-06 	 6.86768e-07 
0.774 	 2.78792e-06 	 2.11117e-06 	 6.76750e-07 
0.771 	 2.68232e-06 	 2.01540e-06 	 6.66920e-07 
0.769 	 2.57769e-06 	 1.92041e-06 	 6.57273e-07 
0.766 	 2.47399e-06 	 1.82619e-06 	 6.47807e-07 
0.763 	 2.37122e-06 	 1.73270e-06 	 6.38516e-07 
0.761 	 2.26935e-06 	 1.63995e-06 	 6.29396e-07 
0.758 	 2.16835e-06 	 1.54791e-06 	 6.20445e-07 
0.756 	 2.06822e-06 	 1.45656e-06 	 6.11657e-07 
0.753 	 1.96893e-06 	 1.36590e-06 	 6.03029e-07 
0.751 	 1.87046e-06 	 1.27590e-06 	 5.94558e-07 
0.748 	 1.77280e-06 	 1.18656e-06 	 5.86240e-07 
0.746 	 1.67593e-06 	 1.09786e-06 	 5.78072e-07 
0.743 	 1.57984e-06 	 1.00979e-06 	 5.70050e-07 
0.741 	 1.48450e-06 	 9.22324e-07 	 5.62172e-07 
0.738 	 1.38990e-06 	 8.35462e-07 	 5.54433e-07 
0.736 	 1.29602e-06 	 7.49185e-07 	 5.46832e-07 
0.733 	 1.20285e-06 	 6.63481e-07 	 5.39365e-07 
0.731 	 1.11037e-06 	 5.78338e-07 	 5.32029e-07 
0.729 	 1.01857e-06 	 4.93743e-07 	 5.24822e-07 
0.726 	 9.27424e-07 	 4.09684e-07 	 5.17740e-07 
0.724 	 8.36931e-07 	 3.26150e-07 	 5.10781e-07 
0.722 	 7.47070e-07 	 2.43128e-07 	 5.03942e-07 
0.719 	 6.57829e-07 	 1.60608e-07 	 4.97221e-07 
0.717 	 5.69194e-07 	 7.85778e-08 	 4.90616e-07 
0.715 	 4.81151e-07 	 -2.97228e-09 	 4.84123e-07 
0.712 	 3.93688e-07 	 -8.40531e-08 	 4.77741e-07 
0.710 	 3.06792e-07 	 -1.64675e-07 	 4.71467e-07 
0.708 	 2.20452e-07 	 -2.44848e-07 	 4.65299e-07 
0.706 	 1.34654e-07 	 -3.24581e-07 	 4.59235e-07 
0.704 	 4.93891e-08 	 -4.03884e-07 	 4.53273e-07 
0.701 	 -3.53551e-08 	 -4.82765e-07 	 4.47410e-07 
0.699 	 -1.19589e-07 	 -5.61234e-07 	 4.41645e-07 
0.697 	 -2.03323e-07 	 -6.39298e-07 	 4.35975e-07 
0.695 	 -2.86568e-07 	 -7.16967e-07 	 4.30399e-07 
0.693 	 -3.69333e-07 	 -7.94248e-07 	 4.24915e-07 
0.691 	 -4.51629e-07 	 -8.71149e-07 	 4.19520e-07 
0.688 	 -5.33464e-07 	 -9.47678e-07 	 4.14214e-07 
0.686 	 -6.14850e-07 	 -1.02384e-06 	 4.08994e-07 
0.684 	 -6.95794e-07 	 -1.09965e-06 	 4.03859e-07 
0.682 	 -7.76305e-07 	 -1.17511e-06 	 3.98806e-07 
0.680 	 -8.56394e-07 	 -1.25023e-06 	 3.93835e-07 
0.678 	 -9.36067e-07 	 -1.32501e-06 	 3.88944e-07 
0.676 	 -1.01533e-06 	 -1.39946e-06 	 3.84130e-07 
0.674 	 -1.09420e-06 	 -1.47360e-06 	 3.79394e-07 
0.672 	 -1.17268e-06 	 -1.54741e-06 	 3.74732e-07 
0.670 	 -1.25078e-06 	 -1.62092e-06 	 3.70144e-07 
0.668 	 -1.32850e-06 	 -1.69413e-06 	 3.65629e-07 
0.666 	 -1.40586e-06 	 -1.76704e-06 	 3.61184e-07 
0.664 	 -1.48286e-06 	 -1.83967e-06 	 3.56809e-07 
0.662 	 -1.55950e-06 	 -1.91200e-06 	 3.52502e-07 
0.660 	 -1.63580e-06 	 -1.98407e-06 	 3.48262e-07 
0.658 	 -1.71177e-06 	 -2.05586e-06 	 3.44087e-07 
0.656 	 -1.78740e-06 	 -2.12738e-06 	 3.39977e-07 
0.654 	 -1.86271e-06 	 -2.19864e-06 	 3.35930e-07 
0.652 	 -1.93770e-06 	 -2.26965e-06 	 3.31945e-07 
0.650 	 -2.01239e-06 	 -2.34041e-06 	 3.28021e-07 
0.649 	 -2.08676e-06 	 -2.41092e-06 	 3.24156e-07 
0.647 	 -2.16084e-06 	 -2.48119e-06 	 3.20350e-07 
0.645 	 -2.23463e-06 	 -2.55123e-06 	 3.16602e-07 
0.643 	 -2.30813e-06 	 -2.62104e-06 	 3.12910e-07 
0.641 	 -2.38135e-06 	 -2.69062e-06 	 3.09273e-07 
0.639 	 -2.45430e-06 	 -2.75999e-06 	 3.05691e-07 
0.638 	 -2.52697e-06 	 -2.82914e-06 	 3.02162e-07 
0.636 	 -2.59939e-06 	 -2.89808e-06 	 2.98686e-07 
0.634 	 -2.67155e-06 	 -2.96681e-06 	 2.95261e-07 
0.632 	 -2.74345e-06 	 -3.03534e-06 	 2.91886e-07 
0.630 	 -2.81511e-06 	 -3.10367e-06 	 2.88562e-07 
0.629 	 -2.88653e-06 	 -3.17181e-06 	 2.85286e-07 
0.627 	 -2.95771e-06 	 -3.23976e-06 	 2.82057e-07 
0.625 	 -3.02865e-06 	 -3.30753e-06 	 2.78876e-07 
0.623 	 -3.09938e-06 	 -3.37512e-06 	 2.75741e-07 
0.622 	 -3.16988e-06 	 -3.44253e-06 	 2.72652e-07 
0.620 	 -3.24016e-06 	 -3.50977e-06 	 2.69607e-07 
0.618 	 -3.31023e-06 	 -3.57684e-06 	 2.66605e-07 
0.616 	 -3.38009e-06 	 -3.64374e-06 	 2.63647e-07 
0.615 	 -3.44976e-06 	 -3.71049e-06 	 2.60731e-07 
0.613 	 -3.51922e-06 	 -3.77707e-06 	 2.57856e-07 
0.611 	 -3.58848e-06 	 -3.84351e-06 	 2.55023e-07 
0.610 	 -3.65756e-06 	 -3.90979e-06 	 2.52229e-07 
0.608 	 -3.72645e-06 	 -3.97593e-06 	 2.49475e-07 
0.606 	 -3.79516e-06 	 -4.04192e-06 	 2.46759e-07 
0.605 	 -3.86370e-06 	 -4.10778e-06 	 2.44082e-07 
0.603 	 -3.93205e-06 	 -4.17350e-06 	 2.41442e-07 
0.602 	 -4.00024e-06 	 -4.23908e-06 	 2.38839e-07 
0.600 	 -4.06826e-06 	 -4.30454e-06 	 2.36272e-07 
