Energy [eV] Ext Cross [um^2] Abs Cross [um^2] Sca Cross [um^2] 
3.000 	 1.33978e-04 	 1.33570e-04 	 4.07577e-07 
2.960 	 1.41342e-04 	 1.40257e-04 	 1.08499e-06 
2.922 	 1.49140e-04 	 1.46942e-04 	 2.19731e-06 
2.884 	 1.58319e-04 	 1.54570e-04 	 3.74888e-06 
2.848 	 1.68329e-04 	 1.62631e-04 	 5.69795e-06 
2.812 	 1.79006e-04 	 1.70940e-04 	 8.06601e-06 
2.777 	 1.91185e-04 	 1.80349e-04 	 1.08366e-05 
2.743 	 2.04980e-04 	 1.90966e-04 	 1.40139e-05 
2.710 	 2.19940e-04 	 2.02350e-04 	 1.75908e-05 
2.678 	 2.33402e-04 	 2.11818e-04 	 2.15841e-05 
2.646 	 2.48697e-04 	 2.22678e-04 	 2.60194e-05 
2.615 	 2.65870e-04 	 2.34963e-04 	 3.09066e-05 
2.585 	 2.84639e-04 	 2.48373e-04 	 3.62665e-05 
2.556 	 3.05052e-04 	 2.62924e-04 	 4.21284e-05 
2.527 	 3.27191e-04 	 2.78669e-04 	 4.85228e-05 
2.499 	 3.51106e-04 	 2.95614e-04 	 5.54919e-05 
2.471 	 3.77119e-04 	 3.14034e-04 	 6.30856e-05 
2.444 	 4.05526e-04 	 3.34165e-04 	 7.13611e-05 
2.418 	 4.36751e-04 	 3.56367e-04 	 8.03847e-05 
2.392 	 4.71565e-04 	 3.81356e-04 	 9.02086e-05 
2.367 	 5.10490e-04 	 4.09751e-04 	 1.00739e-04 
2.342 	 5.49635e-04 	 4.37719e-04 	 1.11916e-04 
2.318 	 5.90028e-04 	 4.65588e-04 	 1.24440e-04 
2.294 	 6.35849e-04 	 4.97478e-04 	 1.38370e-04 
2.271 	 6.87217e-04 	 5.33520e-04 	 1.53697e-04 
2.248 	 7.44279e-04 	 5.73714e-04 	 1.70565e-04 
2.226 	 8.07571e-04 	 6.18392e-04 	 1.89179e-04 
2.204 	 8.77879e-04 	 6.68092e-04 	 2.09787e-04 
2.182 	 9.56193e-04 	 7.23507e-04 	 2.32686e-04 
2.161 	 1.04371e-03 	 7.85488e-04 	 2.58222e-04 
2.141 	 1.14188e-03 	 8.55064e-04 	 2.86813e-04 
2.121 	 1.25244e-03 	 9.33480e-04 	 3.18960e-04 
2.101 	 1.37752e-03 	 1.02224e-03 	 3.55271e-04 
2.081 	 1.51969e-03 	 1.12320e-03 	 3.96489e-04 
2.062 	 1.68216e-03 	 1.23863e-03 	 4.43527e-04 
2.043 	 1.86887e-03 	 1.37134e-03 	 4.97522e-04 
2.025 	 2.08478e-03 	 1.52488e-03 	 5.59892e-04 
2.007 	 2.33615e-03 	 1.70371e-03 	 6.32436e-04 
1.989 	 2.63100e-03 	 1.91354e-03 	 7.17453e-04 
1.971 	 2.97962e-03 	 2.16172e-03 	 8.17898e-04 
1.954 	 3.39548e-03 	 2.45786e-03 	 9.37626e-04 
1.937 	 3.89647e-03 	 2.81470e-03 	 1.08177e-03 
1.921 	 4.50668e-03 	 3.24942e-03 	 1.25726e-03 
1.904 	 5.25894e-03 	 3.78543e-03 	 1.47350e-03 
1.888 	 6.19871e-03 	 4.45517e-03 	 1.74354e-03 
1.873 	 7.39026e-03 	 5.30445e-03 	 2.08581e-03 
1.857 	 8.92588e-03 	 6.39909e-03 	 2.52679e-03 
1.842 	 1.09405e-02 	 7.83527e-03 	 3.10520e-03 
1.827 	 1.36337e-02 	 9.75539e-03 	 3.87834e-03 
1.812 	 1.73025e-02 	 1.23711e-02 	 4.93140e-03 
1.798 	 2.23805e-02 	 1.59917e-02 	 6.38882e-03 
1.783 	 2.94575e-02 	 2.10377e-02 	 8.41988e-03 
1.769 	 3.91631e-02 	 2.79579e-02 	 1.12052e-02 
1.755 	 5.15737e-02 	 3.68068e-02 	 1.47669e-02 
1.742 	 6.46652e-02 	 4.61409e-02 	 1.85243e-02 
1.728 	 7.29292e-02 	 5.20325e-02 	 2.08967e-02 
1.715 	 7.09741e-02 	 5.06371e-02 	 2.03369e-02 
1.702 	 6.03969e-02 	 4.30940e-02 	 1.73028e-02 
1.689 	 4.74458e-02 	 3.38585e-02 	 1.35873e-02 
1.677 	 3.62149e-02 	 2.58498e-02 	 1.03650e-02 
1.664 	 2.76755e-02 	 1.97605e-02 	 7.91500e-03 
1.652 	 2.14563e-02 	 1.53256e-02 	 6.13071e-03 
1.640 	 1.69480e-02 	 1.21107e-02 	 4.83732e-03 
1.628 	 1.36428e-02 	 9.75364e-03 	 3.88916e-03 
1.616 	 1.11775e-02 	 7.99550e-03 	 3.18201e-03 
1.605 	 9.30406e-03 	 6.65936e-03 	 2.64470e-03 
1.593 	 7.85417e-03 	 5.62524e-03 	 2.22893e-03 
1.582 	 6.71285e-03 	 4.81114e-03 	 1.90172e-03 
1.571 	 5.80039e-03 	 4.16022e-03 	 1.64017e-03 
1.560 	 5.06057e-03 	 3.63240e-03 	 1.42817e-03 
1.549 	 4.45310e-03 	 3.19896e-03 	 1.25414e-03 
1.539 	 3.94858e-03 	 2.83892e-03 	 1.10966e-03 
1.528 	 3.52520e-03 	 2.53674e-03 	 9.88462e-04 
1.518 	 3.16659e-03 	 2.28074e-03 	 8.85846e-04 
1.508 	 2.86025e-03 	 2.06202e-03 	 7.98229e-04 
1.497 	 2.59654e-03 	 1.87370e-03 	 7.22842e-04 
1.488 	 2.36792e-03 	 1.71039e-03 	 6.57523e-04 
1.478 	 2.16843e-03 	 1.56787e-03 	 6.00563e-04 
1.468 	 1.99333e-03 	 1.44273e-03 	 5.50599e-04 
1.459 	 1.83880e-03 	 1.33227e-03 	 5.06536e-04 
1.449 	 1.70174e-03 	 1.23425e-03 	 4.67481e-04 
1.440 	 1.57959e-03 	 1.14689e-03 	 4.32705e-04 
1.431 	 1.47027e-03 	 1.06866e-03 	 4.01607e-04 
1.422 	 1.37203e-03 	 9.98345e-04 	 3.73686e-04 
1.413 	 1.28342e-03 	 9.34891e-04 	 3.48525e-04 
1.404 	 1.20320e-03 	 8.77428e-04 	 3.25771e-04 
1.395 	 1.13035e-03 	 8.25218e-04 	 3.05128e-04 
1.386 	 1.06398e-03 	 7.77634e-04 	 2.86343e-04 
1.378 	 1.00334e-03 	 7.34140e-04 	 2.69199e-04 
1.369 	 9.47786e-04 	 6.94274e-04 	 2.53513e-04 
1.361 	 8.96761e-04 	 6.57639e-04 	 2.39122e-04 
1.353 	 8.49779e-04 	 6.23889e-04 	 2.25889e-04 
1.345 	 8.06419e-04 	 5.92726e-04 	 2.13694e-04 
1.337 	 7.66315e-04 	 5.63886e-04 	 2.02430e-04 
1.329 	 7.29145e-04 	 5.37140e-04 	 1.92005e-04 
1.321 	 6.94627e-04 	 5.12288e-04 	 1.82339e-04 
1.313 	 6.62511e-04 	 4.89152e-04 	 1.73360e-04 
1.306 	 6.32577e-04 	 4.67573e-04 	 1.65004e-04 
1.298 	 6.04629e-04 	 4.47413e-04 	 1.57215e-04 
1.291 	 5.78493e-04 	 4.28548e-04 	 1.49945e-04 
1.283 	 5.54012e-04 	 4.10866e-04 	 1.43147e-04 
1.276 	 5.31049e-04 	 3.94268e-04 	 1.36781e-04 
1.269 	 5.09479e-04 	 3.78665e-04 	 1.30814e-04 
1.262 	 4.89188e-04 	 3.63977e-04 	 1.25211e-04 
1.255 	 4.70076e-04 	 3.50132e-04 	 1.19944e-04 
1.248 	 4.52052e-04 	 3.37065e-04 	 1.14987e-04 
1.241 	 4.35034e-04 	 3.24717e-04 	 1.10317e-04 
1.234 	 4.18947e-04 	 3.13036e-04 	 1.05911e-04 
1.227 	 4.03722e-04 	 3.01971e-04 	 1.01751e-04 
1.220 	 3.89299e-04 	 2.91481e-04 	 9.78184e-05 
1.214 	 3.75620e-04 	 2.81523e-04 	 9.40976e-05 
1.207 	 3.62635e-04 	 2.72061e-04 	 9.05735e-05 
1.201 	 3.50295e-04 	 2.63062e-04 	 8.72329e-05 
1.194 	 3.38558e-04 	 2.54495e-04 	 8.40633e-05 
1.188 	 3.27385e-04 	 2.46332e-04 	 8.10534e-05 
1.182 	 3.16739e-04 	 2.38546e-04 	 7.81927e-05 
1.176 	 3.06586e-04 	 2.31115e-04 	 7.54718e-05 
1.169 	 2.96897e-04 	 2.24015e-04 	 7.28818e-05 
1.163 	 2.87641e-04 	 2.17226e-04 	 7.04146e-05 
1.157 	 2.78794e-04 	 2.10731e-04 	 6.80627e-05 
1.151 	 2.70330e-04 	 2.04511e-04 	 6.58191e-05 
1.146 	 2.62228e-04 	 1.98550e-04 	 6.36774e-05 
1.140 	 2.54465e-04 	 1.92834e-04 	 6.16316e-05 
1.134 	 2.47024e-04 	 1.87348e-04 	 5.96761e-05 
1.128 	 2.39886e-04 	 1.82080e-04 	 5.78060e-05 
1.123 	 2.33033e-04 	 1.77017e-04 	 5.60162e-05 
1.117 	 2.26451e-04 	 1.72149e-04 	 5.43025e-05 
1.112 	 2.20125e-04 	 1.67465e-04 	 5.26606e-05 
1.106 	 2.14042e-04 	 1.62955e-04 	 5.10867e-05 
1.101 	 2.08188e-04 	 1.58611e-04 	 4.95771e-05 
1.095 	 2.02552e-04 	 1.54423e-04 	 4.81285e-05 
1.090 	 1.97122e-04 	 1.50384e-04 	 4.67378e-05 
1.085 	 1.91889e-04 	 1.46487e-04 	 4.54019e-05 
1.079 	 1.86843e-04 	 1.42725e-04 	 4.41181e-05 
1.074 	 1.81974e-04 	 1.39090e-04 	 4.28838e-05 
1.069 	 1.77273e-04 	 1.35577e-04 	 4.16964e-05 
1.064 	 1.72733e-04 	 1.32179e-04 	 4.05539e-05 
1.059 	 1.68347e-04 	 1.28893e-04 	 3.94539e-05 
1.054 	 1.64106e-04 	 1.25711e-04 	 3.83944e-05 
1.049 	 1.60004e-04 	 1.22630e-04 	 3.73736e-05 
1.044 	 1.56035e-04 	 1.19645e-04 	 3.63896e-05 
1.039 	 1.52193e-04 	 1.16752e-04 	 3.54407e-05 
1.035 	 1.48472e-04 	 1.13946e-04 	 3.45254e-05 
1.030 	 1.44867e-04 	 1.11225e-04 	 3.36421e-05 
1.025 	 1.41372e-04 	 1.08583e-04 	 3.27894e-05 
1.020 	 1.37984e-04 	 1.06018e-04 	 3.19659e-05 
1.016 	 1.34697e-04 	 1.03527e-04 	 3.11704e-05 
1.011 	 1.31508e-04 	 1.01106e-04 	 3.04016e-05 
1.007 	 1.28411e-04 	 9.87529e-05 	 2.96584e-05 
1.002 	 1.25404e-04 	 9.64644e-05 	 2.89398e-05 
0.998 	 1.22483e-04 	 9.42380e-05 	 2.82446e-05 
0.993 	 1.19643e-04 	 9.20712e-05 	 2.75720e-05 
0.989 	 1.16883e-04 	 8.99617e-05 	 2.69209e-05 
0.985 	 1.14198e-04 	 8.79071e-05 	 2.62905e-05 
0.980 	 1.11585e-04 	 8.59054e-05 	 2.56800e-05 
0.976 	 1.09043e-04 	 8.39545e-05 	 2.50886e-05 
0.972 	 1.06568e-04 	 8.20525e-05 	 2.45154e-05 
0.968 	 1.04157e-04 	 8.01976e-05 	 2.39599e-05 
0.963 	 1.01809e-04 	 7.83879e-05 	 2.34213e-05 
0.959 	 9.95208e-05 	 7.66219e-05 	 2.28989e-05 
0.955 	 9.72901e-05 	 7.48980e-05 	 2.23921e-05 
0.951 	 9.51149e-05 	 7.32145e-05 	 2.19004e-05 
0.947 	 9.29933e-05 	 7.15701e-05 	 2.14232e-05 
0.943 	 9.09232e-05 	 6.99633e-05 	 2.09599e-05 
0.939 	 8.89029e-05 	 6.83929e-05 	 2.05101e-05 
0.935 	 8.69306e-05 	 6.68575e-05 	 2.00731e-05 
0.931 	 8.50045e-05 	 6.53559e-05 	 1.96486e-05 
0.928 	 8.31231e-05 	 6.38870e-05 	 1.92361e-05 
0.924 	 8.12848e-05 	 6.24496e-05 	 1.88353e-05 
0.920 	 7.94882e-05 	 6.10427e-05 	 1.84455e-05 
0.916 	 7.77317e-05 	 5.96652e-05 	 1.80666e-05 
0.913 	 7.60141e-05 	 5.83161e-05 	 1.76980e-05 
0.909 	 7.43341e-05 	 5.69946e-05 	 1.73395e-05 
0.905 	 7.26904e-05 	 5.56997e-05 	 1.69907e-05 
0.902 	 7.10818e-05 	 5.44306e-05 	 1.66512e-05 
0.898 	 6.95072e-05 	 5.31864e-05 	 1.63208e-05 
0.894 	 6.79655e-05 	 5.19664e-05 	 1.59991e-05 
0.891 	 6.64556e-05 	 5.07697e-05 	 1.56859e-05 
0.887 	 6.49765e-05 	 4.95957e-05 	 1.53809e-05 
0.884 	 6.35273e-05 	 4.84436e-05 	 1.50837e-05 
0.880 	 6.21070e-05 	 4.73127e-05 	 1.47942e-05 
0.877 	 6.07146e-05 	 4.62025e-05 	 1.45121e-05 
0.873 	 5.93494e-05 	 4.51122e-05 	 1.42372e-05 
0.870 	 5.80105e-05 	 4.40413e-05 	 1.39692e-05 
0.867 	 5.66970e-05 	 4.29892e-05 	 1.37079e-05 
0.863 	 5.54083e-05 	 4.19552e-05 	 1.34531e-05 
0.860 	 5.41435e-05 	 4.09389e-05 	 1.32045e-05 
0.857 	 5.29019e-05 	 3.99397e-05 	 1.29621e-05 
0.853 	 5.16829e-05 	 3.89572e-05 	 1.27256e-05 
0.850 	 5.04857e-05 	 3.79908e-05 	 1.24949e-05 
0.847 	 4.93098e-05 	 3.70401e-05 	 1.22697e-05 
0.844 	 4.81544e-05 	 3.61046e-05 	 1.20499e-05 
0.841 	 4.70191e-05 	 3.51839e-05 	 1.18353e-05 
0.838 	 4.59033e-05 	 3.42775e-05 	 1.16258e-05 
0.834 	 4.48064e-05 	 3.33852e-05 	 1.14212e-05 
0.831 	 4.37278e-05 	 3.25065e-05 	 1.12213e-05 
0.828 	 4.26671e-05 	 3.16410e-05 	 1.10262e-05 
0.825 	 4.16238e-05 	 3.07884e-05 	 1.08355e-05 
0.822 	 4.05974e-05 	 2.99483e-05 	 1.06492e-05 
0.819 	 3.95875e-05 	 2.91204e-05 	 1.04671e-05 
0.816 	 3.85935e-05 	 2.83043e-05 	 1.02892e-05 
0.813 	 3.76151e-05 	 2.74998e-05 	 1.01152e-05 
0.810 	 3.66518e-05 	 2.67066e-05 	 9.94521e-06 
0.807 	 3.57033e-05 	 2.59243e-05 	 9.77896e-06 
0.804 	 3.47690e-05 	 2.51526e-05 	 9.61640e-06 
0.802 	 3.38488e-05 	 2.43913e-05 	 9.45741e-06 
0.799 	 3.29420e-05 	 2.36401e-05 	 9.30190e-06 
0.796 	 3.20485e-05 	 2.28987e-05 	 9.14978e-06 
0.793 	 3.11678e-05 	 2.21669e-05 	 9.00095e-06 
0.790 	 3.02997e-05 	 2.14443e-05 	 8.85532e-06 
0.788 	 2.94437e-05 	 2.07309e-05 	 8.71281e-06 
0.785 	 2.85996e-05 	 2.00262e-05 	 8.57334e-06 
0.782 	 2.77670e-05 	 1.93302e-05 	 8.43682e-06 
0.779 	 2.69457e-05 	 1.86425e-05 	 8.30317e-06 
0.777 	 2.61353e-05 	 1.79630e-05 	 8.17232e-06 
0.774 	 2.53357e-05 	 1.72915e-05 	 8.04420e-06 
0.771 	 2.45464e-05 	 1.66277e-05 	 7.91873e-06 
0.769 	 2.37674e-05 	 1.59715e-05 	 7.79586e-06 
0.766 	 2.29982e-05 	 1.53227e-05 	 7.67550e-06 
0.763 	 2.22388e-05 	 1.46812e-05 	 7.55759e-06 
0.761 	 2.14888e-05 	 1.40467e-05 	 7.44208e-06 
0.758 	 2.07480e-05 	 1.34190e-05 	 7.32891e-06 
0.756 	 2.00161e-05 	 1.27981e-05 	 7.21801e-06 
0.753 	 1.92931e-05 	 1.21838e-05 	 7.10932e-06 
0.751 	 1.85787e-05 	 1.15759e-05 	 7.00280e-06 
0.748 	 1.78726e-05 	 1.09742e-05 	 6.89838e-06 
0.746 	 1.71747e-05 	 1.03787e-05 	 6.79602e-06 
0.743 	 1.64847e-05 	 9.78907e-06 	 6.69567e-06 
0.741 	 1.58026e-05 	 9.20533e-06 	 6.59728e-06 
0.738 	 1.51281e-05 	 8.62728e-06 	 6.50079e-06 
0.736 	 1.44610e-05 	 8.05478e-06 	 6.40617e-06 
0.733 	 1.38011e-05 	 7.48772e-06 	 6.31336e-06 
0.731 	 1.31483e-05 	 6.92596e-06 	 6.22234e-06 
0.729 	 1.25024e-05 	 6.36938e-06 	 6.13304e-06 
0.726 	 1.18633e-05 	 5.81786e-06 	 6.04543e-06 
0.724 	 1.12308e-05 	 5.27127e-06 	 5.95948e-06 
0.722 	 1.06047e-05 	 4.72951e-06 	 5.87514e-06 
0.719 	 9.98485e-06 	 4.19247e-06 	 5.79238e-06 
0.717 	 9.37118e-06 	 3.66003e-06 	 5.71115e-06 
0.715 	 8.76352e-06 	 3.13209e-06 	 5.63143e-06 
0.712 	 8.16173e-06 	 2.60855e-06 	 5.55318e-06 
0.710 	 7.56567e-06 	 2.08931e-06 	 5.47636e-06 
0.708 	 6.97521e-06 	 1.57426e-06 	 5.40094e-06 
0.706 	 6.39023e-06 	 1.06333e-06 	 5.32690e-06 
0.704 	 5.81060e-06 	 5.56407e-07 	 5.25419e-06 
0.701 	 5.23621e-06 	 5.34158e-08 	 5.18280e-06 
0.699 	 4.66695e-06 	 -4.45732e-07 	 5.11268e-06 
0.697 	 4.10270e-06 	 -9.41119e-07 	 5.04382e-06 
0.695 	 3.54335e-06 	 -1.43283e-06 	 4.97618e-06 
0.693 	 2.98879e-06 	 -1.92094e-06 	 4.90973e-06 
0.691 	 2.43893e-06 	 -2.40552e-06 	 4.84446e-06 
0.688 	 1.89367e-06 	 -2.88667e-06 	 4.78033e-06 
0.686 	 1.35289e-06 	 -3.36443e-06 	 4.71732e-06 
0.684 	 8.16511e-07 	 -3.83890e-06 	 4.65541e-06 
0.682 	 2.84434e-07 	 -4.31014e-06 	 4.59457e-06 
0.680 	 -2.43432e-07 	 -4.77821e-06 	 4.53478e-06 
0.678 	 -7.67176e-07 	 -5.24319e-06 	 4.47602e-06 
0.676 	 -1.28689e-06 	 -5.70514e-06 	 4.41826e-06 
0.674 	 -1.80265e-06 	 -6.16413e-06 	 4.36148e-06 
0.672 	 -2.31454e-06 	 -6.62021e-06 	 4.30567e-06 
0.670 	 -2.82265e-06 	 -7.07345e-06 	 4.25080e-06 
0.668 	 -3.32706e-06 	 -7.52391e-06 	 4.19685e-06 
0.666 	 -3.82784e-06 	 -7.97164e-06 	 4.14380e-06 
0.664 	 -4.32506e-06 	 -8.41671e-06 	 4.09164e-06 
0.662 	 -4.81881e-06 	 -8.85916e-06 	 4.04035e-06 
0.660 	 -5.30916e-06 	 -9.29906e-06 	 3.98991e-06 
0.658 	 -5.79617e-06 	 -9.73646e-06 	 3.94029e-06 
0.656 	 -6.27992e-06 	 -1.01714e-05 	 3.89149e-06 
0.654 	 -6.76047e-06 	 -1.06040e-05 	 3.84349e-06 
0.652 	 -7.23788e-06 	 -1.10342e-05 	 3.79627e-06 
0.650 	 -7.71223e-06 	 -1.14620e-05 	 3.74981e-06 
0.649 	 -8.18358e-06 	 -1.18877e-05 	 3.70411e-06 
0.647 	 -8.65199e-06 	 -1.23111e-05 	 3.65914e-06 
0.645 	 -9.11751e-06 	 -1.27324e-05 	 3.61489e-06 
0.643 	 -9.58021e-06 	 -1.31516e-05 	 3.57135e-06 
0.641 	 -1.00401e-05 	 -1.35686e-05 	 3.52850e-06 
0.639 	 -1.04974e-05 	 -1.39837e-05 	 3.48633e-06 
0.638 	 -1.09519e-05 	 -1.43968e-05 	 3.44482e-06 
0.636 	 -1.14039e-05 	 -1.48079e-05 	 3.40397e-06 
0.634 	 -1.18533e-05 	 -1.52171e-05 	 3.36375e-06 
0.632 	 -1.23003e-05 	 -1.56244e-05 	 3.32417e-06 
0.630 	 -1.27448e-05 	 -1.60300e-05 	 3.28519e-06 
0.629 	 -1.31869e-05 	 -1.64337e-05 	 3.24682e-06 
0.627 	 -1.36266e-05 	 -1.68357e-05 	 3.20905e-06 
0.625 	 -1.40641e-05 	 -1.72359e-05 	 3.17185e-06 
0.623 	 -1.44993e-05 	 -1.76345e-05 	 3.13522e-06 
0.622 	 -1.49323e-05 	 -1.80315e-05 	 3.09916e-06 
0.620 	 -1.53631e-05 	 -1.84268e-05 	 3.06364e-06 
0.618 	 -1.57919e-05 	 -1.88205e-05 	 3.02865e-06 
0.616 	 -1.62186e-05 	 -1.92128e-05 	 2.99420e-06 
0.615 	 -1.66432e-05 	 -1.96035e-05 	 2.96026e-06 
0.613 	 -1.70659e-05 	 -1.99927e-05 	 2.92683e-06 
0.611 	 -1.74866e-05 	 -2.03805e-05 	 2.89390e-06 
0.610 	 -1.79054e-05 	 -2.07668e-05 	 2.86146e-06 
0.608 	 -1.83223e-05 	 -2.11518e-05 	 2.82950e-06 
0.606 	 -1.87374e-05 	 -2.15354e-05 	 2.79801e-06 
0.605 	 -1.91508e-05 	 -2.19177e-05 	 2.76699e-06 
0.603 	 -1.95623e-05 	 -2.22987e-05 	 2.73642e-06 
0.602 	 -1.99722e-05 	 -2.26785e-05 	 2.70629e-06 
0.600 	 -2.03803e-05 	 -2.30569e-05 	 2.67661e-06 
