Energy [eV] Ext Cross [um^2] Abs Cross [um^2] Sca Cross [um^2] 
3.000 	 1.08705e-04 	 1.08439e-04 	 2.65339e-07 
2.960 	 1.15802e-04 	 1.15088e-04 	 7.14306e-07 
2.922 	 1.23373e-04 	 1.21910e-04 	 1.46303e-06 
2.884 	 1.32260e-04 	 1.29734e-04 	 2.52546e-06 
2.848 	 1.42047e-04 	 1.38162e-04 	 3.88481e-06 
2.812 	 1.52641e-04 	 1.47072e-04 	 5.56887e-06 
2.777 	 1.64773e-04 	 1.57193e-04 	 7.58030e-06 
2.743 	 1.78572e-04 	 1.68634e-04 	 9.93819e-06 
2.710 	 1.94375e-04 	 1.81719e-04 	 1.26552e-05 
2.678 	 2.09107e-04 	 1.93349e-04 	 1.57575e-05 
2.646 	 2.25410e-04 	 2.06115e-04 	 1.92958e-05 
2.615 	 2.44272e-04 	 2.20969e-04 	 2.33032e-05 
2.585 	 2.65485e-04 	 2.37660e-04 	 2.78253e-05 
2.556 	 2.89116e-04 	 2.56193e-04 	 3.29224e-05 
2.527 	 3.15544e-04 	 2.76877e-04 	 3.86672e-05 
2.499 	 3.45276e-04 	 3.00134e-04 	 4.51428e-05 
2.471 	 3.79044e-04 	 3.26615e-04 	 5.24291e-05 
2.444 	 4.16586e-04 	 3.56031e-04 	 6.05554e-05 
2.418 	 4.56960e-04 	 3.87184e-04 	 6.97763e-05 
2.392 	 5.03032e-04 	 4.22677e-04 	 8.03546e-05 
2.367 	 5.55940e-04 	 4.63501e-04 	 9.24391e-05 
2.342 	 6.16574e-04 	 5.10292e-04 	 1.06282e-04 
2.318 	 6.86259e-04 	 5.64044e-04 	 1.22215e-04 
2.294 	 7.66753e-04 	 6.26097e-04 	 1.40655e-04 
2.271 	 8.60307e-04 	 6.98171e-04 	 1.62136e-04 
2.248 	 9.69795e-04 	 7.82464e-04 	 1.87331e-04 
2.226 	 1.09892e-03 	 8.81808e-04 	 2.17107e-04 
2.204 	 1.25252e-03 	 9.99914e-04 	 2.52604e-04 
2.182 	 1.43702e-03 	 1.14169e-03 	 2.95334e-04 
2.161 	 1.66103e-03 	 1.31370e-03 	 3.47321e-04 
2.141 	 1.93629e-03 	 1.52495e-03 	 4.11341e-04 
2.121 	 2.27919e-03 	 1.78793e-03 	 4.91258e-04 
2.101 	 2.71292e-03 	 2.12036e-03 	 5.92566e-04 
2.081 	 3.27124e-03 	 2.54798e-03 	 7.23261e-04 
2.062 	 4.00442e-03 	 3.10914e-03 	 8.95276e-04 
2.043 	 4.98939e-03 	 3.86249e-03 	 1.12690e-03 
2.025 	 6.34723e-03 	 4.90026e-03 	 1.44697e-03 
2.007 	 8.27380e-03 	 6.37156e-03 	 1.90223e-03 
1.989 	 1.10920e-02 	 8.52203e-03 	 2.56994e-03 
1.971 	 1.53302e-02 	 1.17532e-02 	 3.57694e-03 
1.954 	 2.17822e-02 	 1.66674e-02 	 5.11479e-03 
1.937 	 3.12319e-02 	 2.38558e-02 	 7.37602e-03 
1.921 	 4.27325e-02 	 3.25879e-02 	 1.01446e-02 
1.904 	 5.02164e-02 	 3.82394e-02 	 1.19769e-02 
1.888 	 4.66813e-02 	 3.55011e-02 	 1.11802e-02 
1.873 	 3.59714e-02 	 2.73244e-02 	 8.64699e-03 
1.857 	 2.56863e-02 	 1.94916e-02 	 6.19472e-03 
1.842 	 1.82788e-02 	 1.38580e-02 	 4.42082e-03 
1.827 	 1.33278e-02 	 1.00964e-02 	 3.23135e-03 
1.812 	 1.00193e-02 	 7.58495e-03 	 2.43431e-03 
1.798 	 7.75492e-03 	 5.86742e-03 	 1.88749e-03 
1.783 	 6.15848e-03 	 4.65738e-03 	 1.50111e-03 
1.769 	 4.99964e-03 	 3.77960e-03 	 1.22004e-03 
1.755 	 4.13578e-03 	 3.12566e-03 	 1.01012e-03 
1.742 	 3.47647e-03 	 2.62687e-03 	 8.49602e-04 
1.728 	 2.96278e-03 	 2.23846e-03 	 7.24322e-04 
1.715 	 2.55523e-03 	 1.93047e-03 	 6.24764e-04 
1.702 	 2.22669e-03 	 1.68231e-03 	 5.44382e-04 
1.689 	 1.95810e-03 	 1.47953e-03 	 4.78571e-04 
1.677 	 1.73576e-03 	 1.31174e-03 	 4.24017e-04 
1.664 	 1.54965e-03 	 1.17136e-03 	 3.78292e-04 
1.652 	 1.39230e-03 	 1.05271e-03 	 3.39589e-04 
1.640 	 1.25807e-03 	 9.51536e-04 	 3.06535e-04 
1.628 	 1.14264e-03 	 8.64558e-04 	 2.78081e-04 
1.616 	 1.04264e-03 	 7.89231e-04 	 2.53409e-04 
1.605 	 9.55428e-04 	 7.23555e-04 	 2.31873e-04 
1.593 	 8.78900e-04 	 6.65939e-04 	 2.12961e-04 
1.582 	 8.11368e-04 	 6.15107e-04 	 1.96261e-04 
1.571 	 7.51466e-04 	 5.70026e-04 	 1.81440e-04 
1.560 	 6.98076e-04 	 5.29853e-04 	 1.68224e-04 
1.549 	 6.50282e-04 	 4.93894e-04 	 1.56388e-04 
1.539 	 6.07321e-04 	 4.61575e-04 	 1.45746e-04 
1.528 	 5.68556e-04 	 4.32416e-04 	 1.36141e-04 
1.518 	 5.33453e-04 	 4.06011e-04 	 1.27442e-04 
1.508 	 5.01560e-04 	 3.82021e-04 	 1.19538e-04 
1.497 	 4.72491e-04 	 3.60156e-04 	 1.12335e-04 
1.488 	 4.45920e-04 	 3.40169e-04 	 1.05751e-04 
1.478 	 4.21564e-04 	 3.21846e-04 	 9.97177e-05 
1.468 	 3.99180e-04 	 3.05006e-04 	 9.41746e-05 
1.459 	 3.78559e-04 	 2.89489e-04 	 8.90700e-05 
1.449 	 3.59517e-04 	 2.75158e-04 	 8.43586e-05 
1.440 	 3.41895e-04 	 2.61894e-04 	 8.00009e-05 
1.431 	 3.25553e-04 	 2.49591e-04 	 7.59623e-05 
1.422 	 3.10369e-04 	 2.38156e-04 	 7.22124e-05 
1.413 	 2.96232e-04 	 2.27508e-04 	 6.87242e-05 
1.404 	 2.83047e-04 	 2.17573e-04 	 6.54739e-05 
1.395 	 2.70729e-04 	 2.08289e-04 	 6.24403e-05 
1.386 	 2.59203e-04 	 1.99598e-04 	 5.96046e-05 
1.378 	 2.48401e-04 	 1.91450e-04 	 5.69501e-05 
1.369 	 2.38262e-04 	 1.83800e-04 	 5.44615e-05 
1.361 	 2.28732e-04 	 1.76606e-04 	 5.21255e-05 
1.353 	 2.19762e-04 	 1.69832e-04 	 4.99299e-05 
1.345 	 2.11309e-04 	 1.63445e-04 	 4.78636e-05 
1.337 	 2.03332e-04 	 1.57415e-04 	 4.59168e-05 
1.329 	 1.95795e-04 	 1.51715e-04 	 4.40804e-05 
1.321 	 1.88666e-04 	 1.46320e-04 	 4.23463e-05 
1.313 	 1.81916e-04 	 1.41209e-04 	 4.07072e-05 
1.306 	 1.75517e-04 	 1.36361e-04 	 3.91562e-05 
1.298 	 1.69445e-04 	 1.31758e-04 	 3.76873e-05 
1.291 	 1.63677e-04 	 1.27382e-04 	 3.62947e-05 
1.283 	 1.58193e-04 	 1.23220e-04 	 3.49734e-05 
1.276 	 1.52974e-04 	 1.19256e-04 	 3.37186e-05 
1.269 	 1.48003e-04 	 1.15477e-04 	 3.25260e-05 
1.262 	 1.43263e-04 	 1.11872e-04 	 3.13916e-05 
1.255 	 1.38741e-04 	 1.08429e-04 	 3.03117e-05 
1.248 	 1.34422e-04 	 1.05139e-04 	 2.92829e-05 
1.241 	 1.30295e-04 	 1.01992e-04 	 2.83021e-05 
1.234 	 1.26347e-04 	 9.89804e-05 	 2.73664e-05 
1.227 	 1.22568e-04 	 9.60950e-05 	 2.64732e-05 
1.220 	 1.18949e-04 	 9.33290e-05 	 2.56199e-05 
1.214 	 1.15480e-04 	 9.06754e-05 	 2.48042e-05 
1.207 	 1.12152e-04 	 8.81278e-05 	 2.40241e-05 
1.201 	 1.08958e-04 	 8.56805e-05 	 2.32774e-05 
1.194 	 1.05890e-04 	 8.33278e-05 	 2.25625e-05 
1.188 	 1.02942e-04 	 8.10647e-05 	 2.18774e-05 
1.182 	 1.00107e-04 	 7.88864e-05 	 2.12207e-05 
1.176 	 9.73792e-05 	 7.67883e-05 	 2.05908e-05 
1.169 	 9.47528e-05 	 7.47665e-05 	 1.99863e-05 
1.163 	 9.22229e-05 	 7.28169e-05 	 1.94060e-05 
1.157 	 8.97844e-05 	 7.09359e-05 	 1.88485e-05 
1.151 	 8.74328e-05 	 6.91202e-05 	 1.83127e-05 
1.146 	 8.51638e-05 	 6.73663e-05 	 1.77975e-05 
1.140 	 8.29734e-05 	 6.56715e-05 	 1.73019e-05 
1.134 	 8.08578e-05 	 6.40328e-05 	 1.68250e-05 
1.128 	 7.88134e-05 	 6.24475e-05 	 1.63659e-05 
1.123 	 7.68369e-05 	 6.09132e-05 	 1.59237e-05 
1.117 	 7.49251e-05 	 5.94275e-05 	 1.54976e-05 
1.112 	 7.30750e-05 	 5.79882e-05 	 1.50868e-05 
1.106 	 7.12839e-05 	 5.65932e-05 	 1.46908e-05 
1.101 	 6.95492e-05 	 5.52405e-05 	 1.43087e-05 
1.095 	 6.78683e-05 	 5.39283e-05 	 1.39400e-05 
1.090 	 6.62388e-05 	 5.26548e-05 	 1.35840e-05 
1.085 	 6.46586e-05 	 5.14184e-05 	 1.32403e-05 
1.079 	 6.31256e-05 	 5.02174e-05 	 1.29082e-05 
1.074 	 6.16376e-05 	 4.90503e-05 	 1.25873e-05 
1.069 	 6.01929e-05 	 4.79158e-05 	 1.22771e-05 
1.064 	 5.87896e-05 	 4.68124e-05 	 1.19772e-05 
1.059 	 5.74260e-05 	 4.57390e-05 	 1.16870e-05 
1.054 	 5.61005e-05 	 4.46942e-05 	 1.14063e-05 
1.049 	 5.48116e-05 	 4.36770e-05 	 1.11346e-05 
1.044 	 5.35578e-05 	 4.26863e-05 	 1.08715e-05 
1.039 	 5.23377e-05 	 4.17210e-05 	 1.06167e-05 
1.035 	 5.11500e-05 	 4.07802e-05 	 1.03699e-05 
1.030 	 4.99936e-05 	 3.98628e-05 	 1.01307e-05 
1.025 	 4.88671e-05 	 3.89682e-05 	 9.89895e-06 
1.020 	 4.77695e-05 	 3.80953e-05 	 9.67422e-06 
1.016 	 4.66996e-05 	 3.72433e-05 	 9.45628e-06 
1.011 	 4.56565e-05 	 3.64116e-05 	 9.24489e-06 
1.007 	 4.46391e-05 	 3.55993e-05 	 9.03978e-06 
1.002 	 4.36464e-05 	 3.48057e-05 	 8.84073e-06 
0.998 	 4.26777e-05 	 3.40302e-05 	 8.64750e-06 
0.993 	 4.17320e-05 	 3.32721e-05 	 8.45988e-06 
0.989 	 4.08085e-05 	 3.25308e-05 	 8.27767e-06 
0.985 	 3.99064e-05 	 3.18057e-05 	 8.10067e-06 
0.980 	 3.90250e-05 	 3.10963e-05 	 7.92870e-06 
0.976 	 3.81635e-05 	 3.04019e-05 	 7.76157e-06 
0.972 	 3.73213e-05 	 2.97222e-05 	 7.59910e-06 
0.968 	 3.64977e-05 	 2.90566e-05 	 7.44115e-06 
0.963 	 3.56921e-05 	 2.84046e-05 	 7.28755e-06 
0.959 	 3.49039e-05 	 2.77657e-05 	 7.13814e-06 
0.955 	 3.41325e-05 	 2.71397e-05 	 6.99279e-06 
0.951 	 3.33773e-05 	 2.65260e-05 	 6.85136e-06 
0.947 	 3.26379e-05 	 2.59242e-05 	 6.71372e-06 
0.943 	 3.19137e-05 	 2.53340e-05 	 6.57973e-06 
0.939 	 3.12042e-05 	 2.47549e-05 	 6.44928e-06 
0.935 	 3.05089e-05 	 2.41867e-05 	 6.32224e-06 
0.931 	 2.98275e-05 	 2.36289e-05 	 6.19851e-06 
0.928 	 2.91593e-05 	 2.30814e-05 	 6.07798e-06 
0.924 	 2.85042e-05 	 2.25436e-05 	 5.96055e-06 
0.920 	 2.78615e-05 	 2.20154e-05 	 5.84611e-06 
0.916 	 2.72310e-05 	 2.14964e-05 	 5.73457e-06 
0.913 	 2.66123e-05 	 2.09864e-05 	 5.62584e-06 
0.909 	 2.60050e-05 	 2.04851e-05 	 5.51983e-06 
0.905 	 2.54087e-05 	 1.99923e-05 	 5.41645e-06 
0.902 	 2.48232e-05 	 1.95076e-05 	 5.31562e-06 
0.898 	 2.42481e-05 	 1.90309e-05 	 5.21727e-06 
0.894 	 2.36832e-05 	 1.85619e-05 	 5.12132e-06 
0.891 	 2.31280e-05 	 1.81003e-05 	 5.02769e-06 
0.887 	 2.25824e-05 	 1.76461e-05 	 4.93631e-06 
0.884 	 2.20460e-05 	 1.71989e-05 	 4.84712e-06 
0.880 	 2.15187e-05 	 1.67586e-05 	 4.76006e-06 
0.877 	 2.10000e-05 	 1.63250e-05 	 4.67505e-06 
0.873 	 2.04899e-05 	 1.58978e-05 	 4.59204e-06 
0.870 	 1.99880e-05 	 1.54770e-05 	 4.51097e-06 
0.867 	 1.94940e-05 	 1.50623e-05 	 4.43178e-06 
0.863 	 1.90079e-05 	 1.46535e-05 	 4.35442e-06 
0.860 	 1.85293e-05 	 1.42505e-05 	 4.27883e-06 
0.857 	 1.80581e-05 	 1.38531e-05 	 4.20497e-06 
0.853 	 1.75940e-05 	 1.34612e-05 	 4.13279e-06 
0.850 	 1.71369e-05 	 1.30746e-05 	 4.06223e-06 
0.847 	 1.66865e-05 	 1.26932e-05 	 3.99326e-06 
0.844 	 1.62427e-05 	 1.23169e-05 	 3.92582e-06 
0.841 	 1.58053e-05 	 1.19454e-05 	 3.85988e-06 
0.838 	 1.53741e-05 	 1.15787e-05 	 3.79540e-06 
0.834 	 1.49491e-05 	 1.12167e-05 	 3.73233e-06 
0.831 	 1.45299e-05 	 1.08593e-05 	 3.67063e-06 
0.828 	 1.41165e-05 	 1.05062e-05 	 3.61028e-06 
0.825 	 1.37087e-05 	 1.01575e-05 	 3.55122e-06 
0.822 	 1.33064e-05 	 9.81299e-06 	 3.49344e-06 
0.819 	 1.29095e-05 	 9.47257e-06 	 3.43689e-06 
0.816 	 1.25177e-05 	 9.13615e-06 	 3.38154e-06 
0.813 	 1.21310e-05 	 8.80364e-06 	 3.32736e-06 
0.810 	 1.17492e-05 	 8.47492e-06 	 3.27431e-06 
0.807 	 1.13723e-05 	 8.14991e-06 	 3.22238e-06 
0.804 	 1.10000e-05 	 7.82850e-06 	 3.17153e-06 
0.802 	 1.06323e-05 	 7.51062e-06 	 3.12173e-06 
0.799 	 1.02691e-05 	 7.19616e-06 	 3.07296e-06 
0.796 	 9.91022e-06 	 6.88504e-06 	 3.02518e-06 
0.793 	 9.55556e-06 	 6.57718e-06 	 2.97838e-06 
0.790 	 9.20503e-06 	 6.27250e-06 	 2.93253e-06 
0.788 	 8.85852e-06 	 5.97092e-06 	 2.88760e-06 
0.785 	 8.51593e-06 	 5.67235e-06 	 2.84358e-06 
0.782 	 8.17716e-06 	 5.37673e-06 	 2.80043e-06 
0.779 	 7.84212e-06 	 5.08398e-06 	 2.75814e-06 
0.777 	 7.51073e-06 	 4.79403e-06 	 2.71669e-06 
0.774 	 7.18288e-06 	 4.50682e-06 	 2.67606e-06 
0.771 	 6.85851e-06 	 4.22228e-06 	 2.63622e-06 
0.769 	 6.53752e-06 	 3.94036e-06 	 2.59716e-06 
0.766 	 6.21985e-06 	 3.66099e-06 	 2.55886e-06 
0.763 	 5.90540e-06 	 3.38411e-06 	 2.52130e-06 
0.761 	 5.59412e-06 	 3.10967e-06 	 2.48446e-06 
0.758 	 5.28593e-06 	 2.83761e-06 	 2.44832e-06 
0.756 	 4.98075e-06 	 2.56787e-06 	 2.41287e-06 
0.753 	 4.67852e-06 	 2.30042e-06 	 2.37810e-06 
0.751 	 4.37916e-06 	 2.03518e-06 	 2.34398e-06 
0.748 	 4.08263e-06 	 1.77212e-06 	 2.31051e-06 
0.746 	 3.78885e-06 	 1.51119e-06 	 2.27765e-06 
0.743 	 3.49775e-06 	 1.25234e-06 	 2.24542e-06 
0.741 	 3.20929e-06 	 9.95513e-07 	 2.21377e-06 
0.738 	 2.92339e-06 	 7.40674e-07 	 2.18272e-06 
0.736 	 2.64000e-06 	 4.87774e-07 	 2.15223e-06 
0.733 	 2.35907e-06 	 2.36767e-07 	 2.12230e-06 
0.731 	 2.08053e-06 	 -1.23898e-08 	 2.09292e-06 
0.729 	 1.80433e-06 	 -2.59738e-07 	 2.06407e-06 
0.726 	 1.53042e-06 	 -5.05320e-07 	 2.03574e-06 
0.724 	 1.25874e-06 	 -7.49176e-07 	 2.00792e-06 
0.722 	 9.89246e-07 	 -9.91345e-07 	 1.98059e-06 
0.719 	 7.21889e-07 	 -1.23187e-06 	 1.95376e-06 
0.717 	 4.56620e-07 	 -1.47078e-06 	 1.92740e-06 
0.715 	 1.93390e-07 	 -1.70811e-06 	 1.90150e-06 
0.712 	 -6.78458e-08 	 -1.94391e-06 	 1.87606e-06 
0.710 	 -3.27132e-07 	 -2.17820e-06 	 1.85107e-06 
0.708 	 -5.84512e-07 	 -2.41102e-06 	 1.82651e-06 
0.706 	 -8.40028e-07 	 -2.64241e-06 	 1.80238e-06 
0.704 	 -1.09372e-06 	 -2.87239e-06 	 1.77867e-06 
0.701 	 -1.34563e-06 	 -3.10099e-06 	 1.75536e-06 
0.699 	 -1.59579e-06 	 -3.32825e-06 	 1.73246e-06 
0.697 	 -1.84424e-06 	 -3.55418e-06 	 1.70995e-06 
0.695 	 -2.09102e-06 	 -3.77883e-06 	 1.68782e-06 
0.693 	 -2.33616e-06 	 -4.00222e-06 	 1.66606e-06 
0.691 	 -2.57970e-06 	 -4.22437e-06 	 1.64467e-06 
0.688 	 -2.82167e-06 	 -4.44532e-06 	 1.62365e-06 
0.686 	 -3.06211e-06 	 -4.66508e-06 	 1.60297e-06 
0.684 	 -3.30105e-06 	 -4.88369e-06 	 1.58264e-06 
0.682 	 -3.53851e-06 	 -5.10116e-06 	 1.56265e-06 
0.680 	 -3.77454e-06 	 -5.31753e-06 	 1.54298e-06 
0.678 	 -4.00916e-06 	 -5.53281e-06 	 1.52365e-06 
0.676 	 -4.24240e-06 	 -5.74703e-06 	 1.50463e-06 
0.674 	 -4.47429e-06 	 -5.96021e-06 	 1.48592e-06 
0.672 	 -4.70486e-06 	 -6.17237e-06 	 1.46751e-06 
0.670 	 -4.93413e-06 	 -6.38354e-06 	 1.44941e-06 
0.668 	 -5.16214e-06 	 -6.59373e-06 	 1.43159e-06 
0.666 	 -5.38891e-06 	 -6.80297e-06 	 1.41407e-06 
0.664 	 -5.61446e-06 	 -7.01128e-06 	 1.39682e-06 
0.662 	 -5.83883e-06 	 -7.21868e-06 	 1.37985e-06 
0.660 	 -6.06203e-06 	 -7.42518e-06 	 1.36315e-06 
0.658 	 -6.28410e-06 	 -7.63081e-06 	 1.34672e-06 
0.656 	 -6.50504e-06 	 -7.83559e-06 	 1.33054e-06 
0.654 	 -6.72490e-06 	 -8.03952e-06 	 1.31462e-06 
0.652 	 -6.94369e-06 	 -8.24264e-06 	 1.29895e-06 
0.650 	 -7.16143e-06 	 -8.44496e-06 	 1.28353e-06 
0.649 	 -7.37815e-06 	 -8.64649e-06 	 1.26834e-06 
0.647 	 -7.59386e-06 	 -8.84725e-06 	 1.25339e-06 
0.645 	 -7.80859e-06 	 -9.04726e-06 	 1.23867e-06 
0.643 	 -8.02236e-06 	 -9.24654e-06 	 1.22418e-06 
0.641 	 -8.23519e-06 	 -9.44510e-06 	 1.20991e-06 
0.639 	 -8.44709e-06 	 -9.64295e-06 	 1.19586e-06 
0.638 	 -8.65809e-06 	 -9.84012e-06 	 1.18202e-06 
0.636 	 -8.86821e-06 	 -1.00366e-05 	 1.16840e-06 
0.634 	 -9.07747e-06 	 -1.02324e-05 	 1.15497e-06 
0.632 	 -9.28588e-06 	 -1.04276e-05 	 1.14176e-06 
0.630 	 -9.49346e-06 	 -1.06222e-05 	 1.12874e-06 
0.629 	 -9.70023e-06 	 -1.08161e-05 	 1.11591e-06 
0.627 	 -9.90620e-06 	 -1.10095e-05 	 1.10327e-06 
0.625 	 -1.01114e-05 	 -1.12022e-05 	 1.09083e-06 
0.623 	 -1.03158e-05 	 -1.13944e-05 	 1.07857e-06 
0.622 	 -1.05195e-05 	 -1.15860e-05 	 1.06648e-06 
0.620 	 -1.07225e-05 	 -1.17771e-05 	 1.05458e-06 
0.618 	 -1.09248e-05 	 -1.19676e-05 	 1.04285e-06 
0.616 	 -1.11263e-05 	 -1.21576e-05 	 1.03129e-06 
0.615 	 -1.13272e-05 	 -1.23471e-05 	 1.01990e-06 
0.613 	 -1.15274e-05 	 -1.25361e-05 	 1.00868e-06 
0.611 	 -1.17270e-05 	 -1.27246e-05 	 9.97615e-07 
0.610 	 -1.19259e-05 	 -1.29127e-05 	 9.86712e-07 
0.608 	 -1.21242e-05 	 -1.31002e-05 	 9.75965e-07 
0.606 	 -1.23219e-05 	 -1.32873e-05 	 9.65372e-07 
0.605 	 -1.25190e-05 	 -1.34740e-05 	 9.54930e-07 
0.603 	 -1.27156e-05 	 -1.36602e-05 	 9.44637e-07 
0.602 	 -1.29115e-05 	 -1.38460e-05 	 9.34489e-07 
0.600 	 -1.31069e-05 	 -1.40314e-05 	 9.24485e-07 
