Energy [eV] Ext Cross [um^2] Abs Cross [um^2] Sca Cross [um^2] 
3.000 	 4.95114e-03 	 4.65261e-03 	 2.98532e-04 
2.960 	 5.99894e-03 	 5.14690e-03 	 8.52035e-04 
2.922 	 7.54617e-03 	 5.70200e-03 	 1.84417e-03 
2.884 	 9.73358e-03 	 6.37434e-03 	 3.35924e-03 
2.848 	 1.26201e-02 	 7.17232e-03 	 5.44782e-03 
2.812 	 1.63894e-02 	 8.15364e-03 	 8.23571e-03 
2.777 	 2.12914e-02 	 9.49099e-03 	 1.18004e-02 
2.743 	 2.75802e-02 	 1.15055e-02 	 1.60747e-02 
2.710 	 3.51247e-02 	 1.43156e-02 	 2.08091e-02 
2.678 	 4.53246e-02 	 1.86935e-02 	 2.66311e-02 
2.646 	 5.71767e-02 	 2.34688e-02 	 3.37079e-02 
2.615 	 6.23623e-02 	 2.04412e-02 	 4.19211e-02 
2.585 	 6.93286e-02 	 1.80239e-02 	 5.13046e-02 
2.556 	 7.95694e-02 	 1.77895e-02 	 6.17798e-02 
2.527 	 9.13328e-02 	 1.83685e-02 	 7.29642e-02 
2.499 	 1.03558e-01 	 1.91689e-02 	 8.43896e-02 
2.471 	 1.15397e-01 	 1.99233e-02 	 9.54740e-02 
2.444 	 1.26040e-01 	 2.04789e-02 	 1.05561e-01 
2.418 	 1.34748e-01 	 2.07418e-02 	 1.14007e-01 
2.392 	 1.40962e-01 	 2.06661e-02 	 1.20296e-01 
2.367 	 1.44387e-01 	 2.02516e-02 	 1.24136e-01 
2.342 	 1.45033e-01 	 1.95359e-02 	 1.25497e-01 
2.318 	 1.43172e-01 	 1.85833e-02 	 1.24589e-01 
2.294 	 1.39254e-01 	 1.74696e-02 	 1.21784e-01 
2.271 	 1.33801e-01 	 1.62672e-02 	 1.17533e-01 
2.248 	 1.27325e-01 	 1.50385e-02 	 1.12286e-01 
2.226 	 1.20271e-01 	 1.38313e-02 	 1.06440e-01 
2.204 	 1.12993e-01 	 1.26778e-02 	 1.00316e-01 
2.182 	 1.05752e-01 	 1.15979e-02 	 9.41545e-02 
2.161 	 9.87275e-02 	 1.06014e-02 	 8.81261e-02 
2.141 	 9.20326e-02 	 9.69146e-03 	 8.23412e-02 
2.121 	 8.57321e-02 	 8.86627e-03 	 7.68658e-02 
2.101 	 7.98551e-02 	 8.12141e-03 	 7.17337e-02 
2.081 	 7.44068e-02 	 7.45090e-03 	 6.69559e-02 
2.062 	 6.93766e-02 	 6.84811e-03 	 6.25285e-02 
2.043 	 6.47449e-02 	 6.30640e-03 	 5.84385e-02 
2.025 	 6.04866e-02 	 5.81939e-03 	 5.46672e-02 
2.007 	 5.65743e-02 	 5.38109e-03 	 5.11932e-02 
1.989 	 5.29804e-02 	 4.98604e-03 	 4.79943e-02 
1.971 	 4.96779e-02 	 4.62944e-03 	 4.50485e-02 
1.954 	 4.66414e-02 	 4.30695e-03 	 4.23344e-02 
1.937 	 4.38466e-02 	 4.01470e-03 	 3.98319e-02 
1.921 	 4.12715e-02 	 3.74922e-03 	 3.75223e-02 
1.904 	 3.88959e-02 	 3.50757e-03 	 3.53883e-02 
1.888 	 3.67016e-02 	 3.28716e-03 	 3.34145e-02 
1.873 	 3.46721e-02 	 3.08569e-03 	 3.15864e-02 
1.857 	 3.27924e-02 	 2.90110e-03 	 2.98913e-02 
1.842 	 3.10490e-02 	 2.73162e-03 	 2.83173e-02 
1.827 	 2.94297e-02 	 2.57568e-03 	 2.68540e-02 
1.812 	 2.79237e-02 	 2.43190e-03 	 2.54918e-02 
1.798 	 2.65211e-02 	 2.29906e-03 	 2.42221e-02 
1.783 	 2.52132e-02 	 2.17611e-03 	 2.30371e-02 
1.769 	 2.39920e-02 	 2.06208e-03 	 2.19299e-02 
1.755 	 2.28502e-02 	 1.95612e-03 	 2.08941e-02 
1.742 	 2.17814e-02 	 1.85749e-03 	 1.99239e-02 
1.728 	 2.07797e-02 	 1.76551e-03 	 1.90142e-02 
1.715 	 1.98398e-02 	 1.67959e-03 	 1.81602e-02 
1.702 	 1.89569e-02 	 1.59920e-03 	 1.73577e-02 
1.689 	 1.81266e-02 	 1.52386e-03 	 1.66028e-02 
1.677 	 1.73450e-02 	 1.45314e-03 	 1.58919e-02 
1.664 	 1.66085e-02 	 1.38665e-03 	 1.52218e-02 
1.652 	 1.59137e-02 	 1.32406e-03 	 1.45896e-02 
1.640 	 1.52577e-02 	 1.26505e-03 	 1.39926e-02 
1.628 	 1.46377e-02 	 1.20932e-03 	 1.34284e-02 
1.616 	 1.40512e-02 	 1.15664e-03 	 1.28945e-02 
1.605 	 1.34959e-02 	 1.10677e-03 	 1.23891e-02 
1.593 	 1.29697e-02 	 1.05949e-03 	 1.19102e-02 
1.582 	 1.24707e-02 	 1.01461e-03 	 1.14561e-02 
1.571 	 1.19970e-02 	 9.71961e-04 	 1.10250e-02 
1.560 	 1.15471e-02 	 9.31383e-04 	 1.06157e-02 
1.549 	 1.11193e-02 	 8.92729e-04 	 1.02266e-02 
1.539 	 1.07124e-02 	 8.55867e-04 	 9.85656e-03 
1.528 	 1.03251e-02 	 8.20674e-04 	 9.50438e-03 
1.518 	 9.95601e-03 	 7.87039e-04 	 9.16897e-03 
1.508 	 9.60420e-03 	 7.54858e-04 	 8.84934e-03 
1.497 	 9.26858e-03 	 7.24037e-04 	 8.54455e-03 
1.488 	 8.94822e-03 	 6.94488e-04 	 8.25373e-03 
1.478 	 8.64222e-03 	 6.66130e-04 	 7.97609e-03 
1.468 	 8.34976e-03 	 6.38889e-04 	 7.71087e-03 
1.459 	 8.07008e-03 	 6.12696e-04 	 7.45738e-03 
1.449 	 7.80245e-03 	 5.87489e-04 	 7.21496e-03 
1.440 	 7.54623e-03 	 5.63207e-04 	 6.98302e-03 
1.431 	 7.30078e-03 	 5.39797e-04 	 6.76098e-03 
1.422 	 7.06552e-03 	 5.17207e-04 	 6.54832e-03 
1.413 	 6.83992e-03 	 4.95390e-04 	 6.34453e-03 
1.404 	 6.62346e-03 	 4.74301e-04 	 6.14916e-03 
1.395 	 6.41567e-03 	 4.53900e-04 	 5.96177e-03 
1.386 	 6.21610e-03 	 4.34148e-04 	 5.78195e-03 
1.378 	 6.02433e-03 	 4.15011e-04 	 5.60932e-03 
1.369 	 5.83998e-03 	 3.96454e-04 	 5.44352e-03 
1.361 	 5.66267e-03 	 3.78448e-04 	 5.28422e-03 
1.353 	 5.49205e-03 	 3.60962e-04 	 5.13109e-03 
1.345 	 5.32781e-03 	 3.43970e-04 	 4.98384e-03 
1.337 	 5.16963e-03 	 3.27445e-04 	 4.84218e-03 
1.329 	 5.01722e-03 	 3.11364e-04 	 4.70586e-03 
1.321 	 4.87032e-03 	 2.95704e-04 	 4.57461e-03 
1.313 	 4.72865e-03 	 2.80445e-04 	 4.44821e-03 
1.306 	 4.59199e-03 	 2.65565e-04 	 4.32643e-03 
1.298 	 4.46011e-03 	 2.51047e-04 	 4.20906e-03 
1.291 	 4.33277e-03 	 2.36874e-04 	 4.09590e-03 
1.283 	 4.20979e-03 	 2.23027e-04 	 3.98676e-03 
1.276 	 4.09096e-03 	 2.09492e-04 	 3.88147e-03 
1.269 	 3.97611e-03 	 1.96254e-04 	 3.77986e-03 
1.262 	 3.86506e-03 	 1.83298e-04 	 3.68176e-03 
1.255 	 3.75764e-03 	 1.70612e-04 	 3.58703e-03 
1.248 	 3.65370e-03 	 1.58182e-04 	 3.49552e-03 
1.241 	 3.55309e-03 	 1.45999e-04 	 3.40709e-03 
1.234 	 3.45567e-03 	 1.34049e-04 	 3.32163e-03 
1.227 	 3.36131e-03 	 1.22323e-04 	 3.23899e-03 
1.220 	 3.26988e-03 	 1.10811e-04 	 3.15907e-03 
1.214 	 3.18126e-03 	 9.95026e-05 	 3.08176e-03 
1.207 	 3.09533e-03 	 8.83893e-05 	 3.00694e-03 
1.201 	 3.01199e-03 	 7.74625e-05 	 2.93453e-03 
1.194 	 2.93113e-03 	 6.67138e-05 	 2.86442e-03 
1.188 	 2.85266e-03 	 5.61357e-05 	 2.79652e-03 
1.182 	 2.77647e-03 	 4.57207e-05 	 2.73075e-03 
1.176 	 2.70249e-03 	 3.54619e-05 	 2.66703e-03 
1.169 	 2.63062e-03 	 2.53528e-05 	 2.60526e-03 
1.163 	 2.56078e-03 	 1.53868e-05 	 2.54539e-03 
1.157 	 2.49290e-03 	 5.55802e-06 	 2.48734e-03 
1.151 	 2.42689e-03 	 -4.13936e-06 	 2.43103e-03 
1.146 	 2.36270e-03 	 -1.37109e-05 	 2.37641e-03 
1.140 	 2.30025e-03 	 -2.31618e-05 	 2.32341e-03 
1.134 	 2.23948e-03 	 -3.24971e-05 	 2.27198e-03 
1.128 	 2.18032e-03 	 -4.17218e-05 	 2.22204e-03 
1.123 	 2.12272e-03 	 -5.08403e-05 	 2.17356e-03 
1.117 	 2.06662e-03 	 -5.98569e-05 	 2.12648e-03 
1.112 	 2.01197e-03 	 -6.87758e-05 	 2.08074e-03 
1.106 	 1.95871e-03 	 -7.76010e-05 	 2.03631e-03 
1.101 	 1.90679e-03 	 -8.63363e-05 	 1.99313e-03 
1.095 	 1.85617e-03 	 -9.49852e-05 	 1.95116e-03 
1.090 	 1.80681e-03 	 -1.03551e-04 	 1.91036e-03 
1.085 	 1.75865e-03 	 -1.12038e-04 	 1.87069e-03 
1.079 	 1.71165e-03 	 -1.20448e-04 	 1.83210e-03 
1.074 	 1.66579e-03 	 -1.28785e-04 	 1.79457e-03 
1.069 	 1.62101e-03 	 -1.37053e-04 	 1.75806e-03 
1.064 	 1.57728e-03 	 -1.45253e-04 	 1.72253e-03 
1.059 	 1.53456e-03 	 -1.53388e-04 	 1.68795e-03 
1.054 	 1.49283e-03 	 -1.61462e-04 	 1.65429e-03 
1.049 	 1.45204e-03 	 -1.69476e-04 	 1.62151e-03 
1.044 	 1.41217e-03 	 -1.77433e-04 	 1.58960e-03 
1.039 	 1.37318e-03 	 -1.85336e-04 	 1.55852e-03 
1.035 	 1.33506e-03 	 -1.93186e-04 	 1.52824e-03 
1.030 	 1.29776e-03 	 -2.00986e-04 	 1.49875e-03 
1.025 	 1.26127e-03 	 -2.08737e-04 	 1.47000e-03 
1.020 	 1.22555e-03 	 -2.16442e-04 	 1.44199e-03 
1.016 	 1.19058e-03 	 -2.24103e-04 	 1.41468e-03 
1.011 	 1.15634e-03 	 -2.31721e-04 	 1.38806e-03 
1.007 	 1.12281e-03 	 -2.39299e-04 	 1.36211e-03 
1.002 	 1.08996e-03 	 -2.46837e-04 	 1.33680e-03 
0.998 	 1.05777e-03 	 -2.54338e-04 	 1.31211e-03 
0.993 	 1.02622e-03 	 -2.61804e-04 	 1.28802e-03 
0.989 	 9.95290e-04 	 -2.69235e-04 	 1.26452e-03 
0.985 	 9.64963e-04 	 -2.76633e-04 	 1.24160e-03 
0.980 	 9.35219e-04 	 -2.84000e-04 	 1.21922e-03 
0.976 	 9.06040e-04 	 -2.91338e-04 	 1.19738e-03 
0.972 	 8.77410e-04 	 -2.98646e-04 	 1.17606e-03 
0.968 	 8.49311e-04 	 -3.05928e-04 	 1.15524e-03 
0.963 	 8.21728e-04 	 -3.13183e-04 	 1.13491e-03 
0.959 	 7.94645e-04 	 -3.20413e-04 	 1.11506e-03 
0.955 	 7.68048e-04 	 -3.27619e-04 	 1.09567e-03 
0.951 	 7.41921e-04 	 -3.34803e-04 	 1.07672e-03 
0.947 	 7.16252e-04 	 -3.41965e-04 	 1.05822e-03 
0.943 	 6.91026e-04 	 -3.49106e-04 	 1.04013e-03 
0.939 	 6.66231e-04 	 -3.56228e-04 	 1.02246e-03 
0.935 	 6.41854e-04 	 -3.63331e-04 	 1.00518e-03 
0.931 	 6.17883e-04 	 -3.70417e-04 	 9.88300e-04 
0.928 	 5.94306e-04 	 -3.77486e-04 	 9.71792e-04 
0.924 	 5.71112e-04 	 -3.84539e-04 	 9.55651e-04 
0.920 	 5.48290e-04 	 -3.91577e-04 	 9.39868e-04 
0.916 	 5.25830e-04 	 -3.98602e-04 	 9.24432e-04 
0.913 	 5.03721e-04 	 -4.05612e-04 	 9.09334e-04 
0.909 	 4.81953e-04 	 -4.12611e-04 	 8.94564e-04 
0.905 	 4.60517e-04 	 -4.19597e-04 	 8.80114e-04 
0.902 	 4.39403e-04 	 -4.26573e-04 	 8.65976e-04 
0.898 	 4.18603e-04 	 -4.33538e-04 	 8.52141e-04 
0.894 	 3.98108e-04 	 -4.40493e-04 	 8.38600e-04 
0.891 	 3.77908e-04 	 -4.47439e-04 	 8.25347e-04 
0.887 	 3.57997e-04 	 -4.54376e-04 	 8.12373e-04 
0.884 	 3.38366e-04 	 -4.61306e-04 	 7.99672e-04 
0.880 	 3.19008e-04 	 -4.68228e-04 	 7.87236e-04 
0.877 	 2.99914e-04 	 -4.75144e-04 	 7.75059e-04 
0.873 	 2.81079e-04 	 -4.82054e-04 	 7.63133e-04 
0.870 	 2.62494e-04 	 -4.88958e-04 	 7.51452e-04 
0.867 	 2.44154e-04 	 -4.95858e-04 	 7.40011e-04 
0.863 	 2.26050e-04 	 -5.02753e-04 	 7.28803e-04 
0.860 	 2.08178e-04 	 -5.09644e-04 	 7.17822e-04 
0.857 	 1.90530e-04 	 -5.16533e-04 	 7.07063e-04 
0.853 	 1.73101e-04 	 -5.23419e-04 	 6.96519e-04 
0.850 	 1.55885e-04 	 -5.30302e-04 	 6.86187e-04 
0.847 	 1.38875e-04 	 -5.37184e-04 	 6.76060e-04 
0.844 	 1.22068e-04 	 -5.44065e-04 	 6.66133e-04 
0.841 	 1.05457e-04 	 -5.50945e-04 	 6.56402e-04 
0.838 	 8.90368e-05 	 -5.57825e-04 	 6.46861e-04 
0.834 	 7.28031e-05 	 -5.64704e-04 	 6.37507e-04 
0.831 	 5.67509e-05 	 -5.71583e-04 	 6.28334e-04 
0.828 	 4.08754e-05 	 -5.78463e-04 	 6.19339e-04 
0.825 	 2.51721e-05 	 -5.85344e-04 	 6.10516e-04 
0.822 	 9.63661e-06 	 -5.92225e-04 	 6.01862e-04 
0.819 	 -5.73540e-06 	 -5.99108e-04 	 5.93373e-04 
0.816 	 -2.09481e-05 	 -6.05993e-04 	 5.85045e-04 
0.813 	 -3.60055e-05 	 -6.12879e-04 	 5.76874e-04 
0.810 	 -5.09117e-05 	 -6.19768e-04 	 5.68856e-04 
0.807 	 -6.56706e-05 	 -6.26659e-04 	 5.60988e-04 
0.804 	 -8.02859e-05 	 -6.33553e-04 	 5.53267e-04 
0.802 	 -9.47614e-05 	 -6.40450e-04 	 5.45689e-04 
0.799 	 -1.09101e-04 	 -6.47351e-04 	 5.38250e-04 
0.796 	 -1.23308e-04 	 -6.54256e-04 	 5.30949e-04 
0.793 	 -1.37385e-04 	 -6.61165e-04 	 5.23780e-04 
0.790 	 -1.51337e-04 	 -6.68079e-04 	 5.16743e-04 
0.788 	 -1.65166e-04 	 -6.74998e-04 	 5.09832e-04 
0.785 	 -1.78875e-04 	 -6.81922e-04 	 5.03047e-04 
0.782 	 -1.92468e-04 	 -6.88852e-04 	 4.96383e-04 
0.779 	 -2.05948e-04 	 -6.95787e-04 	 4.89839e-04 
0.777 	 -2.19318e-04 	 -7.02729e-04 	 4.83412e-04 
0.774 	 -2.32579e-04 	 -7.09677e-04 	 4.77098e-04 
0.771 	 -2.45736e-04 	 -7.16632e-04 	 4.70896e-04 
0.769 	 -2.58791e-04 	 -7.23594e-04 	 4.64803e-04 
0.766 	 -2.71745e-04 	 -7.30562e-04 	 4.58817e-04 
0.763 	 -2.84603e-04 	 -7.37537e-04 	 4.52935e-04 
0.761 	 -2.97365e-04 	 -7.44520e-04 	 4.47155e-04 
0.758 	 -3.10035e-04 	 -7.51510e-04 	 4.41475e-04 
0.756 	 -3.22614e-04 	 -7.58507e-04 	 4.35893e-04 
0.753 	 -3.35106e-04 	 -7.65512e-04 	 4.30406e-04 
0.751 	 -3.47512e-04 	 -7.72525e-04 	 4.25014e-04 
0.748 	 -3.59834e-04 	 -7.79546e-04 	 4.19712e-04 
0.746 	 -3.72074e-04 	 -7.86575e-04 	 4.14501e-04 
0.743 	 -3.84235e-04 	 -7.93612e-04 	 4.09377e-04 
0.741 	 -3.96318e-04 	 -8.00657e-04 	 4.04339e-04 
0.738 	 -4.08325e-04 	 -8.07711e-04 	 3.99386e-04 
0.736 	 -4.20259e-04 	 -8.14773e-04 	 3.94514e-04 
0.733 	 -4.32121e-04 	 -8.21845e-04 	 3.89724e-04 
0.731 	 -4.43912e-04 	 -8.28925e-04 	 3.85013e-04 
0.729 	 -4.55636e-04 	 -8.36015e-04 	 3.80379e-04 
0.726 	 -4.67293e-04 	 -8.43114e-04 	 3.75821e-04 
0.724 	 -4.78885e-04 	 -8.50223e-04 	 3.71337e-04 
0.722 	 -4.90415e-04 	 -8.57341e-04 	 3.66926e-04 
0.719 	 -5.01882e-04 	 -8.64469e-04 	 3.62587e-04 
0.717 	 -5.13290e-04 	 -8.71608e-04 	 3.58318e-04 
0.715 	 -5.24640e-04 	 -8.78757e-04 	 3.54117e-04 
0.712 	 -5.35932e-04 	 -8.85916e-04 	 3.49983e-04 
0.710 	 -5.47170e-04 	 -8.93085e-04 	 3.45916e-04 
0.708 	 -5.58353e-04 	 -9.00266e-04 	 3.41912e-04 
0.706 	 -5.69484e-04 	 -9.07457e-04 	 3.37973e-04 
0.704 	 -5.80564e-04 	 -9.14659e-04 	 3.34095e-04 
0.701 	 -5.91594e-04 	 -9.21872e-04 	 3.30278e-04 
0.699 	 -6.02576e-04 	 -9.29096e-04 	 3.26521e-04 
0.697 	 -6.13510e-04 	 -9.36332e-04 	 3.22822e-04 
0.695 	 -6.24398e-04 	 -9.43579e-04 	 3.19181e-04 
0.693 	 -6.35241e-04 	 -9.50837e-04 	 3.15595e-04 
0.691 	 -6.46041e-04 	 -9.58106e-04 	 3.12066e-04 
0.688 	 -6.56797e-04 	 -9.65387e-04 	 3.08590e-04 
0.686 	 -6.67513e-04 	 -9.72680e-04 	 3.05167e-04 
0.684 	 -6.78188e-04 	 -9.79984e-04 	 3.01796e-04 
0.682 	 -6.88823e-04 	 -9.87300e-04 	 2.98477e-04 
0.680 	 -6.99420e-04 	 -9.94628e-04 	 2.95207e-04 
0.678 	 -7.09980e-04 	 -1.00197e-03 	 2.91987e-04 
0.676 	 -7.20504e-04 	 -1.00932e-03 	 2.88815e-04 
0.674 	 -7.30992e-04 	 -1.01668e-03 	 2.85690e-04 
0.672 	 -7.41446e-04 	 -1.02406e-03 	 2.82612e-04 
0.670 	 -7.51866e-04 	 -1.03145e-03 	 2.79580e-04 
0.668 	 -7.62254e-04 	 -1.03885e-03 	 2.76592e-04 
0.666 	 -7.72610e-04 	 -1.04626e-03 	 2.73648e-04 
0.664 	 -7.82936e-04 	 -1.05368e-03 	 2.70747e-04 
0.662 	 -7.93231e-04 	 -1.06112e-03 	 2.67889e-04 
0.660 	 -8.03497e-04 	 -1.06857e-03 	 2.65072e-04 
0.658 	 -8.13735e-04 	 -1.07603e-03 	 2.62296e-04 
0.656 	 -8.23946e-04 	 -1.08351e-03 	 2.59561e-04 
0.654 	 -8.34129e-04 	 -1.09099e-03 	 2.56864e-04 
0.652 	 -8.44287e-04 	 -1.09849e-03 	 2.54206e-04 
0.650 	 -8.54419e-04 	 -1.10601e-03 	 2.51587e-04 
0.649 	 -8.64527e-04 	 -1.11353e-03 	 2.49004e-04 
0.647 	 -8.74611e-04 	 -1.12107e-03 	 2.46458e-04 
0.645 	 -8.84672e-04 	 -1.12862e-03 	 2.43948e-04 
0.643 	 -8.94711e-04 	 -1.13618e-03 	 2.41474e-04 
0.641 	 -9.04727e-04 	 -1.14376e-03 	 2.39034e-04 
0.639 	 -9.14723e-04 	 -1.15135e-03 	 2.36629e-04 
0.638 	 -9.24698e-04 	 -1.15895e-03 	 2.34257e-04 
0.636 	 -9.34654e-04 	 -1.16657e-03 	 2.31917e-04 
0.634 	 -9.44590e-04 	 -1.17420e-03 	 2.29611e-04 
0.632 	 -9.54507e-04 	 -1.18184e-03 	 2.27336e-04 
0.630 	 -9.64407e-04 	 -1.18950e-03 	 2.25092e-04 
0.629 	 -9.74289e-04 	 -1.19717e-03 	 2.22879e-04 
0.627 	 -9.84155e-04 	 -1.20485e-03 	 2.20696e-04 
0.625 	 -9.94004e-04 	 -1.21255e-03 	 2.18543e-04 
0.623 	 -1.00384e-03 	 -1.22026e-03 	 2.16420e-04 
0.622 	 -1.01366e-03 	 -1.22798e-03 	 2.14325e-04 
0.620 	 -1.02346e-03 	 -1.23572e-03 	 2.12258e-04 
0.618 	 -1.03325e-03 	 -1.24347e-03 	 2.10219e-04 
0.616 	 -1.04303e-03 	 -1.25123e-03 	 2.08207e-04 
0.615 	 -1.05279e-03 	 -1.25901e-03 	 2.06222e-04 
0.613 	 -1.06254e-03 	 -1.26680e-03 	 2.04263e-04 
0.611 	 -1.07228e-03 	 -1.27461e-03 	 2.02331e-04 
0.610 	 -1.08201e-03 	 -1.28243e-03 	 2.00424e-04 
0.608 	 -1.09172e-03 	 -1.29026e-03 	 1.98542e-04 
0.606 	 -1.10143e-03 	 -1.29811e-03 	 1.96684e-04 
0.605 	 -1.11112e-03 	 -1.30597e-03 	 1.94851e-04 
0.603 	 -1.12081e-03 	 -1.31385e-03 	 1.93042e-04 
0.602 	 -1.13049e-03 	 -1.32174e-03 	 1.91257e-04 
0.600 	 -1.14015e-03 	 -1.32965e-03 	 1.89494e-04 
