Energy [eV] Ext Cross [um^2] Abs Cross [um^2] Sca Cross [um^2] 
3.000 	 9.57780e-05 	 9.55986e-05 	 1.79337e-07 
2.960 	 1.24657e-04 	 1.24066e-04 	 5.90275e-07 
2.922 	 1.67425e-04 	 1.65899e-04 	 1.52565e-06 
2.884 	 2.36554e-04 	 2.33079e-04 	 3.47536e-06 
2.848 	 3.53794e-04 	 3.46338e-04 	 7.45558e-06 
2.812 	 5.75671e-04 	 5.59458e-04 	 1.62130e-05 
2.777 	 1.05823e-03 	 1.02056e-03 	 3.76712e-05 
2.743 	 2.28414e-03 	 2.18534e-03 	 9.87992e-05 
2.710 	 5.02436e-03 	 4.76732e-03 	 2.57039e-04 
2.678 	 4.76135e-03 	 4.47975e-03 	 2.81600e-04 
2.646 	 2.17919e-03 	 2.03313e-03 	 1.46058e-04 
2.615 	 1.07193e-03 	 9.91830e-04 	 8.00956e-05 
2.585 	 6.17674e-04 	 5.66899e-04 	 5.07748e-05 
2.556 	 3.99130e-04 	 3.63433e-04 	 3.56966e-05 
2.527 	 2.79335e-04 	 2.52422e-04 	 2.69133e-05 
2.499 	 2.07135e-04 	 1.85834e-04 	 2.13018e-05 
2.471 	 1.60679e-04 	 1.43218e-04 	 1.74616e-05 
2.444 	 1.29811e-04 	 1.15110e-04 	 1.47016e-05 
2.418 	 1.08741e-04 	 9.60591e-05 	 1.26822e-05 
2.392 	 9.05137e-05 	 7.93719e-05 	 1.11419e-05 
2.367 	 7.55302e-05 	 6.56674e-05 	 9.86286e-06 
2.342 	 6.43883e-05 	 5.55786e-05 	 8.80972e-06 
2.318 	 5.58061e-05 	 4.78679e-05 	 7.93821e-06 
2.294 	 4.89681e-05 	 4.17614e-05 	 7.20678e-06 
2.271 	 4.33919e-05 	 3.68074e-05 	 6.58448e-06 
2.248 	 3.87675e-05 	 3.27187e-05 	 6.04876e-06 
2.226 	 3.48812e-05 	 2.92983e-05 	 5.58287e-06 
2.204 	 3.15776e-05 	 2.64035e-05 	 5.17408e-06 
2.182 	 2.87415e-05 	 2.39289e-05 	 4.81258e-06 
2.161 	 2.62861e-05 	 2.17954e-05 	 4.49071e-06 
2.141 	 2.41439e-05 	 1.99416e-05 	 4.20237e-06 
2.121 	 2.22621e-05 	 1.83195e-05 	 3.94265e-06 
2.101 	 2.05988e-05 	 1.68912e-05 	 3.70758e-06 
2.081 	 1.91201e-05 	 1.56262e-05 	 3.49387e-06 
2.062 	 1.77988e-05 	 1.45000e-05 	 3.29880e-06 
2.043 	 1.66124e-05 	 1.34923e-05 	 3.12010e-06 
2.025 	 1.55426e-05 	 1.25867e-05 	 2.95586e-06 
2.007 	 1.45738e-05 	 1.17694e-05 	 2.80444e-06 
1.989 	 1.36931e-05 	 1.10287e-05 	 2.66445e-06 
1.971 	 1.28898e-05 	 1.03551e-05 	 2.53470e-06 
1.954 	 1.21548e-05 	 9.74062e-06 	 2.41416e-06 
1.937 	 1.14800e-05 	 9.17809e-06 	 2.30193e-06 
1.921 	 1.08587e-05 	 8.66149e-06 	 2.19722e-06 
1.904 	 1.02851e-05 	 8.18575e-06 	 2.09933e-06 
1.888 	 9.75421e-06 	 7.74654e-06 	 2.00767e-06 
1.873 	 9.26173e-06 	 7.34003e-06 	 1.92170e-06 
1.857 	 8.80378e-06 	 6.96285e-06 	 1.84093e-06 
1.842 	 8.37698e-06 	 6.61203e-06 	 1.76495e-06 
1.827 	 7.97840e-06 	 6.28503e-06 	 1.69337e-06 
1.812 	 7.60542e-06 	 5.97958e-06 	 1.62584e-06 
1.798 	 7.25577e-06 	 5.69371e-06 	 1.56206e-06 
1.783 	 6.92744e-06 	 5.42568e-06 	 1.50176e-06 
1.769 	 6.61858e-06 	 5.17390e-06 	 1.44468e-06 
1.755 	 6.32755e-06 	 4.93696e-06 	 1.39059e-06 
1.742 	 6.05289e-06 	 4.71361e-06 	 1.33929e-06 
1.728 	 5.79329e-06 	 4.50272e-06 	 1.29058e-06 
1.715 	 5.54758e-06 	 4.30329e-06 	 1.24429e-06 
1.702 	 5.31469e-06 	 4.11442e-06 	 1.20027e-06 
1.689 	 5.09366e-06 	 3.93529e-06 	 1.15837e-06 
1.677 	 4.88362e-06 	 3.76517e-06 	 1.11845e-06 
1.664 	 4.68378e-06 	 3.60337e-06 	 1.08040e-06 
1.652 	 4.49340e-06 	 3.44930e-06 	 1.04410e-06 
1.640 	 4.31184e-06 	 3.30239e-06 	 1.00945e-06 
1.628 	 4.13848e-06 	 3.16213e-06 	 9.76347e-07 
1.616 	 3.97279e-06 	 3.02809e-06 	 9.44704e-07 
1.605 	 3.81425e-06 	 2.89981e-06 	 9.14438e-07 
1.593 	 3.66240e-06 	 2.77693e-06 	 8.85471e-07 
1.582 	 3.51682e-06 	 2.65909e-06 	 8.57734e-07 
1.571 	 3.37710e-06 	 2.54594e-06 	 8.31157e-07 
1.560 	 3.24289e-06 	 2.43721e-06 	 8.05681e-07 
1.549 	 3.11386e-06 	 2.33261e-06 	 7.81245e-07 
1.539 	 2.98969e-06 	 2.23189e-06 	 7.57796e-07 
1.528 	 2.87009e-06 	 2.13481e-06 	 7.35284e-07 
1.518 	 2.75481e-06 	 2.04115e-06 	 7.13661e-07 
1.508 	 2.64360e-06 	 1.95072e-06 	 6.92881e-07 
1.497 	 2.53623e-06 	 1.86332e-06 	 6.72904e-07 
1.488 	 2.43247e-06 	 1.77878e-06 	 6.53691e-07 
1.478 	 2.33214e-06 	 1.69693e-06 	 6.35203e-07 
1.468 	 2.23504e-06 	 1.61763e-06 	 6.17407e-07 
1.459 	 2.14101e-06 	 1.54074e-06 	 6.00271e-07 
1.449 	 2.04987e-06 	 1.46611e-06 	 5.83762e-07 
1.440 	 1.96150e-06 	 1.39364e-06 	 5.67853e-07 
1.431 	 1.87573e-06 	 1.32321e-06 	 5.52516e-07 
1.422 	 1.79243e-06 	 1.25471e-06 	 5.37724e-07 
1.413 	 1.71149e-06 	 1.18803e-06 	 5.23455e-07 
1.404 	 1.63277e-06 	 1.12309e-06 	 5.09684e-07 
1.395 	 1.55618e-06 	 1.05979e-06 	 4.96390e-07 
1.386 	 1.48160e-06 	 9.98051e-07 	 4.83552e-07 
1.378 	 1.40895e-06 	 9.37800e-07 	 4.71150e-07 
1.369 	 1.33813e-06 	 8.78961e-07 	 4.59167e-07 
1.361 	 1.26905e-06 	 8.21467e-07 	 4.47584e-07 
1.353 	 1.20164e-06 	 7.65251e-07 	 4.36385e-07 
1.345 	 1.13581e-06 	 7.10252e-07 	 4.25554e-07 
1.337 	 1.07149e-06 	 6.56411e-07 	 4.15075e-07 
1.329 	 1.00861e-06 	 6.03674e-07 	 4.04935e-07 
1.321 	 9.47109e-07 	 5.51989e-07 	 3.95120e-07 
1.313 	 8.86925e-07 	 5.01308e-07 	 3.85618e-07 
1.306 	 8.27999e-07 	 4.51585e-07 	 3.76414e-07 
1.298 	 7.70276e-07 	 4.02777e-07 	 3.67499e-07 
1.291 	 7.13703e-07 	 3.54843e-07 	 3.58860e-07 
1.283 	 6.58230e-07 	 3.07742e-07 	 3.50488e-07 
1.276 	 6.03809e-07 	 2.61438e-07 	 3.42371e-07 
1.269 	 5.50396e-07 	 2.15895e-07 	 3.34501e-07 
1.262 	 4.97946e-07 	 1.71078e-07 	 3.26867e-07 
1.255 	 4.46420e-07 	 1.26957e-07 	 3.19462e-07 
1.248 	 3.95779e-07 	 8.35019e-08 	 3.12277e-07 
1.241 	 3.45986e-07 	 4.06832e-08 	 3.05303e-07 
1.234 	 2.97007e-07 	 -1.52596e-09 	 2.98533e-07 
1.227 	 2.48808e-07 	 -4.31517e-08 	 2.91960e-07 
1.220 	 2.01357e-07 	 -8.42188e-08 	 2.85576e-07 
1.214 	 1.54624e-07 	 -1.24751e-07 	 2.79375e-07 
1.207 	 1.08579e-07 	 -1.64771e-07 	 2.73350e-07 
1.201 	 6.31941e-08 	 -2.04301e-07 	 2.67495e-07 
1.194 	 1.84435e-08 	 -2.43361e-07 	 2.61805e-07 
1.188 	 -2.56985e-08 	 -2.81971e-07 	 2.56273e-07 
1.182 	 -6.92559e-08 	 -3.20150e-07 	 2.50894e-07 
1.176 	 -1.12252e-07 	 -3.57915e-07 	 2.45663e-07 
1.169 	 -1.54708e-07 	 -3.95283e-07 	 2.40575e-07 
1.163 	 -1.96647e-07 	 -4.32272e-07 	 2.35625e-07 
1.157 	 -2.38087e-07 	 -4.68895e-07 	 2.30808e-07 
1.151 	 -2.79050e-07 	 -5.05170e-07 	 2.26120e-07 
1.146 	 -3.19552e-07 	 -5.41110e-07 	 2.21557e-07 
1.140 	 -3.59614e-07 	 -5.76728e-07 	 2.17115e-07 
1.134 	 -3.99251e-07 	 -6.12040e-07 	 2.12789e-07 
1.128 	 -4.38480e-07 	 -6.47056e-07 	 2.08576e-07 
1.123 	 -4.77318e-07 	 -6.81790e-07 	 2.04473e-07 
1.117 	 -5.15778e-07 	 -7.16254e-07 	 2.00475e-07 
1.112 	 -5.53877e-07 	 -7.50457e-07 	 1.96580e-07 
1.106 	 -5.91626e-07 	 -7.84411e-07 	 1.92784e-07 
1.101 	 -6.29041e-07 	 -8.18126e-07 	 1.89085e-07 
1.095 	 -6.66134e-07 	 -8.51612e-07 	 1.85478e-07 
1.090 	 -7.02916e-07 	 -8.84878e-07 	 1.81962e-07 
1.085 	 -7.39401e-07 	 -9.17933e-07 	 1.78533e-07 
1.079 	 -7.75599e-07 	 -9.50788e-07 	 1.75189e-07 
1.074 	 -8.11522e-07 	 -9.83449e-07 	 1.71927e-07 
1.069 	 -8.47181e-07 	 -1.01593e-06 	 1.68745e-07 
1.064 	 -8.82586e-07 	 -1.04823e-06 	 1.65640e-07 
1.059 	 -9.17747e-07 	 -1.08036e-06 	 1.62610e-07 
1.054 	 -9.52674e-07 	 -1.11233e-06 	 1.59654e-07 
1.049 	 -9.87376e-07 	 -1.14414e-06 	 1.56767e-07 
1.044 	 -1.02186e-06 	 -1.17581e-06 	 1.53950e-07 
1.039 	 -1.05614e-06 	 -1.20734e-06 	 1.51199e-07 
1.035 	 -1.09022e-06 	 -1.23873e-06 	 1.48512e-07 
1.030 	 -1.12410e-06 	 -1.26999e-06 	 1.45889e-07 
1.025 	 -1.15780e-06 	 -1.30113e-06 	 1.43326e-07 
1.020 	 -1.19133e-06 	 -1.33215e-06 	 1.40823e-07 
1.016 	 -1.22468e-06 	 -1.36306e-06 	 1.38377e-07 
1.011 	 -1.25788e-06 	 -1.39386e-06 	 1.35987e-07 
1.007 	 -1.29091e-06 	 -1.42456e-06 	 1.33651e-07 
1.002 	 -1.32380e-06 	 -1.45517e-06 	 1.31369e-07 
0.998 	 -1.35654e-06 	 -1.48568e-06 	 1.29137e-07 
0.993 	 -1.38915e-06 	 -1.51611e-06 	 1.26956e-07 
0.989 	 -1.42163e-06 	 -1.54645e-06 	 1.24823e-07 
0.985 	 -1.45398e-06 	 -1.57672e-06 	 1.22738e-07 
0.980 	 -1.48621e-06 	 -1.60691e-06 	 1.20699e-07 
0.976 	 -1.51833e-06 	 -1.63703e-06 	 1.18704e-07 
0.972 	 -1.55034e-06 	 -1.66709e-06 	 1.16753e-07 
0.968 	 -1.58224e-06 	 -1.69708e-06 	 1.14844e-07 
0.963 	 -1.61404e-06 	 -1.72702e-06 	 1.12976e-07 
0.959 	 -1.64575e-06 	 -1.75690e-06 	 1.11149e-07 
0.955 	 -1.67736e-06 	 -1.78672e-06 	 1.09360e-07 
0.951 	 -1.70889e-06 	 -1.81650e-06 	 1.07610e-07 
0.947 	 -1.74034e-06 	 -1.84624e-06 	 1.05897e-07 
0.943 	 -1.77171e-06 	 -1.87593e-06 	 1.04219e-07 
0.939 	 -1.80301e-06 	 -1.90558e-06 	 1.02577e-07 
0.935 	 -1.83423e-06 	 -1.93520e-06 	 1.00970e-07 
0.931 	 -1.86539e-06 	 -1.96479e-06 	 9.93952e-08 
0.928 	 -1.89649e-06 	 -1.99434e-06 	 9.78534e-08 
0.924 	 -1.92752e-06 	 -2.02387e-06 	 9.63432e-08 
0.920 	 -1.95850e-06 	 -2.05337e-06 	 9.48640e-08 
0.916 	 -1.98943e-06 	 -2.08285e-06 	 9.34149e-08 
0.913 	 -2.02031e-06 	 -2.11231e-06 	 9.19952e-08 
0.909 	 -2.05115e-06 	 -2.14175e-06 	 9.06041e-08 
0.905 	 -2.08193e-06 	 -2.17118e-06 	 8.92409e-08 
0.902 	 -2.11268e-06 	 -2.20059e-06 	 8.79050e-08 
0.898 	 -2.14340e-06 	 -2.22999e-06 	 8.65957e-08 
0.894 	 -2.17407e-06 	 -2.25938e-06 	 8.53123e-08 
0.891 	 -2.20472e-06 	 -2.28877e-06 	 8.40542e-08 
0.887 	 -2.23533e-06 	 -2.31815e-06 	 8.28208e-08 
0.884 	 -2.26592e-06 	 -2.34753e-06 	 8.16115e-08 
0.880 	 -2.29648e-06 	 -2.37691e-06 	 8.04256e-08 
0.877 	 -2.32702e-06 	 -2.40628e-06 	 7.92628e-08 
0.873 	 -2.35754e-06 	 -2.43567e-06 	 7.81223e-08 
0.870 	 -2.38805e-06 	 -2.46505e-06 	 7.70037e-08 
0.867 	 -2.41854e-06 	 -2.49444e-06 	 7.59065e-08 
0.863 	 -2.44901e-06 	 -2.52384e-06 	 7.48302e-08 
0.860 	 -2.47948e-06 	 -2.55325e-06 	 7.37742e-08 
0.857 	 -2.50993e-06 	 -2.58267e-06 	 7.27381e-08 
0.853 	 -2.54039e-06 	 -2.61211e-06 	 7.17215e-08 
0.850 	 -2.57083e-06 	 -2.64156e-06 	 7.07238e-08 
0.847 	 -2.60128e-06 	 -2.67102e-06 	 6.97447e-08 
0.844 	 -2.63172e-06 	 -2.70051e-06 	 6.87837e-08 
0.841 	 -2.66217e-06 	 -2.73001e-06 	 6.78405e-08 
0.838 	 -2.69262e-06 	 -2.75953e-06 	 6.69146e-08 
0.834 	 -2.72307e-06 	 -2.78908e-06 	 6.60056e-08 
0.831 	 -2.75353e-06 	 -2.81865e-06 	 6.51131e-08 
0.828 	 -2.78400e-06 	 -2.84824e-06 	 6.42368e-08 
0.825 	 -2.81447e-06 	 -2.87785e-06 	 6.33763e-08 
0.822 	 -2.84496e-06 	 -2.90749e-06 	 6.25313e-08 
0.819 	 -2.87545e-06 	 -2.93716e-06 	 6.17014e-08 
0.816 	 -2.90596e-06 	 -2.96685e-06 	 6.08863e-08 
0.813 	 -2.93648e-06 	 -2.99657e-06 	 6.00857e-08 
0.810 	 -2.96702e-06 	 -3.02632e-06 	 5.92992e-08 
0.807 	 -2.99757e-06 	 -3.05610e-06 	 5.85265e-08 
0.804 	 -3.02815e-06 	 -3.08591e-06 	 5.77674e-08 
0.802 	 -3.05874e-06 	 -3.11576e-06 	 5.70215e-08 
0.799 	 -3.08935e-06 	 -3.14564e-06 	 5.62886e-08 
0.796 	 -3.11998e-06 	 -3.17555e-06 	 5.55683e-08 
0.793 	 -3.15064e-06 	 -3.20550e-06 	 5.48605e-08 
0.790 	 -3.18132e-06 	 -3.23548e-06 	 5.41648e-08 
0.788 	 -3.21203e-06 	 -3.26551e-06 	 5.34811e-08 
0.785 	 -3.24276e-06 	 -3.29557e-06 	 5.28090e-08 
0.782 	 -3.27352e-06 	 -3.32567e-06 	 5.21482e-08 
0.779 	 -3.30432e-06 	 -3.35582e-06 	 5.14987e-08 
0.777 	 -3.33514e-06 	 -3.38600e-06 	 5.08601e-08 
0.774 	 -3.36600e-06 	 -3.41623e-06 	 5.02322e-08 
0.771 	 -3.39689e-06 	 -3.44650e-06 	 4.96148e-08 
0.769 	 -3.42781e-06 	 -3.47682e-06 	 4.90076e-08 
0.766 	 -3.45877e-06 	 -3.50718e-06 	 4.84105e-08 
0.763 	 -3.48976e-06 	 -3.53758e-06 	 4.78233e-08 
0.761 	 -3.52078e-06 	 -3.56803e-06 	 4.72457e-08 
0.758 	 -3.55185e-06 	 -3.59853e-06 	 4.66775e-08 
0.756 	 -3.58295e-06 	 -3.62907e-06 	 4.61187e-08 
0.753 	 -3.61409e-06 	 -3.65966e-06 	 4.55689e-08 
0.751 	 -3.64527e-06 	 -3.69029e-06 	 4.50280e-08 
0.748 	 -3.67648e-06 	 -3.72098e-06 	 4.44958e-08 
0.746 	 -3.70774e-06 	 -3.75171e-06 	 4.39722e-08 
0.743 	 -3.73904e-06 	 -3.78249e-06 	 4.34569e-08 
0.741 	 -3.77037e-06 	 -3.81332e-06 	 4.29499e-08 
0.738 	 -3.80175e-06 	 -3.84421e-06 	 4.24509e-08 
0.736 	 -3.83318e-06 	 -3.87514e-06 	 4.19598e-08 
0.733 	 -3.86465e-06 	 -3.90612e-06 	 4.14764e-08 
0.731 	 -3.89616e-06 	 -3.93716e-06 	 4.10006e-08 
0.729 	 -3.92771e-06 	 -3.96825e-06 	 4.05323e-08 
0.726 	 -3.95932e-06 	 -3.99939e-06 	 4.00712e-08 
0.724 	 -3.99096e-06 	 -4.03058e-06 	 3.96174e-08 
0.722 	 -4.02266e-06 	 -4.06183e-06 	 3.91705e-08 
0.719 	 -4.05440e-06 	 -4.09313e-06 	 3.87305e-08 
0.717 	 -4.08620e-06 	 -4.12449e-06 	 3.82973e-08 
0.715 	 -4.11804e-06 	 -4.15591e-06 	 3.78707e-08 
0.712 	 -4.14993e-06 	 -4.18738e-06 	 3.74506e-08 
0.710 	 -4.18187e-06 	 -4.21891e-06 	 3.70369e-08 
0.708 	 -4.21386e-06 	 -4.25049e-06 	 3.66294e-08 
0.706 	 -4.24591e-06 	 -4.28213e-06 	 3.62281e-08 
0.704 	 -4.27800e-06 	 -4.31384e-06 	 3.58328e-08 
0.701 	 -4.31015e-06 	 -4.34559e-06 	 3.54434e-08 
0.699 	 -4.34235e-06 	 -4.37741e-06 	 3.50599e-08 
0.697 	 -4.37461e-06 	 -4.40929e-06 	 3.46820e-08 
0.695 	 -4.40692e-06 	 -4.44123e-06 	 3.43098e-08 
0.693 	 -4.43928e-06 	 -4.47322e-06 	 3.39430e-08 
0.691 	 -4.47170e-06 	 -4.50528e-06 	 3.35816e-08 
0.688 	 -4.50417e-06 	 -4.53739e-06 	 3.32255e-08 
0.686 	 -4.53669e-06 	 -4.56957e-06 	 3.28746e-08 
0.684 	 -4.56928e-06 	 -4.60181e-06 	 3.25289e-08 
0.682 	 -4.60192e-06 	 -4.63410e-06 	 3.21881e-08 
0.680 	 -4.63461e-06 	 -4.66646e-06 	 3.18522e-08 
0.678 	 -4.66736e-06 	 -4.69888e-06 	 3.15212e-08 
0.676 	 -4.70017e-06 	 -4.73137e-06 	 3.11950e-08 
0.674 	 -4.73304e-06 	 -4.76391e-06 	 3.08734e-08 
0.672 	 -4.76596e-06 	 -4.79652e-06 	 3.05563e-08 
0.670 	 -4.79895e-06 	 -4.82919e-06 	 3.02438e-08 
0.668 	 -4.83199e-06 	 -4.86192e-06 	 2.99357e-08 
0.666 	 -4.86509e-06 	 -4.89472e-06 	 2.96319e-08 
0.664 	 -4.89824e-06 	 -4.92758e-06 	 2.93325e-08 
0.662 	 -4.93146e-06 	 -4.96050e-06 	 2.90372e-08 
0.660 	 -4.96474e-06 	 -4.99349e-06 	 2.87460e-08 
0.658 	 -4.99808e-06 	 -5.02654e-06 	 2.84588e-08 
0.656 	 -5.03147e-06 	 -5.05965e-06 	 2.81757e-08 
0.654 	 -5.06493e-06 	 -5.09283e-06 	 2.78965e-08 
0.652 	 -5.09845e-06 	 -5.12607e-06 	 2.76211e-08 
0.650 	 -5.13203e-06 	 -5.15938e-06 	 2.73494e-08 
0.649 	 -5.16567e-06 	 -5.19275e-06 	 2.70815e-08 
0.647 	 -5.19937e-06 	 -5.22619e-06 	 2.68173e-08 
0.645 	 -5.23314e-06 	 -5.25969e-06 	 2.65566e-08 
0.643 	 -5.26696e-06 	 -5.29326e-06 	 2.62995e-08 
0.641 	 -5.30085e-06 	 -5.32690e-06 	 2.60458e-08 
0.639 	 -5.33480e-06 	 -5.36060e-06 	 2.57956e-08 
0.638 	 -5.36882e-06 	 -5.39436e-06 	 2.55487e-08 
0.636 	 -5.40289e-06 	 -5.42820e-06 	 2.53051e-08 
0.634 	 -5.43703e-06 	 -5.46210e-06 	 2.50647e-08 
0.632 	 -5.47123e-06 	 -5.49606e-06 	 2.48275e-08 
0.630 	 -5.50550e-06 	 -5.53009e-06 	 2.45935e-08 
0.629 	 -5.53983e-06 	 -5.56419e-06 	 2.43625e-08 
0.627 	 -5.57423e-06 	 -5.59836e-06 	 2.41346e-08 
0.625 	 -5.60869e-06 	 -5.63260e-06 	 2.39097e-08 
0.623 	 -5.64321e-06 	 -5.66690e-06 	 2.36877e-08 
0.622 	 -5.67780e-06 	 -5.70127e-06 	 2.34686e-08 
0.620 	 -5.71245e-06 	 -5.73571e-06 	 2.32524e-08 
0.618 	 -5.74717e-06 	 -5.77021e-06 	 2.30389e-08 
0.616 	 -5.78196e-06 	 -5.80479e-06 	 2.28282e-08 
0.615 	 -5.81681e-06 	 -5.83943e-06 	 2.26202e-08 
0.613 	 -5.85173e-06 	 -5.87414e-06 	 2.24149e-08 
0.611 	 -5.88671e-06 	 -5.90892e-06 	 2.22122e-08 
0.610 	 -5.92176e-06 	 -5.94377e-06 	 2.20120e-08 
0.608 	 -5.95688e-06 	 -5.97869e-06 	 2.18144e-08 
0.606 	 -5.99206e-06 	 -6.01368e-06 	 2.16194e-08 
0.605 	 -6.02732e-06 	 -6.04874e-06 	 2.14267e-08 
0.603 	 -6.06263e-06 	 -6.08387e-06 	 2.12365e-08 
0.602 	 -6.09802e-06 	 -6.11907e-06 	 2.10487e-08 
0.600 	 -6.13347e-06 	 -6.15434e-06 	 2.08632e-08 
