Energy [eV] Ext Cross [um^2] Abs Cross [um^2] Sca Cross [um^2] 
3.000 	 2.57786e-04 	 2.56221e-04 	 1.56471e-06 
2.960 	 2.67355e-04 	 2.63313e-04 	 4.04248e-06 
2.922 	 2.77797e-04 	 2.69808e-04 	 7.98888e-06 
2.884 	 2.90554e-04 	 2.77232e-04 	 1.33219e-05 
2.848 	 3.04461e-04 	 2.84656e-04 	 1.98056e-05 
2.812 	 3.19456e-04 	 2.92045e-04 	 2.74114e-05 
2.777 	 3.37272e-04 	 3.01285e-04 	 3.59871e-05 
2.743 	 3.57358e-04 	 3.11915e-04 	 4.54423e-05 
2.710 	 3.74626e-04 	 3.18940e-04 	 5.56864e-05 
2.678 	 3.92607e-04 	 3.25930e-04 	 6.66772e-05 
2.646 	 4.12837e-04 	 3.34481e-04 	 7.83566e-05 
2.615 	 4.34505e-04 	 3.43837e-04 	 9.06673e-05 
2.585 	 4.57313e-04 	 3.53749e-04 	 1.03564e-04 
2.556 	 4.81135e-04 	 3.64124e-04 	 1.17011e-04 
2.527 	 5.05913e-04 	 3.74936e-04 	 1.30978e-04 
2.499 	 5.31625e-04 	 3.86189e-04 	 1.45436e-04 
2.471 	 5.58251e-04 	 3.97888e-04 	 1.60364e-04 
2.444 	 5.85788e-04 	 4.10042e-04 	 1.75747e-04 
2.418 	 6.14211e-04 	 4.22640e-04 	 1.91571e-04 
2.392 	 6.43522e-04 	 4.35691e-04 	 2.07831e-04 
2.367 	 6.73825e-04 	 4.49301e-04 	 2.24523e-04 
2.342 	 7.05194e-04 	 4.63547e-04 	 2.41646e-04 
2.318 	 7.37791e-04 	 4.78592e-04 	 2.59199e-04 
2.294 	 7.71736e-04 	 4.94562e-04 	 2.77174e-04 
2.271 	 8.05993e-04 	 5.10420e-04 	 2.95573e-04 
2.248 	 8.40439e-04 	 5.25993e-04 	 3.14446e-04 
2.226 	 8.76272e-04 	 5.42467e-04 	 3.33805e-04 
2.204 	 9.13563e-04 	 5.59899e-04 	 3.53664e-04 
2.182 	 9.52258e-04 	 5.78207e-04 	 3.74051e-04 
2.161 	 9.92402e-04 	 5.97401e-04 	 3.95001e-04 
2.141 	 1.03412e-03 	 6.17562e-04 	 4.16558e-04 
2.121 	 1.07761e-03 	 6.38830e-04 	 4.38782e-04 
2.101 	 1.12320e-03 	 6.61451e-04 	 4.61750e-04 
2.081 	 1.17143e-03 	 6.85872e-04 	 4.85559e-04 
2.062 	 1.22327e-03 	 7.12954e-04 	 5.10321e-04 
2.043 	 1.28055e-03 	 7.44460e-04 	 5.36089e-04 
2.025 	 1.34654e-03 	 7.84027e-04 	 5.62508e-04 
2.007 	 1.42477e-03 	 8.37276e-04 	 5.87495e-04 
1.989 	 1.50500e-03 	 8.99522e-04 	 6.05474e-04 
1.971 	 1.55160e-03 	 9.34232e-04 	 6.17373e-04 
1.954 	 1.57497e-03 	 9.38547e-04 	 6.36428e-04 
1.937 	 1.60821e-03 	 9.45092e-04 	 6.63116e-04 
1.921 	 1.65441e-03 	 9.61546e-04 	 6.92866e-04 
1.904 	 1.70918e-03 	 9.85333e-04 	 7.23849e-04 
1.888 	 1.76968e-03 	 1.01404e-03 	 7.55642e-04 
1.873 	 1.83453e-03 	 1.04630e-03 	 7.88224e-04 
1.857 	 1.90311e-03 	 1.08143e-03 	 8.21678e-04 
1.842 	 1.97518e-03 	 1.11908e-03 	 8.56103e-04 
1.827 	 2.05068e-03 	 1.15908e-03 	 8.91602e-04 
1.812 	 2.12967e-03 	 1.20140e-03 	 9.28276e-04 
1.798 	 2.21226e-03 	 1.24604e-03 	 9.66222e-04 
1.783 	 2.29861e-03 	 1.29307e-03 	 1.00554e-03 
1.769 	 2.38891e-03 	 1.34258e-03 	 1.04632e-03 
1.755 	 2.48338e-03 	 1.39469e-03 	 1.08869e-03 
1.742 	 2.58228e-03 	 1.44952e-03 	 1.13276e-03 
1.728 	 2.68587e-03 	 1.50723e-03 	 1.17864e-03 
1.715 	 2.79446e-03 	 1.56800e-03 	 1.22646e-03 
1.702 	 2.90838e-03 	 1.63203e-03 	 1.27636e-03 
1.689 	 3.02800e-03 	 1.69952e-03 	 1.32848e-03 
1.677 	 3.15370e-03 	 1.77072e-03 	 1.38298e-03 
1.664 	 3.28589e-03 	 1.84586e-03 	 1.44003e-03 
1.652 	 3.42504e-03 	 1.92521e-03 	 1.49982e-03 
1.640 	 3.57165e-03 	 2.00909e-03 	 1.56255e-03 
1.628 	 3.72627e-03 	 2.09783e-03 	 1.62844e-03 
1.616 	 3.88949e-03 	 2.19177e-03 	 1.69772e-03 
1.605 	 4.06198e-03 	 2.29132e-03 	 1.77066e-03 
1.593 	 4.24445e-03 	 2.39692e-03 	 1.84753e-03 
1.582 	 4.43770e-03 	 2.50904e-03 	 1.92865e-03 
1.571 	 4.64259e-03 	 2.62822e-03 	 2.01438e-03 
1.560 	 4.86010e-03 	 2.75503e-03 	 2.10507e-03 
1.549 	 5.09126e-03 	 2.89011e-03 	 2.20115e-03 
1.539 	 5.33726e-03 	 3.03419e-03 	 2.30307e-03 
1.528 	 5.59938e-03 	 3.18804e-03 	 2.41133e-03 
1.518 	 5.87904e-03 	 3.35254e-03 	 2.52650e-03 
1.508 	 6.17784e-03 	 3.52865e-03 	 2.64919e-03 
1.497 	 6.49754e-03 	 3.71745e-03 	 2.78009e-03 
1.488 	 6.84012e-03 	 3.92014e-03 	 2.91998e-03 
1.478 	 7.20777e-03 	 4.13806e-03 	 3.06971e-03 
1.468 	 7.60299e-03 	 4.37274e-03 	 3.23025e-03 
1.459 	 8.02855e-03 	 4.62587e-03 	 3.40269e-03 
1.449 	 8.48760e-03 	 4.89937e-03 	 3.58823e-03 
1.440 	 8.98366e-03 	 5.19542e-03 	 3.78824e-03 
1.431 	 9.52077e-03 	 5.51647e-03 	 4.00429e-03 
1.422 	 1.01035e-02 	 5.86532e-03 	 4.23814e-03 
1.413 	 1.07370e-02 	 6.24517e-03 	 4.49181e-03 
1.404 	 1.14272e-02 	 6.65964e-03 	 4.76758e-03 
1.395 	 1.21810e-02 	 7.11293e-03 	 5.06808e-03 
1.386 	 1.30062e-02 	 7.60984e-03 	 5.39633e-03 
1.378 	 1.39117e-02 	 8.15591e-03 	 5.75579e-03 
1.369 	 1.49080e-02 	 8.75757e-03 	 6.15047e-03 
1.361 	 1.60073e-02 	 9.42228e-03 	 6.58503e-03 
1.353 	 1.72236e-02 	 1.01588e-02 	 7.06489e-03 
1.345 	 1.85736e-02 	 1.09772e-02 	 7.59638e-03 
1.337 	 2.00765e-02 	 1.18896e-02 	 8.18694e-03 
1.329 	 2.17553e-02 	 1.29100e-02 	 8.84531e-03 
1.321 	 2.36370e-02 	 1.40552e-02 	 9.58179e-03 
1.313 	 2.57536e-02 	 1.53450e-02 	 1.04086e-02 
1.306 	 2.81432e-02 	 1.68030e-02 	 1.13402e-02 
1.298 	 3.08514e-02 	 1.84574e-02 	 1.23940e-02 
1.291 	 3.39326e-02 	 2.03420e-02 	 1.35906e-02 
1.283 	 3.74517e-02 	 2.24972e-02 	 1.49545e-02 
1.276 	 4.14869e-02 	 2.49715e-02 	 1.65154e-02 
1.269 	 4.61310e-02 	 2.78229e-02 	 1.83081e-02 
1.262 	 5.14946e-02 	 3.11202e-02 	 2.03744e-02 
1.255 	 5.77073e-02 	 3.49446e-02 	 2.27627e-02 
1.248 	 6.49189e-02 	 3.93899e-02 	 2.55289e-02 
1.241 	 7.32973e-02 	 4.45618e-02 	 2.87355e-02 
1.234 	 8.30208e-02 	 5.05729e-02 	 3.24478e-02 
1.227 	 9.42610e-02 	 5.75328e-02 	 3.67282e-02 
1.220 	 1.07149e-01 	 6.55265e-02 	 4.16223e-02 
1.214 	 1.21715e-01 	 7.45788e-02 	 4.71362e-02 
1.207 	 1.37798e-01 	 8.45959e-02 	 5.32018e-02 
1.201 	 1.54918e-01 	 9.52881e-02 	 5.96296e-02 
1.194 	 1.72147e-01 	 1.06087e-01 	 6.60604e-02 
1.188 	 1.88044e-01 	 1.16102e-01 	 7.19424e-02 
1.182 	 2.00768e-01 	 1.24189e-01 	 7.65785e-02 
1.176 	 2.08460e-01 	 1.29187e-01 	 7.92735e-02 
1.169 	 2.09833e-01 	 1.30276e-01 	 7.95564e-02 
1.163 	 2.04666e-01 	 1.27300e-01 	 7.73661e-02 
1.157 	 1.93900e-01 	 1.20821e-01 	 7.30788e-02 
1.151 	 1.79246e-01 	 1.11890e-01 	 6.73563e-02 
1.146 	 1.62594e-01 	 1.01675e-01 	 6.09193e-02 
1.140 	 1.45542e-01 	 9.11712e-02 	 5.43712e-02 
1.134 	 1.29197e-01 	 8.10723e-02 	 4.81248e-02 
1.128 	 1.14186e-01 	 7.17757e-02 	 4.24107e-02 
1.123 	 1.00776e-01 	 6.34536e-02 	 3.73227e-02 
1.117 	 8.90012e-02 	 5.61332e-02 	 3.28680e-02 
1.112 	 7.87661e-02 	 4.97601e-02 	 2.90060e-02 
1.106 	 6.99167e-02 	 4.42417e-02 	 2.56751e-02 
1.101 	 6.22808e-02 	 3.94733e-02 	 2.28075e-02 
1.095 	 5.56905e-02 	 3.53526e-02 	 2.03379e-02 
1.090 	 4.99929e-02 	 3.17855e-02 	 1.82074e-02 
1.085 	 4.50540e-02 	 2.86897e-02 	 1.63643e-02 
1.079 	 4.07588e-02 	 2.59942e-02 	 1.47646e-02 
1.074 	 3.70099e-02 	 2.36388e-02 	 1.33711e-02 
1.069 	 3.37252e-02 	 2.15727e-02 	 1.21525e-02 
1.064 	 3.08361e-02 	 1.97534e-02 	 1.10827e-02 
1.059 	 2.82851e-02 	 1.81452e-02 	 1.01399e-02 
1.054 	 2.60241e-02 	 1.67183e-02 	 9.30580e-03 
1.049 	 2.40127e-02 	 1.54475e-02 	 8.56517e-03 
1.044 	 2.22169e-02 	 1.43117e-02 	 7.90515e-03 
1.039 	 2.06080e-02 	 1.32931e-02 	 7.31494e-03 
1.035 	 1.91618e-02 	 1.23764e-02 	 6.78541e-03 
1.030 	 1.78577e-02 	 1.15489e-02 	 6.30879e-03 
1.025 	 1.66782e-02 	 1.07997e-02 	 5.87850e-03 
1.020 	 1.56082e-02 	 1.01193e-02 	 5.48891e-03 
1.016 	 1.46349e-02 	 9.49975e-03 	 5.13518e-03 
1.011 	 1.37472e-02 	 8.93406e-03 	 4.81317e-03 
1.007 	 1.29356e-02 	 8.41628e-03 	 4.51928e-03 
1.002 	 1.21916e-02 	 7.94122e-03 	 4.25042e-03 
0.998 	 1.15083e-02 	 7.50438e-03 	 4.00390e-03 
0.993 	 1.08792e-02 	 7.10183e-03 	 3.77736e-03 
0.989 	 1.02989e-02 	 6.73012e-03 	 3.56875e-03 
0.985 	 9.76247e-03 	 6.38620e-03 	 3.37627e-03 
0.980 	 9.26571e-03 	 6.06737e-03 	 3.19835e-03 
0.976 	 8.80480e-03 	 5.77123e-03 	 3.03358e-03 
0.972 	 8.37638e-03 	 5.49566e-03 	 2.88072e-03 
0.968 	 7.97747e-03 	 5.23880e-03 	 2.73867e-03 
0.963 	 7.60543e-03 	 4.99897e-03 	 2.60646e-03 
0.959 	 7.25791e-03 	 4.77469e-03 	 2.48322e-03 
0.955 	 6.93280e-03 	 4.56464e-03 	 2.36816e-03 
0.951 	 6.62822e-03 	 4.36763e-03 	 2.26059e-03 
0.947 	 6.34248e-03 	 4.18259e-03 	 2.15989e-03 
0.943 	 6.07406e-03 	 4.00857e-03 	 2.06549e-03 
0.939 	 5.82159e-03 	 3.84470e-03 	 1.97689e-03 
0.935 	 5.58383e-03 	 3.69020e-03 	 1.89363e-03 
0.931 	 5.35965e-03 	 3.54436e-03 	 1.81529e-03 
0.928 	 5.14805e-03 	 3.40653e-03 	 1.74151e-03 
0.924 	 4.94808e-03 	 3.27614e-03 	 1.67194e-03 
0.920 	 4.75892e-03 	 3.15264e-03 	 1.60628e-03 
0.916 	 4.57979e-03 	 3.03555e-03 	 1.54424e-03 
0.913 	 4.40999e-03 	 2.92443e-03 	 1.48556e-03 
0.909 	 4.24889e-03 	 2.81887e-03 	 1.43002e-03 
0.905 	 4.09589e-03 	 2.71850e-03 	 1.37738e-03 
0.902 	 3.95046e-03 	 2.62298e-03 	 1.32747e-03 
0.898 	 3.81210e-03 	 2.53200e-03 	 1.28010e-03 
0.894 	 3.68035e-03 	 2.44525e-03 	 1.23510e-03 
0.891 	 3.55480e-03 	 2.36249e-03 	 1.19232e-03 
0.887 	 3.43507e-03 	 2.28346e-03 	 1.15161e-03 
0.884 	 3.32078e-03 	 2.20793e-03 	 1.11286e-03 
0.880 	 3.21162e-03 	 2.13569e-03 	 1.07593e-03 
0.877 	 3.10728e-03 	 2.06656e-03 	 1.04072e-03 
0.873 	 3.00746e-03 	 2.00034e-03 	 1.00712e-03 
0.870 	 2.91192e-03 	 1.93688e-03 	 9.75043e-04 
0.867 	 2.82040e-03 	 1.87600e-03 	 9.44396e-04 
0.863 	 2.73268e-03 	 1.81758e-03 	 9.15098e-04 
0.860 	 2.64855e-03 	 1.76148e-03 	 8.87071e-04 
0.857 	 2.56780e-03 	 1.70756e-03 	 8.60244e-04 
0.853 	 2.49026e-03 	 1.65571e-03 	 8.34552e-04 
0.850 	 2.41576e-03 	 1.60583e-03 	 8.09933e-04 
0.847 	 2.34413e-03 	 1.55780e-03 	 7.86328e-04 
0.844 	 2.27522e-03 	 1.51154e-03 	 7.63685e-04 
0.841 	 2.20890e-03 	 1.46695e-03 	 7.41952e-04 
0.838 	 2.14504e-03 	 1.42395e-03 	 7.21083e-04 
0.834 	 2.08350e-03 	 1.38247e-03 	 7.01033e-04 
0.831 	 2.02418e-03 	 1.34242e-03 	 6.81761e-04 
0.828 	 1.96697e-03 	 1.30374e-03 	 6.63228e-04 
0.825 	 1.91177e-03 	 1.26637e-03 	 6.45398e-04 
0.822 	 1.85847e-03 	 1.23024e-03 	 6.28236e-04 
0.819 	 1.80700e-03 	 1.19529e-03 	 6.11711e-04 
0.816 	 1.75726e-03 	 1.16147e-03 	 5.95791e-04 
0.813 	 1.70918e-03 	 1.12873e-03 	 5.80449e-04 
0.810 	 1.66268e-03 	 1.09703e-03 	 5.65657e-04 
0.807 	 1.61769e-03 	 1.06630e-03 	 5.51390e-04 
0.804 	 1.57414e-03 	 1.03652e-03 	 5.37624e-04 
0.802 	 1.53197e-03 	 1.00763e-03 	 5.24336e-04 
0.799 	 1.49111e-03 	 9.79608e-04 	 5.11504e-04 
0.796 	 1.45152e-03 	 9.52407e-04 	 4.99110e-04 
0.793 	 1.41313e-03 	 9.25994e-04 	 4.87133e-04 
0.790 	 1.37589e-03 	 9.00336e-04 	 4.75555e-04 
0.788 	 1.33976e-03 	 8.75403e-04 	 4.64360e-04 
0.785 	 1.30469e-03 	 8.51164e-04 	 4.53531e-04 
0.782 	 1.27064e-03 	 8.27591e-04 	 4.43052e-04 
0.779 	 1.23757e-03 	 8.04657e-04 	 4.32910e-04 
0.777 	 1.20543e-03 	 7.82337e-04 	 4.23089e-04 
0.774 	 1.17419e-03 	 7.60607e-04 	 4.13578e-04 
0.771 	 1.14381e-03 	 7.39444e-04 	 4.04363e-04 
0.769 	 1.11426e-03 	 7.18827e-04 	 3.95433e-04 
0.766 	 1.08551e-03 	 6.98734e-04 	 3.86777e-04 
0.763 	 1.05753e-03 	 6.79145e-04 	 3.78383e-04 
0.761 	 1.03028e-03 	 6.60043e-04 	 3.70241e-04 
0.758 	 1.00375e-03 	 6.41409e-04 	 3.62342e-04 
0.756 	 9.77902e-04 	 6.23226e-04 	 3.54677e-04 
0.753 	 9.52713e-04 	 6.05477e-04 	 3.47236e-04 
0.751 	 9.28159e-04 	 5.88147e-04 	 3.40011e-04 
0.748 	 9.04216e-04 	 5.71222e-04 	 3.32995e-04 
0.746 	 8.80864e-04 	 5.54686e-04 	 3.26179e-04 
0.743 	 8.58081e-04 	 5.38526e-04 	 3.19555e-04 
0.741 	 8.35847e-04 	 5.22729e-04 	 3.13118e-04 
0.738 	 8.14143e-04 	 5.07283e-04 	 3.06861e-04 
0.736 	 7.92950e-04 	 4.92175e-04 	 3.00776e-04 
0.733 	 7.72251e-04 	 4.77393e-04 	 2.94858e-04 
0.731 	 7.52028e-04 	 4.62928e-04 	 2.89101e-04 
0.729 	 7.32266e-04 	 4.48768e-04 	 2.83499e-04 
0.726 	 7.12949e-04 	 4.34902e-04 	 2.78047e-04 
0.724 	 6.94062e-04 	 4.21322e-04 	 2.72740e-04 
0.722 	 6.75591e-04 	 4.08018e-04 	 2.67573e-04 
0.719 	 6.57521e-04 	 3.94980e-04 	 2.62541e-04 
0.717 	 6.39841e-04 	 3.82201e-04 	 2.57640e-04 
0.715 	 6.22537e-04 	 3.69672e-04 	 2.52865e-04 
0.712 	 6.05597e-04 	 3.57386e-04 	 2.48212e-04 
0.710 	 5.89010e-04 	 3.45333e-04 	 2.43677e-04 
0.708 	 5.72764e-04 	 3.33508e-04 	 2.39256e-04 
0.706 	 5.56849e-04 	 3.21903e-04 	 2.34946e-04 
0.704 	 5.41254e-04 	 3.10511e-04 	 2.30744e-04 
0.701 	 5.25970e-04 	 2.99326e-04 	 2.26644e-04 
0.699 	 5.10987e-04 	 2.88341e-04 	 2.22646e-04 
0.697 	 4.96296e-04 	 2.77552e-04 	 2.18744e-04 
0.695 	 4.81888e-04 	 2.66951e-04 	 2.14937e-04 
0.693 	 4.67754e-04 	 2.56534e-04 	 2.11221e-04 
0.691 	 4.53887e-04 	 2.46294e-04 	 2.07593e-04 
0.688 	 4.40279e-04 	 2.36227e-04 	 2.04052e-04 
0.686 	 4.26921e-04 	 2.26328e-04 	 2.00593e-04 
0.684 	 4.13808e-04 	 2.16592e-04 	 1.97216e-04 
0.682 	 4.00931e-04 	 2.07014e-04 	 1.93916e-04 
0.680 	 3.88283e-04 	 1.97590e-04 	 1.90693e-04 
0.678 	 3.75859e-04 	 1.88316e-04 	 1.87543e-04 
0.676 	 3.63652e-04 	 1.79187e-04 	 1.84465e-04 
0.674 	 3.51655e-04 	 1.70199e-04 	 1.81457e-04 
0.672 	 3.39864e-04 	 1.61348e-04 	 1.78516e-04 
0.670 	 3.28271e-04 	 1.52631e-04 	 1.75641e-04 
0.668 	 3.16873e-04 	 1.44044e-04 	 1.72829e-04 
0.666 	 3.05662e-04 	 1.35583e-04 	 1.70079e-04 
0.664 	 2.94635e-04 	 1.27245e-04 	 1.67390e-04 
0.662 	 2.83786e-04 	 1.19027e-04 	 1.64759e-04 
0.660 	 2.73111e-04 	 1.10926e-04 	 1.62185e-04 
0.658 	 2.62604e-04 	 1.02937e-04 	 1.59666e-04 
0.656 	 2.52261e-04 	 9.50597e-05 	 1.57201e-04 
0.654 	 2.42078e-04 	 8.72896e-05 	 1.54789e-04 
0.652 	 2.32051e-04 	 7.96241e-05 	 1.52427e-04 
0.650 	 2.22175e-04 	 7.20607e-05 	 1.50115e-04 
0.649 	 2.12448e-04 	 6.45967e-05 	 1.47851e-04 
0.647 	 2.02863e-04 	 5.72296e-05 	 1.45634e-04 
0.645 	 1.93419e-04 	 4.99568e-05 	 1.43463e-04 
0.643 	 1.84112e-04 	 4.27760e-05 	 1.41336e-04 
0.641 	 1.74937e-04 	 3.56850e-05 	 1.39252e-04 
0.639 	 1.65892e-04 	 2.86813e-05 	 1.37211e-04 
0.638 	 1.56974e-04 	 2.17629e-05 	 1.35211e-04 
0.636 	 1.48178e-04 	 1.49276e-05 	 1.33251e-04 
0.634 	 1.39503e-04 	 8.17342e-06 	 1.31330e-04 
0.632 	 1.30945e-04 	 1.49827e-06 	 1.29447e-04 
0.630 	 1.22501e-04 	 -5.09976e-06 	 1.27601e-04 
0.629 	 1.14169e-04 	 -1.16226e-05 	 1.25791e-04 
0.627 	 1.05945e-04 	 -1.80719e-05 	 1.24017e-04 
0.625 	 9.78271e-05 	 -2.44497e-05 	 1.22277e-04 
0.623 	 8.98127e-05 	 -3.07576e-05 	 1.20570e-04 
0.622 	 8.18993e-05 	 -3.69972e-05 	 1.18897e-04 
0.620 	 7.40844e-05 	 -4.31703e-05 	 1.17255e-04 
0.618 	 6.63657e-05 	 -4.92783e-05 	 1.15644e-04 
0.616 	 5.87408e-05 	 -5.53229e-05 	 1.14064e-04 
0.615 	 5.12076e-05 	 -6.13054e-05 	 1.12513e-04 
0.613 	 4.37638e-05 	 -6.72275e-05 	 1.10991e-04 
0.611 	 3.64074e-05 	 -7.30905e-05 	 1.09498e-04 
0.610 	 2.91364e-05 	 -7.88957e-05 	 1.08032e-04 
0.608 	 2.19487e-05 	 -8.46445e-05 	 1.06593e-04 
0.606 	 1.48424e-05 	 -9.03383e-05 	 1.05181e-04 
0.605 	 7.81563e-06 	 -9.59782e-05 	 1.03794e-04 
0.603 	 8.66587e-07 	 -1.01566e-04 	 1.02432e-04 
0.602 	 -6.00650e-06 	 -1.07101e-04 	 1.01095e-04 
0.600 	 -1.28054e-05 	 -1.12587e-04 	 9.97817e-05 
