Energy [eV] Ext Cross [um^2] Abs Cross [um^2] Sca Cross [um^2] 
3.000 	 2.51836e-03 	 2.40813e-03 	 1.10232e-04 
2.960 	 2.91393e-03 	 2.60876e-03 	 3.05176e-04 
2.922 	 3.47537e-03 	 2.83327e-03 	 6.42107e-04 
2.884 	 4.24800e-03 	 3.10853e-03 	 1.13947e-03 
2.848 	 5.24224e-03 	 3.43726e-03 	 1.80499e-03 
2.812 	 6.51392e-03 	 3.84171e-03 	 2.67222e-03 
2.777 	 8.15792e-03 	 4.39091e-03 	 3.76701e-03 
2.743 	 1.03170e-02 	 5.20180e-03 	 5.11519e-03 
2.710 	 1.31117e-02 	 6.37120e-03 	 6.74054e-03 
2.678 	 1.73509e-02 	 8.50856e-03 	 8.84238e-03 
2.646 	 2.30995e-02 	 1.15975e-02 	 1.15020e-02 
2.615 	 2.48658e-02 	 1.04992e-02 	 1.43666e-02 
2.585 	 2.68808e-02 	 9.12945e-03 	 1.77514e-02 
2.556 	 3.11999e-02 	 9.22031e-03 	 2.19796e-02 
2.527 	 3.71212e-02 	 9.98810e-03 	 2.71331e-02 
2.499 	 4.44507e-02 	 1.11310e-02 	 3.33196e-02 
2.471 	 5.31798e-02 	 1.25487e-02 	 4.06311e-02 
2.444 	 6.32611e-02 	 1.41858e-02 	 4.90752e-02 
2.418 	 7.44581e-02 	 1.59625e-02 	 5.84956e-02 
2.392 	 8.62677e-02 	 1.77475e-02 	 6.85201e-02 
2.367 	 9.77441e-02 	 1.93838e-02 	 7.83602e-02 
2.342 	 1.07539e-01 	 2.06492e-02 	 8.68900e-02 
2.318 	 1.14226e-01 	 2.13268e-02 	 9.28989e-02 
2.294 	 1.16756e-01 	 2.12927e-02 	 9.54634e-02 
2.271 	 1.14876e-01 	 2.05760e-02 	 9.43000e-02 
2.248 	 1.09192e-01 	 1.93625e-02 	 8.98296e-02 
2.226 	 1.00878e-01 	 1.79528e-02 	 8.29248e-02 
2.204 	 9.13289e-02 	 1.67374e-02 	 7.45915e-02 
2.182 	 8.22686e-02 	 1.61179e-02 	 6.61507e-02 
2.161 	 7.55141e-02 	 1.55079e-02 	 6.00061e-02 
2.141 	 6.92089e-02 	 1.34185e-02 	 5.57904e-02 
2.121 	 6.18804e-02 	 1.10921e-02 	 5.07883e-02 
2.101 	 5.48481e-02 	 9.33218e-03 	 4.55159e-02 
2.081 	 4.86454e-02 	 8.01751e-03 	 4.06279e-02 
2.062 	 4.32842e-02 	 6.99301e-03 	 3.62912e-02 
2.043 	 3.86649e-02 	 6.16803e-03 	 3.24969e-02 
2.025 	 3.46784e-02 	 5.48932e-03 	 2.91891e-02 
2.007 	 3.12267e-02 	 4.92282e-03 	 2.63039e-02 
1.989 	 2.82265e-02 	 4.44500e-03 	 2.37815e-02 
1.971 	 2.56079e-02 	 4.03883e-03 	 2.15691e-02 
1.954 	 2.33131e-02 	 3.69142e-03 	 1.96217e-02 
1.937 	 2.12934e-02 	 3.39269e-03 	 1.79008e-02 
1.921 	 1.95087e-02 	 3.13471e-03 	 1.63740e-02 
1.904 	 1.79255e-02 	 2.91122e-03 	 1.50142e-02 
1.888 	 1.65159e-02 	 2.71719e-03 	 1.37987e-02 
1.873 	 1.52566e-02 	 2.54853e-03 	 1.27081e-02 
1.857 	 1.41279e-02 	 2.40183e-03 	 1.17261e-02 
1.842 	 1.31132e-02 	 2.27436e-03 	 1.08388e-02 
1.827 	 1.21983e-02 	 2.16385e-03 	 1.00345e-02 
1.812 	 1.13715e-02 	 2.06848e-03 	 9.30301e-03 
1.798 	 1.06225e-02 	 1.98674e-03 	 8.63579e-03 
1.783 	 9.94281e-03 	 1.91744e-03 	 8.02537e-03 
1.769 	 9.32491e-03 	 1.85959e-03 	 7.46532e-03 
1.755 	 8.76249e-03 	 1.81243e-03 	 6.95006e-03 
1.742 	 8.25012e-03 	 1.77540e-03 	 6.47472e-03 
1.728 	 7.78317e-03 	 1.74811e-03 	 6.03506e-03 
1.715 	 7.35768e-03 	 1.73032e-03 	 5.62736e-03 
1.702 	 6.97031e-03 	 1.72197e-03 	 5.24834e-03 
1.689 	 6.61826e-03 	 1.72314e-03 	 4.89511e-03 
1.677 	 6.29921e-03 	 1.73410e-03 	 4.56511e-03 
1.664 	 6.01134e-03 	 1.75527e-03 	 4.25607e-03 
1.652 	 5.75322e-03 	 1.78729e-03 	 3.96594e-03 
1.640 	 5.52392e-03 	 1.83099e-03 	 3.69293e-03 
1.628 	 5.32292e-03 	 1.88750e-03 	 3.43542e-03 
1.616 	 5.15019e-03 	 1.95822e-03 	 3.19197e-03 
1.605 	 5.00623e-03 	 2.04493e-03 	 2.96130e-03 
1.593 	 4.89216e-03 	 2.14989e-03 	 2.74226e-03 
1.582 	 4.80978e-03 	 2.27591e-03 	 2.53387e-03 
1.571 	 4.76178e-03 	 2.42652e-03 	 2.33526e-03 
1.560 	 4.75190e-03 	 2.60617e-03 	 2.14574e-03 
1.549 	 4.78527e-03 	 2.82048e-03 	 1.96479e-03 
1.539 	 4.86875e-03 	 3.07666e-03 	 1.79209e-03 
1.528 	 5.01155e-03 	 3.38393e-03 	 1.62762e-03 
1.518 	 5.22599e-03 	 3.75430e-03 	 1.47169e-03 
1.508 	 5.52864e-03 	 4.20348e-03 	 1.32517e-03 
1.497 	 5.94192e-03 	 4.75228e-03 	 1.18964e-03 
1.488 	 6.49641e-03 	 5.42857e-03 	 1.06784e-03 
1.478 	 7.23422e-03 	 6.27003e-03 	 9.64194e-04 
1.468 	 8.21383e-03 	 7.32808e-03 	 8.85756e-04 
1.459 	 9.51705e-03 	 8.67335e-03 	 8.43699e-04 
1.449 	 1.12585e-02 	 1.04028e-02 	 8.55663e-04 
1.440 	 1.35973e-02 	 1.26479e-02 	 9.49414e-04 
1.431 	 1.67480e-02 	 1.55798e-02 	 1.16814e-03 
1.422 	 2.09771e-02 	 1.94003e-02 	 1.57683e-03 
1.413 	 2.65495e-02 	 2.42842e-02 	 2.26528e-03 
1.404 	 3.35428e-02 	 3.02094e-02 	 3.33335e-03 
1.395 	 4.14350e-02 	 3.66083e-02 	 4.82672e-03 
1.386 	 4.86039e-02 	 4.20000e-02 	 6.60391e-03 
1.378 	 5.25689e-02 	 4.43251e-02 	 8.24379e-03 
1.369 	 5.17252e-02 	 4.24806e-02 	 9.24459e-03 
1.361 	 4.68573e-02 	 3.74347e-02 	 9.42260e-03 
1.353 	 4.01943e-02 	 3.12101e-02 	 8.98422e-03 
1.345 	 3.35780e-02 	 2.53278e-02 	 8.25022e-03 
1.337 	 2.78600e-02 	 2.04099e-02 	 7.45017e-03 
1.329 	 2.32153e-02 	 1.65180e-02 	 6.69738e-03 
1.321 	 1.95315e-02 	 1.34998e-02 	 6.03172e-03 
1.313 	 1.66234e-02 	 1.11654e-02 	 5.45808e-03 
1.306 	 1.43164e-02 	 9.34856e-03 	 4.96789e-03 
1.298 	 1.24691e-02 	 7.92014e-03 	 4.54892e-03 
1.291 	 1.09729e-02 	 6.78372e-03 	 4.18922e-03 
1.283 	 9.74695e-03 	 5.86855e-03 	 3.87840e-03 
1.276 	 8.73064e-03 	 5.12278e-03 	 3.60786e-03 
1.269 	 7.87881e-03 	 4.50816e-03 	 3.37065e-03 
1.262 	 7.15743e-03 	 3.99628e-03 	 3.16115e-03 
1.255 	 6.54065e-03 	 3.56578e-03 	 2.97487e-03 
1.248 	 6.00861e-03 	 3.20044e-03 	 2.80817e-03 
1.241 	 5.54591e-03 	 2.88780e-03 	 2.65811e-03 
1.234 	 5.14049e-03 	 2.61819e-03 	 2.52229e-03 
1.227 	 4.78279e-03 	 2.38404e-03 	 2.39875e-03 
1.220 	 4.46518e-03 	 2.17932e-03 	 2.28586e-03 
1.214 	 4.18152e-03 	 1.99926e-03 	 2.18226e-03 
1.207 	 3.92679e-03 	 1.83997e-03 	 2.08683e-03 
1.201 	 3.69691e-03 	 1.69831e-03 	 1.99859e-03 
1.194 	 3.48848e-03 	 1.57172e-03 	 1.91676e-03 
1.188 	 3.29868e-03 	 1.45806e-03 	 1.84062e-03 
1.182 	 3.12518e-03 	 1.35558e-03 	 1.76960e-03 
1.176 	 2.96596e-03 	 1.26280e-03 	 1.70316e-03 
1.169 	 2.81937e-03 	 1.17848e-03 	 1.64088e-03 
1.163 	 2.68395e-03 	 1.10158e-03 	 1.58237e-03 
1.157 	 2.55849e-03 	 1.03121e-03 	 1.52727e-03 
1.151 	 2.44191e-03 	 9.66606e-04 	 1.47530e-03 
1.146 	 2.33331e-03 	 9.07114e-04 	 1.42620e-03 
1.140 	 2.23189e-03 	 8.52174e-04 	 1.37972e-03 
1.134 	 2.13695e-03 	 8.01299e-04 	 1.33565e-03 
1.128 	 2.04789e-03 	 7.54065e-04 	 1.29382e-03 
1.123 	 1.96416e-03 	 7.10104e-04 	 1.25406e-03 
1.117 	 1.88530e-03 	 6.69091e-04 	 1.21621e-03 
1.112 	 1.81089e-03 	 6.30744e-04 	 1.18014e-03 
1.106 	 1.74054e-03 	 5.94812e-04 	 1.14573e-03 
1.101 	 1.67394e-03 	 5.61074e-04 	 1.11287e-03 
1.095 	 1.61078e-03 	 5.29332e-04 	 1.08145e-03 
1.090 	 1.55080e-03 	 4.99412e-04 	 1.05139e-03 
1.085 	 1.49375e-03 	 4.71158e-04 	 1.02260e-03 
1.079 	 1.43943e-03 	 4.44431e-04 	 9.94995e-04 
1.074 	 1.38762e-03 	 4.19105e-04 	 9.68517e-04 
1.069 	 1.33816e-03 	 3.95067e-04 	 9.43096e-04 
1.064 	 1.29089e-03 	 3.72217e-04 	 9.18671e-04 
1.059 	 1.24565e-03 	 3.50463e-04 	 8.95188e-04 
1.054 	 1.20232e-03 	 3.29722e-04 	 8.72595e-04 
1.049 	 1.16076e-03 	 3.09919e-04 	 8.50844e-04 
1.044 	 1.12088e-03 	 2.90986e-04 	 8.29892e-04 
1.039 	 1.08256e-03 	 2.72862e-04 	 8.09697e-04 
1.035 	 1.04571e-03 	 2.55489e-04 	 7.90221e-04 
1.030 	 1.01025e-03 	 2.38817e-04 	 7.71429e-04 
1.025 	 9.76084e-04 	 2.22798e-04 	 7.53286e-04 
1.020 	 9.43151e-04 	 2.07388e-04 	 7.35763e-04 
1.016 	 9.11378e-04 	 1.92549e-04 	 7.18830e-04 
1.011 	 8.80701e-04 	 1.78242e-04 	 7.02459e-04 
1.007 	 8.51060e-04 	 1.64435e-04 	 6.86625e-04 
1.002 	 8.22401e-04 	 1.51097e-04 	 6.71304e-04 
0.998 	 7.94671e-04 	 1.38199e-04 	 6.56472e-04 
0.993 	 7.67823e-04 	 1.25713e-04 	 6.42110e-04 
0.989 	 7.41813e-04 	 1.13617e-04 	 6.28196e-04 
0.985 	 7.16598e-04 	 1.01886e-04 	 6.14712e-04 
0.980 	 6.92140e-04 	 9.05006e-05 	 6.01639e-04 
0.976 	 6.68401e-04 	 7.94403e-05 	 5.88961e-04 
0.972 	 6.45349e-04 	 6.86872e-05 	 5.76661e-04 
0.968 	 6.22950e-04 	 5.82243e-05 	 5.64725e-04 
0.963 	 6.01174e-04 	 4.80358e-05 	 5.53138e-04 
0.959 	 5.79994e-04 	 3.81071e-05 	 5.41887e-04 
0.955 	 5.59382e-04 	 2.84242e-05 	 5.30957e-04 
0.951 	 5.39313e-04 	 1.89744e-05 	 5.20338e-04 
0.947 	 5.19763e-04 	 9.74549e-06 	 5.10017e-04 
0.943 	 5.00710e-04 	 7.26187e-07 	 4.99983e-04 
0.939 	 4.82132e-04 	 -8.09414e-06 	 4.90226e-04 
0.935 	 4.64010e-04 	 -1.67255e-05 	 4.80736e-04 
0.931 	 4.46325e-04 	 -2.51772e-05 	 4.71502e-04 
0.928 	 4.29058e-04 	 -3.34581e-05 	 4.62516e-04 
0.924 	 4.12192e-04 	 -4.15765e-05 	 4.53768e-04 
0.920 	 3.95712e-04 	 -4.95402e-05 	 4.45252e-04 
0.916 	 3.79601e-04 	 -5.73566e-05 	 4.36958e-04 
0.913 	 3.63846e-04 	 -6.50325e-05 	 4.28879e-04 
0.909 	 3.48432e-04 	 -7.25746e-05 	 4.21007e-04 
0.905 	 3.33347e-04 	 -7.99889e-05 	 4.13336e-04 
0.902 	 3.18578e-04 	 -8.72812e-05 	 4.05859e-04 
0.898 	 3.04113e-04 	 -9.44572e-05 	 3.98570e-04 
0.894 	 2.89940e-04 	 -1.01522e-04 	 3.91462e-04 
0.891 	 2.76049e-04 	 -1.08480e-04 	 3.84529e-04 
0.887 	 2.62429e-04 	 -1.15337e-04 	 3.77767e-04 
0.884 	 2.49072e-04 	 -1.22097e-04 	 3.71169e-04 
0.880 	 2.35966e-04 	 -1.28764e-04 	 3.64730e-04 
0.877 	 2.23103e-04 	 -1.35342e-04 	 3.58445e-04 
0.873 	 2.10475e-04 	 -1.41835e-04 	 3.52310e-04 
0.870 	 1.98073e-04 	 -1.48247e-04 	 3.46320e-04 
0.867 	 1.85889e-04 	 -1.54581e-04 	 3.40470e-04 
0.863 	 1.73917e-04 	 -1.60840e-04 	 3.34757e-04 
0.860 	 1.62147e-04 	 -1.67028e-04 	 3.29175e-04 
0.857 	 1.50574e-04 	 -1.73148e-04 	 3.23722e-04 
0.853 	 1.39191e-04 	 -1.79202e-04 	 3.18393e-04 
0.850 	 1.27992e-04 	 -1.85193e-04 	 3.13185e-04 
0.847 	 1.16970e-04 	 -1.91125e-04 	 3.08094e-04 
0.844 	 1.06119e-04 	 -1.96998e-04 	 3.03117e-04 
0.841 	 9.54343e-05 	 -2.02817e-04 	 2.98251e-04 
0.838 	 8.49101e-05 	 -2.08582e-04 	 2.93492e-04 
0.834 	 7.45415e-05 	 -2.14296e-04 	 2.88837e-04 
0.831 	 6.43233e-05 	 -2.19960e-04 	 2.84284e-04 
0.828 	 5.42509e-05 	 -2.25578e-04 	 2.79829e-04 
0.825 	 4.43196e-05 	 -2.31150e-04 	 2.75470e-04 
0.822 	 3.45251e-05 	 -2.36679e-04 	 2.71204e-04 
0.819 	 2.48632e-05 	 -2.42166e-04 	 2.67029e-04 
0.816 	 1.53297e-05 	 -2.47613e-04 	 2.62942e-04 
0.813 	 5.92074e-06 	 -2.53020e-04 	 2.58941e-04 
0.810 	 -3.36753e-06 	 -2.58391e-04 	 2.55024e-04 
0.807 	 -1.25388e-05 	 -2.63726e-04 	 2.51187e-04 
0.804 	 -2.15968e-05 	 -2.69027e-04 	 2.47430e-04 
0.802 	 -3.05448e-05 	 -2.74294e-04 	 2.43750e-04 
0.799 	 -3.93863e-05 	 -2.79531e-04 	 2.40144e-04 
0.796 	 -4.81245e-05 	 -2.84737e-04 	 2.36612e-04 
0.793 	 -5.67625e-05 	 -2.89914e-04 	 2.33151e-04 
0.790 	 -6.53034e-05 	 -2.95063e-04 	 2.29760e-04 
0.788 	 -7.37500e-05 	 -3.00186e-04 	 2.26436e-04 
0.785 	 -8.21051e-05 	 -3.05283e-04 	 2.23178e-04 
0.782 	 -9.03716e-05 	 -3.10356e-04 	 2.19984e-04 
0.779 	 -9.85520e-05 	 -3.15405e-04 	 2.16853e-04 
0.777 	 -1.06649e-04 	 -3.20432e-04 	 2.13783e-04 
0.774 	 -1.14665e-04 	 -3.25437e-04 	 2.10772e-04 
0.771 	 -1.22602e-04 	 -3.30421e-04 	 2.07820e-04 
0.769 	 -1.30462e-04 	 -3.35386e-04 	 2.04924e-04 
0.766 	 -1.38248e-04 	 -3.40331e-04 	 2.02084e-04 
0.763 	 -1.45961e-04 	 -3.45259e-04 	 1.99297e-04 
0.761 	 -1.53605e-04 	 -3.50168e-04 	 1.96563e-04 
0.758 	 -1.61180e-04 	 -3.55061e-04 	 1.93881e-04 
0.756 	 -1.68689e-04 	 -3.59937e-04 	 1.91249e-04 
0.753 	 -1.76133e-04 	 -3.64798e-04 	 1.88665e-04 
0.751 	 -1.83514e-04 	 -3.69644e-04 	 1.86130e-04 
0.748 	 -1.90835e-04 	 -3.74476e-04 	 1.83641e-04 
0.746 	 -1.98096e-04 	 -3.79293e-04 	 1.81198e-04 
0.743 	 -2.05299e-04 	 -3.84098e-04 	 1.78799e-04 
0.741 	 -2.12446e-04 	 -3.88890e-04 	 1.76444e-04 
0.738 	 -2.19539e-04 	 -3.93670e-04 	 1.74131e-04 
0.736 	 -2.26579e-04 	 -3.98439e-04 	 1.71860e-04 
0.733 	 -2.33567e-04 	 -4.03197e-04 	 1.69630e-04 
0.731 	 -2.40505e-04 	 -4.07944e-04 	 1.67439e-04 
0.729 	 -2.47395e-04 	 -4.12682e-04 	 1.65287e-04 
0.726 	 -2.54237e-04 	 -4.17410e-04 	 1.63173e-04 
0.724 	 -2.61033e-04 	 -4.22129e-04 	 1.61096e-04 
0.722 	 -2.67785e-04 	 -4.26840e-04 	 1.59055e-04 
0.719 	 -2.74493e-04 	 -4.31543e-04 	 1.57050e-04 
0.717 	 -2.81159e-04 	 -4.36239e-04 	 1.55080e-04 
0.715 	 -2.87784e-04 	 -4.40927e-04 	 1.53143e-04 
0.712 	 -2.94370e-04 	 -4.45609e-04 	 1.51240e-04 
0.710 	 -3.00916e-04 	 -4.50285e-04 	 1.49369e-04 
0.708 	 -3.07425e-04 	 -4.54954e-04 	 1.47530e-04 
0.706 	 -3.13897e-04 	 -4.59619e-04 	 1.45722e-04 
0.704 	 -3.20334e-04 	 -4.64278e-04 	 1.43944e-04 
0.701 	 -3.26735e-04 	 -4.68932e-04 	 1.42196e-04 
0.699 	 -3.33104e-04 	 -4.73581e-04 	 1.40478e-04 
0.697 	 -3.39439e-04 	 -4.78227e-04 	 1.38788e-04 
0.695 	 -3.45743e-04 	 -4.82868e-04 	 1.37126e-04 
0.693 	 -3.52015e-04 	 -4.87506e-04 	 1.35491e-04 
0.691 	 -3.58257e-04 	 -4.92141e-04 	 1.33883e-04 
0.688 	 -3.64470e-04 	 -4.96772e-04 	 1.32302e-04 
0.686 	 -3.70655e-04 	 -5.01401e-04 	 1.30746e-04 
0.684 	 -3.76812e-04 	 -5.06027e-04 	 1.29215e-04 
0.682 	 -3.82942e-04 	 -5.10651e-04 	 1.27709e-04 
0.680 	 -3.89045e-04 	 -5.15272e-04 	 1.26227e-04 
0.678 	 -3.95123e-04 	 -5.19892e-04 	 1.24769e-04 
0.676 	 -4.01177e-04 	 -5.24510e-04 	 1.23334e-04 
0.674 	 -4.07206e-04 	 -5.29127e-04 	 1.21922e-04 
0.672 	 -4.13211e-04 	 -5.33743e-04 	 1.20532e-04 
0.670 	 -4.19194e-04 	 -5.38358e-04 	 1.19164e-04 
0.668 	 -4.25155e-04 	 -5.42972e-04 	 1.17817e-04 
0.666 	 -4.31095e-04 	 -5.47586e-04 	 1.16491e-04 
0.664 	 -4.37013e-04 	 -5.52199e-04 	 1.15186e-04 
0.662 	 -4.42911e-04 	 -5.56812e-04 	 1.13901e-04 
0.660 	 -4.48789e-04 	 -5.61425e-04 	 1.12636e-04 
0.658 	 -4.54649e-04 	 -5.66039e-04 	 1.11390e-04 
0.656 	 -4.60489e-04 	 -5.70652e-04 	 1.10163e-04 
0.654 	 -4.66312e-04 	 -5.75267e-04 	 1.08955e-04 
0.652 	 -4.72117e-04 	 -5.79882e-04 	 1.07765e-04 
0.650 	 -4.77905e-04 	 -5.84498e-04 	 1.06593e-04 
0.649 	 -4.83676e-04 	 -5.89115e-04 	 1.05439e-04 
0.647 	 -4.89431e-04 	 -5.93733e-04 	 1.04302e-04 
0.645 	 -4.95171e-04 	 -5.98353e-04 	 1.03182e-04 
0.643 	 -5.00896e-04 	 -6.02974e-04 	 1.02079e-04 
0.641 	 -5.06606e-04 	 -6.07597e-04 	 1.00991e-04 
0.639 	 -5.12302e-04 	 -6.12222e-04 	 9.99204e-05 
0.638 	 -5.17984e-04 	 -6.16849e-04 	 9.88651e-05 
0.636 	 -5.23652e-04 	 -6.21478e-04 	 9.78252e-05 
0.634 	 -5.29308e-04 	 -6.26109e-04 	 9.68004e-05 
0.632 	 -5.34952e-04 	 -6.30742e-04 	 9.57905e-05 
0.630 	 -5.40583e-04 	 -6.35378e-04 	 9.47953e-05 
0.629 	 -5.46202e-04 	 -6.40017e-04 	 9.38143e-05 
0.627 	 -5.51810e-04 	 -6.44658e-04 	 9.28474e-05 
0.625 	 -5.57408e-04 	 -6.49302e-04 	 9.18944e-05 
0.623 	 -5.62994e-04 	 -6.53949e-04 	 9.09549e-05 
0.622 	 -5.68571e-04 	 -6.58600e-04 	 9.00288e-05 
0.620 	 -5.74137e-04 	 -6.63253e-04 	 8.91158e-05 
0.618 	 -5.79695e-04 	 -6.67910e-04 	 8.82156e-05 
0.616 	 -5.85243e-04 	 -6.72571e-04 	 8.73281e-05 
0.615 	 -5.90782e-04 	 -6.77235e-04 	 8.64529e-05 
0.613 	 -5.96313e-04 	 -6.81903e-04 	 8.55900e-05 
0.611 	 -6.01835e-04 	 -6.86574e-04 	 8.47391e-05 
0.610 	 -6.07350e-04 	 -6.91250e-04 	 8.38999e-05 
0.608 	 -6.12857e-04 	 -6.95929e-04 	 8.30723e-05 
0.606 	 -6.18357e-04 	 -7.00613e-04 	 8.22561e-05 
0.605 	 -6.23849e-04 	 -7.05300e-04 	 8.14510e-05 
0.603 	 -6.29336e-04 	 -7.09993e-04 	 8.06569e-05 
0.602 	 -6.34815e-04 	 -7.14689e-04 	 7.98737e-05 
0.600 	 -6.40289e-04 	 -7.19390e-04 	 7.91010e-05 
