Energy [eV] Ext Cross [um^2] Abs Cross [um^2] Sca Cross [um^2] 
3.000 	 1.22827e-02 	 1.08625e-02 	 1.42021e-03 
2.960 	 1.57386e-02 	 1.17989e-02 	 3.93973e-03 
2.922 	 2.09844e-02 	 1.27930e-02 	 8.19148e-03 
2.884 	 2.81458e-02 	 1.39753e-02 	 1.41705e-02 
2.848 	 3.70407e-02 	 1.54082e-02 	 2.16325e-02 
2.812 	 4.78417e-02 	 1.72952e-02 	 3.05465e-02 
2.777 	 6.08694e-02 	 2.01487e-02 	 4.07207e-02 
2.743 	 7.72054e-02 	 2.50805e-02 	 5.21250e-02 
2.710 	 9.96576e-02 	 3.48862e-02 	 6.47714e-02 
2.678 	 1.27251e-01 	 4.92294e-02 	 7.80216e-02 
2.646 	 1.48410e-01 	 6.01723e-02 	 8.82380e-02 
2.615 	 1.62641e-01 	 7.42660e-02 	 8.83748e-02 
2.585 	 1.51847e-01 	 6.77008e-02 	 8.41463e-02 
2.556 	 1.27830e-01 	 5.79621e-02 	 6.98681e-02 
2.527 	 9.65964e-02 	 4.58070e-02 	 5.07894e-02 
2.499 	 8.61805e-02 	 3.22381e-02 	 5.39425e-02 
2.471 	 9.10248e-02 	 2.39244e-02 	 6.71004e-02 
2.444 	 9.98029e-02 	 1.94218e-02 	 8.03812e-02 
2.418 	 1.08882e-01 	 1.68691e-02 	 9.20134e-02 
2.392 	 1.17418e-01 	 1.53163e-02 	 1.02101e-01 
2.367 	 1.25268e-01 	 1.43082e-02 	 1.10960e-01 
2.342 	 1.32460e-01 	 1.36143e-02 	 1.18846e-01 
2.318 	 1.39048e-01 	 1.31100e-02 	 1.25938e-01 
2.294 	 1.45079e-01 	 1.27242e-02 	 1.32355e-01 
2.271 	 1.50584e-01 	 1.24142e-02 	 1.38170e-01 
2.248 	 1.55574e-01 	 1.21547e-02 	 1.43419e-01 
2.226 	 1.60050e-01 	 1.19301e-02 	 1.48119e-01 
2.204 	 1.64008e-01 	 1.17296e-02 	 1.52278e-01 
2.182 	 1.67449e-01 	 1.15455e-02 	 1.55903e-01 
2.161 	 1.70375e-01 	 1.13722e-02 	 1.59003e-01 
2.141 	 1.72794e-01 	 1.12050e-02 	 1.61589e-01 
2.121 	 1.74713e-01 	 1.10402e-02 	 1.63673e-01 
2.101 	 1.76144e-01 	 1.08751e-02 	 1.65269e-01 
2.081 	 1.77100e-01 	 1.07075e-02 	 1.66393e-01 
2.062 	 1.77596e-01 	 1.05359e-02 	 1.67060e-01 
2.043 	 1.77647e-01 	 1.03593e-02 	 1.67288e-01 
2.025 	 1.77274e-01 	 1.01770e-02 	 1.67097e-01 
2.007 	 1.76497e-01 	 9.98864e-03 	 1.66508e-01 
1.989 	 1.75339e-01 	 9.79416e-03 	 1.65545e-01 
1.971 	 1.73825e-01 	 9.59381e-03 	 1.64231e-01 
1.954 	 1.71982e-01 	 9.38800e-03 	 1.62594e-01 
1.937 	 1.69836e-01 	 9.17715e-03 	 1.60659e-01 
1.921 	 1.67416e-01 	 8.96180e-03 	 1.58455e-01 
1.904 	 1.64751e-01 	 8.74266e-03 	 1.56008e-01 
1.888 	 1.61868e-01 	 8.52053e-03 	 1.53347e-01 
1.873 	 1.58796e-01 	 8.29616e-03 	 1.50500e-01 
1.857 	 1.55563e-01 	 8.07027e-03 	 1.47493e-01 
1.842 	 1.52195e-01 	 7.84361e-03 	 1.44351e-01 
1.827 	 1.48717e-01 	 7.61687e-03 	 1.41100e-01 
1.812 	 1.45154e-01 	 7.39076e-03 	 1.37763e-01 
1.798 	 1.41528e-01 	 7.16594e-03 	 1.34362e-01 
1.783 	 1.37859e-01 	 6.94300e-03 	 1.30916e-01 
1.769 	 1.34166e-01 	 6.72248e-03 	 1.27444e-01 
1.755 	 1.30468e-01 	 6.50486e-03 	 1.23963e-01 
1.742 	 1.26778e-01 	 6.29054e-03 	 1.20488e-01 
1.728 	 1.23112e-01 	 6.07990e-03 	 1.17032e-01 
1.715 	 1.19480e-01 	 5.87325e-03 	 1.13607e-01 
1.702 	 1.15895e-01 	 5.67086e-03 	 1.10224e-01 
1.689 	 1.12365e-01 	 5.47295e-03 	 1.06892e-01 
1.677 	 1.08897e-01 	 5.27966e-03 	 1.03617e-01 
1.664 	 1.05498e-01 	 5.09114e-03 	 1.00407e-01 
1.652 	 1.02174e-01 	 4.90745e-03 	 9.72663e-02 
1.640 	 9.89281e-02 	 4.72866e-03 	 9.41994e-02 
1.628 	 9.57643e-02 	 4.55478e-03 	 9.12095e-02 
1.616 	 9.26849e-02 	 4.38580e-03 	 8.82991e-02 
1.605 	 8.96915e-02 	 4.22171e-03 	 8.54698e-02 
1.593 	 8.67851e-02 	 4.06243e-03 	 8.27226e-02 
1.582 	 8.39661e-02 	 3.90792e-03 	 8.00581e-02 
1.571 	 8.12344e-02 	 3.75807e-03 	 7.74763e-02 
1.560 	 7.85895e-02 	 3.61281e-03 	 7.49767e-02 
1.549 	 7.60306e-02 	 3.47202e-03 	 7.25586e-02 
1.539 	 7.35564e-02 	 3.33560e-03 	 7.02208e-02 
1.528 	 7.11655e-02 	 3.20343e-03 	 6.79621e-02 
1.518 	 6.88562e-02 	 3.07538e-03 	 6.57808e-02 
1.508 	 6.66267e-02 	 2.95134e-03 	 6.36754e-02 
1.497 	 6.44750e-02 	 2.83117e-03 	 6.16439e-02 
1.488 	 6.23991e-02 	 2.71474e-03 	 5.96844e-02 
1.478 	 6.03968e-02 	 2.60193e-03 	 5.77948e-02 
1.468 	 5.84658e-02 	 2.49261e-03 	 5.59732e-02 
1.459 	 5.66040e-02 	 2.38665e-03 	 5.42173e-02 
1.449 	 5.48091e-02 	 2.28394e-03 	 5.25252e-02 
1.440 	 5.30789e-02 	 2.18435e-03 	 5.08946e-02 
1.431 	 5.14112e-02 	 2.08775e-03 	 4.93234e-02 
1.422 	 4.98037e-02 	 1.99405e-03 	 4.78096e-02 
1.413 	 4.82543e-02 	 1.90311e-03 	 4.63512e-02 
1.404 	 4.67608e-02 	 1.81483e-03 	 4.49460e-02 
1.395 	 4.53212e-02 	 1.72911e-03 	 4.35921e-02 
1.386 	 4.39335e-02 	 1.64584e-03 	 4.22877e-02 
1.378 	 4.25956e-02 	 1.56492e-03 	 4.10307e-02 
1.369 	 4.13057e-02 	 1.48627e-03 	 3.98195e-02 
1.361 	 4.00619e-02 	 1.40978e-03 	 3.86521e-02 
1.353 	 3.88624e-02 	 1.33536e-03 	 3.75270e-02 
1.345 	 3.77054e-02 	 1.26294e-03 	 3.64425e-02 
1.337 	 3.65894e-02 	 1.19243e-03 	 3.53969e-02 
1.329 	 3.55125e-02 	 1.12375e-03 	 3.43888e-02 
1.321 	 3.44734e-02 	 1.05683e-03 	 3.34166e-02 
1.313 	 3.34705e-02 	 9.91585e-04 	 3.24789e-02 
1.306 	 3.25024e-02 	 9.27959e-04 	 3.15744e-02 
1.298 	 3.15676e-02 	 8.65880e-04 	 3.07017e-02 
1.291 	 3.06648e-02 	 8.05285e-04 	 2.98595e-02 
1.283 	 2.97928e-02 	 7.46113e-04 	 2.90467e-02 
1.276 	 2.89504e-02 	 6.88305e-04 	 2.82621e-02 
1.269 	 2.81363e-02 	 6.31805e-04 	 2.75045e-02 
1.262 	 2.73494e-02 	 5.76559e-04 	 2.67729e-02 
1.255 	 2.65887e-02 	 5.22516e-04 	 2.60662e-02 
1.248 	 2.58531e-02 	 4.69626e-04 	 2.53835e-02 
1.241 	 2.51417e-02 	 4.17844e-04 	 2.47238e-02 
1.234 	 2.44534e-02 	 3.67124e-04 	 2.40863e-02 
1.227 	 2.37874e-02 	 3.17424e-04 	 2.34699e-02 
1.220 	 2.31427e-02 	 2.68702e-04 	 2.28740e-02 
1.214 	 2.25187e-02 	 2.20918e-04 	 2.22977e-02 
1.207 	 2.19143e-02 	 1.74035e-04 	 2.17403e-02 
1.201 	 2.13290e-02 	 1.28017e-04 	 2.12010e-02 
1.194 	 2.07619e-02 	 8.28295e-05 	 2.06791e-02 
1.188 	 2.02124e-02 	 3.84389e-05 	 2.01740e-02 
1.182 	 1.96798e-02 	 -5.18616e-06 	 1.96850e-02 
1.176 	 1.91635e-02 	 -4.80758e-05 	 1.92115e-02 
1.169 	 1.86627e-02 	 -9.02591e-05 	 1.87530e-02 
1.163 	 1.81770e-02 	 -1.31764e-04 	 1.83088e-02 
1.157 	 1.77058e-02 	 -1.72617e-04 	 1.78784e-02 
1.151 	 1.72485e-02 	 -2.12843e-04 	 1.74613e-02 
1.146 	 1.68046e-02 	 -2.52467e-04 	 1.70571e-02 
1.140 	 1.63737e-02 	 -2.91513e-04 	 1.66652e-02 
1.134 	 1.59551e-02 	 -3.30004e-04 	 1.62851e-02 
1.128 	 1.55486e-02 	 -3.67960e-04 	 1.59166e-02 
1.123 	 1.51536e-02 	 -4.05403e-04 	 1.55590e-02 
1.117 	 1.47698e-02 	 -4.42352e-04 	 1.52121e-02 
1.112 	 1.43967e-02 	 -4.78826e-04 	 1.48755e-02 
1.106 	 1.40339e-02 	 -5.14843e-04 	 1.45487e-02 
1.101 	 1.36811e-02 	 -5.50421e-04 	 1.42315e-02 
1.095 	 1.33379e-02 	 -5.85577e-04 	 1.39235e-02 
1.090 	 1.30040e-02 	 -6.20325e-04 	 1.36243e-02 
1.085 	 1.26791e-02 	 -6.54683e-04 	 1.33338e-02 
1.079 	 1.23628e-02 	 -6.88665e-04 	 1.30514e-02 
1.074 	 1.20548e-02 	 -7.22286e-04 	 1.27771e-02 
1.069 	 1.17549e-02 	 -7.55559e-04 	 1.25104e-02 
1.064 	 1.14627e-02 	 -7.88497e-04 	 1.22512e-02 
1.059 	 1.11781e-02 	 -8.21113e-04 	 1.19992e-02 
1.054 	 1.09007e-02 	 -8.53420e-04 	 1.17542e-02 
1.049 	 1.06304e-02 	 -8.85430e-04 	 1.15158e-02 
1.044 	 1.03668e-02 	 -9.17153e-04 	 1.12839e-02 
1.039 	 1.01097e-02 	 -9.48601e-04 	 1.10583e-02 
1.035 	 9.85902e-03 	 -9.79783e-04 	 1.08388e-02 
1.030 	 9.61441e-03 	 -1.01071e-03 	 1.06251e-02 
1.025 	 9.37572e-03 	 -1.04139e-03 	 1.04171e-02 
1.020 	 9.14275e-03 	 -1.07184e-03 	 1.02146e-02 
1.016 	 8.91532e-03 	 -1.10206e-03 	 1.00174e-02 
1.011 	 8.69324e-03 	 -1.13206e-03 	 9.82530e-03 
1.007 	 8.47634e-03 	 -1.16185e-03 	 9.63819e-03 
1.002 	 8.26446e-03 	 -1.19144e-03 	 9.45590e-03 
0.998 	 8.05744e-03 	 -1.22083e-03 	 9.27827e-03 
0.993 	 7.85512e-03 	 -1.25004e-03 	 9.10516e-03 
0.989 	 7.65735e-03 	 -1.27907e-03 	 8.93642e-03 
0.985 	 7.46399e-03 	 -1.30793e-03 	 8.77192e-03 
0.980 	 7.27491e-03 	 -1.33662e-03 	 8.61153e-03 
0.976 	 7.08996e-03 	 -1.36515e-03 	 8.45511e-03 
0.972 	 6.90903e-03 	 -1.39353e-03 	 8.30256e-03 
0.968 	 6.73198e-03 	 -1.42177e-03 	 8.15375e-03 
0.963 	 6.55870e-03 	 -1.44986e-03 	 8.00856e-03 
0.959 	 6.38908e-03 	 -1.47782e-03 	 7.86690e-03 
0.955 	 6.22300e-03 	 -1.50565e-03 	 7.72864e-03 
0.951 	 6.06035e-03 	 -1.53335e-03 	 7.59370e-03 
0.947 	 5.90104e-03 	 -1.56094e-03 	 7.46197e-03 
0.943 	 5.74495e-03 	 -1.58841e-03 	 7.33336e-03 
0.939 	 5.59201e-03 	 -1.61577e-03 	 7.20778e-03 
0.935 	 5.44211e-03 	 -1.64302e-03 	 7.08514e-03 
0.931 	 5.29517e-03 	 -1.67018e-03 	 6.96535e-03 
0.928 	 5.15109e-03 	 -1.69724e-03 	 6.84833e-03 
0.924 	 5.00979e-03 	 -1.72421e-03 	 6.73400e-03 
0.920 	 4.87120e-03 	 -1.75109e-03 	 6.62229e-03 
0.916 	 4.73524e-03 	 -1.77789e-03 	 6.51312e-03 
0.913 	 4.60182e-03 	 -1.80460e-03 	 6.40643e-03 
0.909 	 4.47089e-03 	 -1.83124e-03 	 6.30213e-03 
0.905 	 4.34235e-03 	 -1.85781e-03 	 6.20016e-03 
0.902 	 4.21616e-03 	 -1.88431e-03 	 6.10047e-03 
0.898 	 4.09224e-03 	 -1.91074e-03 	 6.00298e-03 
0.894 	 3.97052e-03 	 -1.93711e-03 	 5.90763e-03 
0.891 	 3.85095e-03 	 -1.96342e-03 	 5.81437e-03 
0.887 	 3.73347e-03 	 -1.98967e-03 	 5.72314e-03 
0.884 	 3.61802e-03 	 -2.01587e-03 	 5.63388e-03 
0.880 	 3.50454e-03 	 -2.04201e-03 	 5.54655e-03 
0.877 	 3.39298e-03 	 -2.06811e-03 	 5.46109e-03 
0.873 	 3.28328e-03 	 -2.09416e-03 	 5.37744e-03 
0.870 	 3.17540e-03 	 -2.12017e-03 	 5.29557e-03 
0.867 	 3.06928e-03 	 -2.14614e-03 	 5.21542e-03 
0.863 	 2.96488e-03 	 -2.17208e-03 	 5.13696e-03 
0.860 	 2.86215e-03 	 -2.19798e-03 	 5.06013e-03 
0.857 	 2.76105e-03 	 -2.22384e-03 	 4.98490e-03 
0.853 	 2.66154e-03 	 -2.24968e-03 	 4.91121e-03 
0.850 	 2.56356e-03 	 -2.27549e-03 	 4.83905e-03 
0.847 	 2.46708e-03 	 -2.30127e-03 	 4.76835e-03 
0.844 	 2.37207e-03 	 -2.32703e-03 	 4.69910e-03 
0.841 	 2.27847e-03 	 -2.35277e-03 	 4.63124e-03 
0.838 	 2.18626e-03 	 -2.37849e-03 	 4.56475e-03 
0.834 	 2.09540e-03 	 -2.40419e-03 	 4.49959e-03 
0.831 	 2.00585e-03 	 -2.42988e-03 	 4.43573e-03 
0.828 	 1.91759e-03 	 -2.45555e-03 	 4.37313e-03 
0.825 	 1.83056e-03 	 -2.48121e-03 	 4.31177e-03 
0.822 	 1.74476e-03 	 -2.50685e-03 	 4.25161e-03 
0.819 	 1.66013e-03 	 -2.53249e-03 	 4.19262e-03 
0.816 	 1.57666e-03 	 -2.55811e-03 	 4.13477e-03 
0.813 	 1.49432e-03 	 -2.58373e-03 	 4.07805e-03 
0.810 	 1.41307e-03 	 -2.60934e-03 	 4.02241e-03 
0.807 	 1.33289e-03 	 -2.63495e-03 	 3.96783e-03 
0.804 	 1.25374e-03 	 -2.66055e-03 	 3.91429e-03 
0.802 	 1.17562e-03 	 -2.68615e-03 	 3.86177e-03 
0.799 	 1.09848e-03 	 -2.71175e-03 	 3.81024e-03 
0.796 	 1.02231e-03 	 -2.73736e-03 	 3.75967e-03 
0.793 	 9.47080e-04 	 -2.76296e-03 	 3.71004e-03 
0.790 	 8.72766e-04 	 -2.78858e-03 	 3.66134e-03 
0.788 	 7.99348e-04 	 -2.81419e-03 	 3.61354e-03 
0.785 	 7.26801e-04 	 -2.83982e-03 	 3.56662e-03 
0.782 	 6.55106e-04 	 -2.86545e-03 	 3.52056e-03 
0.779 	 5.84241e-04 	 -2.89110e-03 	 3.47534e-03 
0.777 	 5.14185e-04 	 -2.91675e-03 	 3.43094e-03 
0.774 	 4.44920e-04 	 -2.94242e-03 	 3.38734e-03 
0.771 	 3.76425e-04 	 -2.96811e-03 	 3.34453e-03 
0.769 	 3.08682e-04 	 -2.99380e-03 	 3.30248e-03 
0.766 	 2.41673e-04 	 -3.01951e-03 	 3.26119e-03 
0.763 	 1.75381e-04 	 -3.04524e-03 	 3.22062e-03 
0.761 	 1.09788e-04 	 -3.07098e-03 	 3.18077e-03 
0.758 	 4.48776e-05 	 -3.09674e-03 	 3.14162e-03 
0.756 	 -1.93667e-05 	 -3.12252e-03 	 3.10316e-03 
0.753 	 -8.29607e-05 	 -3.14832e-03 	 3.06536e-03 
0.751 	 -1.45920e-04 	 -3.17414e-03 	 3.02822e-03 
0.748 	 -2.08259e-04 	 -3.19998e-03 	 2.99172e-03 
0.746 	 -2.69992e-04 	 -3.22583e-03 	 2.95584e-03 
0.743 	 -3.31135e-04 	 -3.25171e-03 	 2.92058e-03 
0.741 	 -3.91700e-04 	 -3.27762e-03 	 2.88592e-03 
0.738 	 -4.51701e-04 	 -3.30354e-03 	 2.85184e-03 
0.736 	 -5.11153e-04 	 -3.32949e-03 	 2.81834e-03 
0.733 	 -5.70066e-04 	 -3.35546e-03 	 2.78540e-03 
0.731 	 -6.28455e-04 	 -3.38146e-03 	 2.75301e-03 
0.729 	 -6.86332e-04 	 -3.40749e-03 	 2.72116e-03 
0.726 	 -7.43708e-04 	 -3.43354e-03 	 2.68984e-03 
0.724 	 -8.00595e-04 	 -3.45962e-03 	 2.65903e-03 
0.722 	 -8.57005e-04 	 -3.48573e-03 	 2.62873e-03 
0.719 	 -9.12949e-04 	 -3.51187e-03 	 2.59892e-03 
0.717 	 -9.68437e-04 	 -3.53804e-03 	 2.56961e-03 
0.715 	 -1.02348e-03 	 -3.56424e-03 	 2.54076e-03 
0.712 	 -1.07809e-03 	 -3.59047e-03 	 2.51238e-03 
0.710 	 -1.13227e-03 	 -3.61674e-03 	 2.48446e-03 
0.708 	 -1.18605e-03 	 -3.64304e-03 	 2.45699e-03 
0.706 	 -1.23941e-03 	 -3.66937e-03 	 2.42995e-03 
0.704 	 -1.29238e-03 	 -3.69573e-03 	 2.40335e-03 
0.701 	 -1.34496e-03 	 -3.72213e-03 	 2.37716e-03 
0.699 	 -1.39717e-03 	 -3.74856e-03 	 2.35139e-03 
0.697 	 -1.44901e-03 	 -3.77503e-03 	 2.32602e-03 
0.695 	 -1.50048e-03 	 -3.80153e-03 	 2.30105e-03 
0.693 	 -1.55161e-03 	 -3.82807e-03 	 2.27647e-03 
0.691 	 -1.60239e-03 	 -3.85465e-03 	 2.25226e-03 
0.688 	 -1.65283e-03 	 -3.88126e-03 	 2.22843e-03 
0.686 	 -1.70294e-03 	 -3.90791e-03 	 2.20497e-03 
0.684 	 -1.75274e-03 	 -3.93460e-03 	 2.18186e-03 
0.682 	 -1.80221e-03 	 -3.96132e-03 	 2.15911e-03 
0.680 	 -1.85139e-03 	 -3.98809e-03 	 2.13670e-03 
0.678 	 -1.90026e-03 	 -4.01489e-03 	 2.11463e-03 
0.676 	 -1.94884e-03 	 -4.04173e-03 	 2.09289e-03 
0.674 	 -1.99713e-03 	 -4.06861e-03 	 2.07148e-03 
0.672 	 -2.04514e-03 	 -4.09553e-03 	 2.05039e-03 
0.670 	 -2.09288e-03 	 -4.12249e-03 	 2.02961e-03 
0.668 	 -2.14036e-03 	 -4.14949e-03 	 2.00914e-03 
0.666 	 -2.18757e-03 	 -4.17653e-03 	 1.98897e-03 
0.664 	 -2.23452e-03 	 -4.20361e-03 	 1.96909e-03 
0.662 	 -2.28123e-03 	 -4.23074e-03 	 1.94951e-03 
0.660 	 -2.32769e-03 	 -4.25790e-03 	 1.93021e-03 
0.658 	 -2.37392e-03 	 -4.28511e-03 	 1.91119e-03 
0.656 	 -2.41991e-03 	 -4.31236e-03 	 1.89245e-03 
0.654 	 -2.46567e-03 	 -4.33965e-03 	 1.87398e-03 
0.652 	 -2.51121e-03 	 -4.36698e-03 	 1.85577e-03 
0.650 	 -2.55654e-03 	 -4.39436e-03 	 1.83782e-03 
0.649 	 -2.60165e-03 	 -4.42177e-03 	 1.82013e-03 
0.647 	 -2.64655e-03 	 -4.44924e-03 	 1.80268e-03 
0.645 	 -2.69125e-03 	 -4.47674e-03 	 1.78549e-03 
0.643 	 -2.73576e-03 	 -4.50429e-03 	 1.76853e-03 
0.641 	 -2.78007e-03 	 -4.53188e-03 	 1.75182e-03 
0.639 	 -2.82419e-03 	 -4.55952e-03 	 1.73533e-03 
0.638 	 -2.86813e-03 	 -4.58721e-03 	 1.71908e-03 
0.636 	 -2.91188e-03 	 -4.61493e-03 	 1.70305e-03 
0.634 	 -2.95546e-03 	 -4.64270e-03 	 1.68724e-03 
0.632 	 -2.99887e-03 	 -4.67052e-03 	 1.67165e-03 
0.630 	 -3.04211e-03 	 -4.69839e-03 	 1.65627e-03 
0.629 	 -3.08519e-03 	 -4.72629e-03 	 1.64111e-03 
0.627 	 -3.12810e-03 	 -4.75425e-03 	 1.62614e-03 
0.625 	 -3.17086e-03 	 -4.78225e-03 	 1.61139e-03 
0.623 	 -3.21347e-03 	 -4.81030e-03 	 1.59683e-03 
0.622 	 -3.25593e-03 	 -4.83839e-03 	 1.58246e-03 
0.620 	 -3.29824e-03 	 -4.86654e-03 	 1.56829e-03 
0.618 	 -3.34041e-03 	 -4.89473e-03 	 1.55431e-03 
0.616 	 -3.38245e-03 	 -4.92296e-03 	 1.54052e-03 
0.615 	 -3.42435e-03 	 -4.95125e-03 	 1.52690e-03 
0.613 	 -3.46611e-03 	 -4.97958e-03 	 1.51347e-03 
0.611 	 -3.50775e-03 	 -5.00796e-03 	 1.50021e-03 
0.610 	 -3.54926e-03 	 -5.03639e-03 	 1.48713e-03 
0.608 	 -3.59065e-03 	 -5.06487e-03 	 1.47422e-03 
0.606 	 -3.63192e-03 	 -5.09340e-03 	 1.46148e-03 
0.605 	 -3.67308e-03 	 -5.12198e-03 	 1.44890e-03 
0.603 	 -3.71412e-03 	 -5.15060e-03 	 1.43649e-03 
0.602 	 -3.75505e-03 	 -5.17928e-03 	 1.42423e-03 
0.600 	 -3.79587e-03 	 -5.20800e-03 	 1.41213e-03 
