Energy [eV] Ext Cross [um^2] Abs Cross [um^2] Sca Cross [um^2] 
3.000 	 1.24734e-02 	 1.14260e-02 	 1.04744e-03 
2.960 	 1.56529e-02 	 1.26252e-02 	 3.02765e-03 
2.922 	 2.05362e-02 	 1.39403e-02 	 6.59588e-03 
2.884 	 2.74726e-02 	 1.54716e-02 	 1.20009e-02 
2.848 	 3.64678e-02 	 1.71959e-02 	 1.92719e-02 
2.812 	 4.77447e-02 	 1.91797e-02 	 2.85650e-02 
2.777 	 6.14140e-02 	 2.16791e-02 	 3.97349e-02 
2.743 	 7.76581e-02 	 2.52017e-02 	 5.24564e-02 
2.710 	 9.65140e-02 	 3.08200e-02 	 6.56940e-02 
2.678 	 1.19025e-01 	 3.91429e-02 	 7.98819e-02 
2.646 	 1.47737e-01 	 5.05059e-02 	 9.72316e-02 
2.615 	 1.74087e-01 	 5.87690e-02 	 1.15318e-01 
2.585 	 1.79084e-01 	 4.91372e-02 	 1.29947e-01 
2.556 	 1.76884e-01 	 3.70350e-02 	 1.39848e-01 
2.527 	 1.79238e-01 	 3.01935e-02 	 1.49045e-01 
2.499 	 1.84052e-01 	 2.64557e-02 	 1.57597e-01 
2.471 	 1.89190e-01 	 2.41455e-02 	 1.65045e-01 
2.444 	 1.93686e-01 	 2.25100e-02 	 1.71175e-01 
2.418 	 1.97171e-01 	 2.12187e-02 	 1.75953e-01 
2.392 	 1.99555e-01 	 2.01195e-02 	 1.79435e-01 
2.367 	 2.00872e-01 	 1.91394e-02 	 1.81732e-01 
2.342 	 2.01214e-01 	 1.82413e-02 	 1.82973e-01 
2.318 	 2.00698e-01 	 1.74061e-02 	 1.83292e-01 
2.294 	 1.99443e-01 	 1.66236e-02 	 1.82820e-01 
2.271 	 1.97565e-01 	 1.58870e-02 	 1.81678e-01 
2.248 	 1.95167e-01 	 1.51924e-02 	 1.79974e-01 
2.226 	 1.92344e-01 	 1.45370e-02 	 1.77807e-01 
2.204 	 1.89178e-01 	 1.39181e-02 	 1.75260e-01 
2.182 	 1.85740e-01 	 1.33333e-02 	 1.72406e-01 
2.161 	 1.82089e-01 	 1.27807e-02 	 1.69308e-01 
2.141 	 1.78278e-01 	 1.22583e-02 	 1.66019e-01 
2.121 	 1.74349e-01 	 1.17642e-02 	 1.62585e-01 
2.101 	 1.70339e-01 	 1.12965e-02 	 1.59043e-01 
2.081 	 1.66280e-01 	 1.08536e-02 	 1.55426e-01 
2.062 	 1.62196e-01 	 1.04336e-02 	 1.51762e-01 
2.043 	 1.58109e-01 	 1.00352e-02 	 1.48074e-01 
2.025 	 1.54038e-01 	 9.65683e-03 	 1.44381e-01 
2.007 	 1.49996e-01 	 9.29714e-03 	 1.40699e-01 
1.989 	 1.45996e-01 	 8.95484e-03 	 1.37041e-01 
1.971 	 1.42049e-01 	 8.62883e-03 	 1.33420e-01 
1.954 	 1.38162e-01 	 8.31807e-03 	 1.29844e-01 
1.937 	 1.34343e-01 	 8.02150e-03 	 1.26321e-01 
1.921 	 1.30596e-01 	 7.73815e-03 	 1.22857e-01 
1.904 	 1.26925e-01 	 7.46721e-03 	 1.19458e-01 
1.888 	 1.23335e-01 	 7.20794e-03 	 1.16127e-01 
1.873 	 1.19828e-01 	 6.95962e-03 	 1.12868e-01 
1.857 	 1.16405e-01 	 6.72155e-03 	 1.09683e-01 
1.842 	 1.13067e-01 	 6.49312e-03 	 1.06574e-01 
1.827 	 1.09815e-01 	 6.27374e-03 	 1.03541e-01 
1.812 	 1.06649e-01 	 6.06289e-03 	 1.00586e-01 
1.798 	 1.03570e-01 	 5.86010e-03 	 9.77096e-02 
1.783 	 1.00575e-01 	 5.66492e-03 	 9.49106e-02 
1.769 	 9.76660e-02 	 5.47693e-03 	 9.21890e-02 
1.755 	 9.48400e-02 	 5.29574e-03 	 8.95443e-02 
1.742 	 9.20965e-02 	 5.12097e-03 	 8.69756e-02 
1.728 	 8.94341e-02 	 4.95229e-03 	 8.44818e-02 
1.715 	 8.68512e-02 	 4.78939e-03 	 8.20618e-02 
1.702 	 8.43463e-02 	 4.63198e-03 	 7.97143e-02 
1.689 	 8.19176e-02 	 4.47977e-03 	 7.74378e-02 
1.677 	 7.95635e-02 	 4.33253e-03 	 7.52310e-02 
1.664 	 7.72821e-02 	 4.19000e-03 	 7.30921e-02 
1.652 	 7.50715e-02 	 4.05195e-03 	 7.10196e-02 
1.640 	 7.29300e-02 	 3.91818e-03 	 6.90118e-02 
1.628 	 7.08556e-02 	 3.78848e-03 	 6.70671e-02 
1.616 	 6.88465e-02 	 3.66267e-03 	 6.51838e-02 
1.605 	 6.69007e-02 	 3.54057e-03 	 6.33601e-02 
1.593 	 6.50164e-02 	 3.42201e-03 	 6.15944e-02 
1.582 	 6.31918e-02 	 3.30684e-03 	 5.98850e-02 
1.571 	 6.14251e-02 	 3.19490e-03 	 5.82302e-02 
1.560 	 5.97143e-02 	 3.08605e-03 	 5.66283e-02 
1.549 	 5.80579e-02 	 2.98016e-03 	 5.50777e-02 
1.539 	 5.64540e-02 	 2.87710e-03 	 5.35769e-02 
1.528 	 5.49009e-02 	 2.77676e-03 	 5.21242e-02 
1.518 	 5.33971e-02 	 2.67901e-03 	 5.07181e-02 
1.508 	 5.19408e-02 	 2.58376e-03 	 4.93570e-02 
1.497 	 5.05304e-02 	 2.49090e-03 	 4.80395e-02 
1.488 	 4.91646e-02 	 2.40033e-03 	 4.67642e-02 
1.478 	 4.78416e-02 	 2.31195e-03 	 4.55297e-02 
1.468 	 4.65602e-02 	 2.22568e-03 	 4.43345e-02 
1.459 	 4.53189e-02 	 2.14144e-03 	 4.31774e-02 
1.449 	 4.41163e-02 	 2.05914e-03 	 4.20571e-02 
1.440 	 4.29510e-02 	 1.97870e-03 	 4.09723e-02 
1.431 	 4.18219e-02 	 1.90007e-03 	 3.99218e-02 
1.422 	 4.07276e-02 	 1.82315e-03 	 3.89044e-02 
1.413 	 3.96670e-02 	 1.74789e-03 	 3.79191e-02 
1.404 	 3.86388e-02 	 1.67423e-03 	 3.69646e-02 
1.395 	 3.76420e-02 	 1.60210e-03 	 3.60399e-02 
1.386 	 3.66755e-02 	 1.53144e-03 	 3.51441e-02 
1.378 	 3.57383e-02 	 1.46220e-03 	 3.42760e-02 
1.369 	 3.48292e-02 	 1.39433e-03 	 3.34348e-02 
1.361 	 3.39473e-02 	 1.32777e-03 	 3.26195e-02 
1.353 	 3.30918e-02 	 1.26248e-03 	 3.18293e-02 
1.345 	 3.22616e-02 	 1.19841e-03 	 3.10632e-02 
1.337 	 3.14559e-02 	 1.13551e-03 	 3.03203e-02 
1.329 	 3.06738e-02 	 1.07375e-03 	 2.96001e-02 
1.321 	 2.99146e-02 	 1.01307e-03 	 2.89015e-02 
1.313 	 2.91774e-02 	 9.53442e-04 	 2.82240e-02 
1.306 	 2.84615e-02 	 8.94829e-04 	 2.75667e-02 
1.298 	 2.77661e-02 	 8.37192e-04 	 2.69289e-02 
1.291 	 2.70906e-02 	 7.80497e-04 	 2.63101e-02 
1.283 	 2.64343e-02 	 7.24709e-04 	 2.57096e-02 
1.276 	 2.57964e-02 	 6.69798e-04 	 2.51266e-02 
1.269 	 2.51765e-02 	 6.15731e-04 	 2.45607e-02 
1.262 	 2.45738e-02 	 5.62478e-04 	 2.40113e-02 
1.255 	 2.39878e-02 	 5.10012e-04 	 2.34778e-02 
1.248 	 2.34179e-02 	 4.58304e-04 	 2.29596e-02 
1.241 	 2.28636e-02 	 4.07329e-04 	 2.24563e-02 
1.234 	 2.23244e-02 	 3.57061e-04 	 2.19673e-02 
1.227 	 2.17997e-02 	 3.07475e-04 	 2.14922e-02 
1.220 	 2.12890e-02 	 2.58548e-04 	 2.10305e-02 
1.214 	 2.07920e-02 	 2.10257e-04 	 2.05818e-02 
1.207 	 2.03082e-02 	 1.62581e-04 	 2.01456e-02 
1.201 	 1.98370e-02 	 1.15497e-04 	 1.97215e-02 
1.194 	 1.93781e-02 	 6.89870e-05 	 1.93092e-02 
1.188 	 1.89312e-02 	 2.30299e-05 	 1.89081e-02 
1.182 	 1.84957e-02 	 -2.23927e-05 	 1.85181e-02 
1.176 	 1.80714e-02 	 -6.72990e-05 	 1.81387e-02 
1.169 	 1.76578e-02 	 -1.11706e-04 	 1.77695e-02 
1.163 	 1.72547e-02 	 -1.55632e-04 	 1.74103e-02 
1.157 	 1.68616e-02 	 -1.99091e-04 	 1.70607e-02 
1.151 	 1.64784e-02 	 -2.42101e-04 	 1.67205e-02 
1.146 	 1.61045e-02 	 -2.84676e-04 	 1.63892e-02 
1.140 	 1.57398e-02 	 -3.26831e-04 	 1.60667e-02 
1.134 	 1.53840e-02 	 -3.68580e-04 	 1.57526e-02 
1.128 	 1.50368e-02 	 -4.09938e-04 	 1.54467e-02 
1.123 	 1.46979e-02 	 -4.50916e-04 	 1.51488e-02 
1.117 	 1.43670e-02 	 -4.91529e-04 	 1.48585e-02 
1.112 	 1.40439e-02 	 -5.31787e-04 	 1.45757e-02 
1.106 	 1.37284e-02 	 -5.71704e-04 	 1.43001e-02 
1.101 	 1.34203e-02 	 -6.11290e-04 	 1.40316e-02 
1.095 	 1.31192e-02 	 -6.50557e-04 	 1.37698e-02 
1.090 	 1.28250e-02 	 -6.89515e-04 	 1.35145e-02 
1.085 	 1.25375e-02 	 -7.28174e-04 	 1.32657e-02 
1.079 	 1.22565e-02 	 -7.66546e-04 	 1.30230e-02 
1.074 	 1.19817e-02 	 -8.04639e-04 	 1.27863e-02 
1.069 	 1.17130e-02 	 -8.42463e-04 	 1.25555e-02 
1.064 	 1.14503e-02 	 -8.80028e-04 	 1.23303e-02 
1.059 	 1.11932e-02 	 -9.17341e-04 	 1.21106e-02 
1.054 	 1.09418e-02 	 -9.54413e-04 	 1.18962e-02 
1.049 	 1.06957e-02 	 -9.91251e-04 	 1.16869e-02 
1.044 	 1.04548e-02 	 -1.02786e-03 	 1.14827e-02 
1.039 	 1.02191e-02 	 -1.06426e-03 	 1.12833e-02 
1.035 	 9.98823e-03 	 -1.10044e-03 	 1.10887e-02 
1.030 	 9.76218e-03 	 -1.13642e-03 	 1.08986e-02 
1.025 	 9.54079e-03 	 -1.17220e-03 	 1.07130e-02 
1.020 	 9.32391e-03 	 -1.20780e-03 	 1.05317e-02 
1.016 	 9.11142e-03 	 -1.24321e-03 	 1.03546e-02 
1.011 	 8.90319e-03 	 -1.27845e-03 	 1.01816e-02 
1.007 	 8.69910e-03 	 -1.31351e-03 	 1.00126e-02 
1.002 	 8.49904e-03 	 -1.34842e-03 	 9.84745e-03 
0.998 	 8.30288e-03 	 -1.38316e-03 	 9.68604e-03 
0.993 	 8.11052e-03 	 -1.41775e-03 	 9.52827e-03 
0.989 	 7.92185e-03 	 -1.45220e-03 	 9.37405e-03 
0.985 	 7.73678e-03 	 -1.48650e-03 	 9.22328e-03 
0.980 	 7.55519e-03 	 -1.52067e-03 	 9.07586e-03 
0.976 	 7.37699e-03 	 -1.55471e-03 	 8.93171e-03 
0.972 	 7.20210e-03 	 -1.58863e-03 	 8.79073e-03 
0.968 	 7.03041e-03 	 -1.62242e-03 	 8.65283e-03 
0.963 	 6.86185e-03 	 -1.65609e-03 	 8.51794e-03 
0.959 	 6.69632e-03 	 -1.68966e-03 	 8.38598e-03 
0.955 	 6.53374e-03 	 -1.72311e-03 	 8.25686e-03 
0.951 	 6.37404e-03 	 -1.75647e-03 	 8.13050e-03 
0.947 	 6.21713e-03 	 -1.78972e-03 	 8.00685e-03 
0.943 	 6.06295e-03 	 -1.82288e-03 	 7.88582e-03 
0.939 	 5.91141e-03 	 -1.85595e-03 	 7.76735e-03 
0.935 	 5.76245e-03 	 -1.88893e-03 	 7.65137e-03 
0.931 	 5.61600e-03 	 -1.92182e-03 	 7.53782e-03 
0.928 	 5.47199e-03 	 -1.95464e-03 	 7.42663e-03 
0.924 	 5.33036e-03 	 -1.98738e-03 	 7.31774e-03 
0.920 	 5.19105e-03 	 -2.02005e-03 	 7.21110e-03 
0.916 	 5.05399e-03 	 -2.05265e-03 	 7.10664e-03 
0.913 	 4.91914e-03 	 -2.08518e-03 	 7.00432e-03 
0.909 	 4.78642e-03 	 -2.11765e-03 	 6.90407e-03 
0.905 	 4.65579e-03 	 -2.15006e-03 	 6.80585e-03 
0.902 	 4.52719e-03 	 -2.18241e-03 	 6.70960e-03 
0.898 	 4.40057e-03 	 -2.21471e-03 	 6.61528e-03 
0.894 	 4.27588e-03 	 -2.24696e-03 	 6.52283e-03 
0.891 	 4.15306e-03 	 -2.27916e-03 	 6.43222e-03 
0.887 	 4.03208e-03 	 -2.31131e-03 	 6.34339e-03 
0.884 	 3.91289e-03 	 -2.34341e-03 	 6.25630e-03 
0.880 	 3.79544e-03 	 -2.37548e-03 	 6.17092e-03 
0.877 	 3.67968e-03 	 -2.40751e-03 	 6.08719e-03 
0.873 	 3.56558e-03 	 -2.43950e-03 	 6.00508e-03 
0.870 	 3.45309e-03 	 -2.47146e-03 	 5.92455e-03 
0.867 	 3.34218e-03 	 -2.50338e-03 	 5.84556e-03 
0.863 	 3.23280e-03 	 -2.53528e-03 	 5.76808e-03 
0.860 	 3.12492e-03 	 -2.56715e-03 	 5.69207e-03 
0.857 	 3.01849e-03 	 -2.59900e-03 	 5.61749e-03 
0.853 	 2.91349e-03 	 -2.63083e-03 	 5.54432e-03 
0.850 	 2.80988e-03 	 -2.66264e-03 	 5.47252e-03 
0.847 	 2.70762e-03 	 -2.69443e-03 	 5.40205e-03 
0.844 	 2.60669e-03 	 -2.72620e-03 	 5.33289e-03 
0.841 	 2.50704e-03 	 -2.75796e-03 	 5.26501e-03 
0.838 	 2.40866e-03 	 -2.78971e-03 	 5.19837e-03 
0.834 	 2.31150e-03 	 -2.82145e-03 	 5.13295e-03 
0.831 	 2.21554e-03 	 -2.85318e-03 	 5.06872e-03 
0.828 	 2.12075e-03 	 -2.88490e-03 	 5.00565e-03 
0.825 	 2.02711e-03 	 -2.91662e-03 	 4.94372e-03 
0.822 	 1.93457e-03 	 -2.94833e-03 	 4.88290e-03 
0.819 	 1.84313e-03 	 -2.98003e-03 	 4.82316e-03 
0.816 	 1.75275e-03 	 -3.01174e-03 	 4.76449e-03 
0.813 	 1.66341e-03 	 -3.04344e-03 	 4.70684e-03 
0.810 	 1.57507e-03 	 -3.07514e-03 	 4.65022e-03 
0.807 	 1.48773e-03 	 -3.10685e-03 	 4.59458e-03 
0.804 	 1.40136e-03 	 -3.13856e-03 	 4.53992e-03 
0.802 	 1.31593e-03 	 -3.17027e-03 	 4.48620e-03 
0.799 	 1.23142e-03 	 -3.20199e-03 	 4.43341e-03 
0.796 	 1.14781e-03 	 -3.23372e-03 	 4.38154e-03 
0.793 	 1.06508e-03 	 -3.26546e-03 	 4.33055e-03 
0.790 	 9.83211e-04 	 -3.29721e-03 	 4.28043e-03 
0.788 	 9.02179e-04 	 -3.32898e-03 	 4.23116e-03 
0.785 	 8.21967e-04 	 -3.36076e-03 	 4.18272e-03 
0.782 	 7.42556e-04 	 -3.39255e-03 	 4.13511e-03 
0.779 	 6.63927e-04 	 -3.42436e-03 	 4.08829e-03 
0.777 	 5.86063e-04 	 -3.45619e-03 	 4.04225e-03 
0.774 	 5.08945e-04 	 -3.48804e-03 	 3.99698e-03 
0.771 	 4.32557e-04 	 -3.51990e-03 	 3.95246e-03 
0.769 	 3.56882e-04 	 -3.55179e-03 	 3.90867e-03 
0.766 	 2.81904e-04 	 -3.58370e-03 	 3.86561e-03 
0.763 	 2.07607e-04 	 -3.61564e-03 	 3.82324e-03 
0.761 	 1.33976e-04 	 -3.64759e-03 	 3.78157e-03 
0.758 	 6.09957e-05 	 -3.67957e-03 	 3.74057e-03 
0.756 	 -1.13488e-05 	 -3.71158e-03 	 3.70023e-03 
0.753 	 -8.30717e-05 	 -3.74361e-03 	 3.66054e-03 
0.751 	 -1.54187e-04 	 -3.77567e-03 	 3.62148e-03 
0.748 	 -2.24708e-04 	 -3.80775e-03 	 3.58304e-03 
0.746 	 -2.94648e-04 	 -3.83986e-03 	 3.54522e-03 
0.743 	 -3.64020e-04 	 -3.87200e-03 	 3.50798e-03 
0.741 	 -4.32837e-04 	 -3.90417e-03 	 3.47134e-03 
0.738 	 -5.01111e-04 	 -3.93637e-03 	 3.43526e-03 
0.736 	 -5.68855e-04 	 -3.96861e-03 	 3.39975e-03 
0.733 	 -6.36079e-04 	 -4.00087e-03 	 3.36479e-03 
0.731 	 -7.02796e-04 	 -4.03317e-03 	 3.33037e-03 
0.729 	 -7.69018e-04 	 -4.06550e-03 	 3.29648e-03 
0.726 	 -8.34754e-04 	 -4.09786e-03 	 3.26311e-03 
0.724 	 -9.00016e-04 	 -4.13026e-03 	 3.23024e-03 
0.722 	 -9.64815e-04 	 -4.16270e-03 	 3.19788e-03 
0.719 	 -1.02916e-03 	 -4.19517e-03 	 3.16601e-03 
0.717 	 -1.09306e-03 	 -4.22768e-03 	 3.13462e-03 
0.715 	 -1.15653e-03 	 -4.26023e-03 	 3.10370e-03 
0.712 	 -1.21958e-03 	 -4.29281e-03 	 3.07324e-03 
0.710 	 -1.28221e-03 	 -4.32544e-03 	 3.04323e-03 
0.708 	 -1.34443e-03 	 -4.35811e-03 	 3.01368e-03 
0.706 	 -1.40626e-03 	 -4.39082e-03 	 2.98456e-03 
0.704 	 -1.46771e-03 	 -4.42357e-03 	 2.95586e-03 
0.701 	 -1.52877e-03 	 -4.45636e-03 	 2.92759e-03 
0.699 	 -1.58946e-03 	 -4.48920e-03 	 2.89973e-03 
0.697 	 -1.64979e-03 	 -4.52208e-03 	 2.87228e-03 
0.695 	 -1.70977e-03 	 -4.55500e-03 	 2.84523e-03 
0.693 	 -1.76940e-03 	 -4.58797e-03 	 2.81856e-03 
0.691 	 -1.82869e-03 	 -4.62098e-03 	 2.79228e-03 
0.688 	 -1.88765e-03 	 -4.65403e-03 	 2.76638e-03 
0.686 	 -1.94629e-03 	 -4.68713e-03 	 2.74084e-03 
0.684 	 -2.00461e-03 	 -4.72028e-03 	 2.71567e-03 
0.682 	 -2.06262e-03 	 -4.75347e-03 	 2.69085e-03 
0.680 	 -2.12033e-03 	 -4.78671e-03 	 2.66639e-03 
0.678 	 -2.17773e-03 	 -4.82000e-03 	 2.64226e-03 
0.676 	 -2.23486e-03 	 -4.85333e-03 	 2.61848e-03 
0.674 	 -2.29169e-03 	 -4.88671e-03 	 2.59502e-03 
0.672 	 -2.34825e-03 	 -4.92014e-03 	 2.57189e-03 
0.670 	 -2.40454e-03 	 -4.95362e-03 	 2.54908e-03 
0.668 	 -2.46056e-03 	 -4.98715e-03 	 2.52659e-03 
0.666 	 -2.51633e-03 	 -5.02072e-03 	 2.50440e-03 
0.664 	 -2.57184e-03 	 -5.05435e-03 	 2.48251e-03 
0.662 	 -2.62710e-03 	 -5.08802e-03 	 2.46093e-03 
0.660 	 -2.68212e-03 	 -5.12175e-03 	 2.43963e-03 
0.658 	 -2.73690e-03 	 -5.15553e-03 	 2.41862e-03 
0.656 	 -2.79145e-03 	 -5.18935e-03 	 2.39790e-03 
0.654 	 -2.84578e-03 	 -5.22323e-03 	 2.37745e-03 
0.652 	 -2.89988e-03 	 -5.25716e-03 	 2.35728e-03 
0.650 	 -2.95377e-03 	 -5.29114e-03 	 2.33737e-03 
0.649 	 -3.00745e-03 	 -5.32518e-03 	 2.31773e-03 
0.647 	 -3.06092e-03 	 -5.35926e-03 	 2.29835e-03 
0.645 	 -3.11418e-03 	 -5.39340e-03 	 2.27922e-03 
0.643 	 -3.16725e-03 	 -5.42759e-03 	 2.26034e-03 
0.641 	 -3.22013e-03 	 -5.46183e-03 	 2.24171e-03 
0.639 	 -3.27281e-03 	 -5.49613e-03 	 2.22332e-03 
0.638 	 -3.32532e-03 	 -5.53048e-03 	 2.20517e-03 
0.636 	 -3.37764e-03 	 -5.56489e-03 	 2.18725e-03 
0.634 	 -3.42979e-03 	 -5.59935e-03 	 2.16956e-03 
0.632 	 -3.48176e-03 	 -5.63386e-03 	 2.15210e-03 
0.630 	 -3.53357e-03 	 -5.66843e-03 	 2.13487e-03 
0.629 	 -3.58521e-03 	 -5.70306e-03 	 2.11785e-03 
0.627 	 -3.63669e-03 	 -5.73774e-03 	 2.10105e-03 
0.625 	 -3.68802e-03 	 -5.77247e-03 	 2.08446e-03 
0.623 	 -3.73919e-03 	 -5.80727e-03 	 2.06807e-03 
0.622 	 -3.79022e-03 	 -5.84212e-03 	 2.05190e-03 
0.620 	 -3.84110e-03 	 -5.87702e-03 	 2.03593e-03 
0.618 	 -3.89183e-03 	 -5.91198e-03 	 2.02015e-03 
0.616 	 -3.94243e-03 	 -5.94700e-03 	 2.00457e-03 
0.615 	 -3.99290e-03 	 -5.98208e-03 	 1.98919e-03 
0.613 	 -4.04323e-03 	 -6.01722e-03 	 1.97399e-03 
0.611 	 -4.09343e-03 	 -6.05241e-03 	 1.95898e-03 
0.610 	 -4.14351e-03 	 -6.08766e-03 	 1.94416e-03 
0.608 	 -4.19346e-03 	 -6.12297e-03 	 1.92951e-03 
0.606 	 -4.24330e-03 	 -6.15834e-03 	 1.91504e-03 
0.605 	 -4.29302e-03 	 -6.19377e-03 	 1.90075e-03 
0.603 	 -4.34263e-03 	 -6.22926e-03 	 1.88663e-03 
0.602 	 -4.39212e-03 	 -6.26481e-03 	 1.87269e-03 
0.600 	 -4.44151e-03 	 -6.30042e-03 	 1.85891e-03 
