Energy [eV] Ext Cross [um^2] Abs Cross [um^2] Sca Cross [um^2] 
3.000 	 8.28949e-05 	 8.27484e-05 	 1.46483e-07 
2.960 	 8.94287e-05 	 8.90280e-05 	 4.00752e-07 
2.922 	 9.64939e-05 	 9.56598e-05 	 8.34010e-07 
2.884 	 1.04816e-04 	 1.03352e-04 	 1.46336e-06 
2.848 	 1.14112e-04 	 1.11823e-04 	 2.28905e-06 
2.812 	 1.24373e-04 	 1.21033e-04 	 3.33964e-06 
2.777 	 1.36225e-04 	 1.31594e-04 	 4.63060e-06 
2.743 	 1.49763e-04 	 1.43572e-04 	 6.19062e-06 
2.710 	 1.65674e-04 	 1.57621e-04 	 8.05242e-06 
2.678 	 1.82693e-04 	 1.72435e-04 	 1.02584e-05 
2.646 	 2.00792e-04 	 1.87932e-04 	 1.28609e-05 
2.615 	 2.22285e-04 	 2.06360e-04 	 1.59252e-05 
2.585 	 2.47394e-04 	 2.27860e-04 	 1.95344e-05 
2.556 	 2.76659e-04 	 2.52870e-04 	 2.37888e-05 
2.527 	 3.10676e-04 	 2.81865e-04 	 2.88104e-05 
2.499 	 3.50529e-04 	 3.15744e-04 	 3.47843e-05 
2.471 	 3.98068e-04 	 3.56141e-04 	 4.19266e-05 
2.444 	 4.55739e-04 	 4.05223e-04 	 5.05159e-05 
2.418 	 5.24925e-04 	 4.64017e-04 	 6.09085e-05 
2.392 	 6.03043e-04 	 5.29433e-04 	 7.36100e-05 
2.367 	 6.98867e-04 	 6.09513e-04 	 8.93549e-05 
2.342 	 8.20074e-04 	 7.10975e-04 	 1.09099e-04 
2.318 	 9.73971e-04 	 8.39759e-04 	 1.34212e-04 
2.294 	 1.17198e-03 	 1.00528e-03 	 1.66702e-04 
2.271 	 1.43163e-03 	 1.22204e-03 	 2.09597e-04 
2.248 	 1.78011e-03 	 1.51254e-03 	 2.67571e-04 
2.226 	 2.26083e-03 	 1.91272e-03 	 3.48114e-04 
2.204 	 2.94614e-03 	 2.48239e-03 	 4.63752e-04 
2.182 	 3.96165e-03 	 3.32531e-03 	 6.36345e-04 
2.161 	 5.53502e-03 	 4.62930e-03 	 9.05714e-04 
2.141 	 8.09171e-03 	 6.74491e-03 	 1.34680e-03 
2.121 	 1.24038e-02 	 1.03068e-02 	 2.09699e-03 
2.101 	 1.95023e-02 	 1.61577e-02 	 3.34460e-03 
2.081 	 2.85055e-02 	 2.35523e-02 	 4.95320e-03 
2.062 	 3.16455e-02 	 2.60802e-02 	 5.56533e-03 
2.043 	 2.47334e-02 	 2.03356e-02 	 4.39786e-03 
2.025 	 1.63396e-02 	 1.34048e-02 	 2.93471e-03 
2.007 	 1.06877e-02 	 8.75037e-03 	 1.93730e-03 
1.989 	 7.28821e-03 	 5.95601e-03 	 1.33221e-03 
1.971 	 5.21304e-03 	 4.25287e-03 	 9.60169e-04 
1.954 	 3.88896e-03 	 3.16771e-03 	 7.21252e-04 
1.937 	 3.00401e-03 	 2.44340e-03 	 5.60615e-04 
1.921 	 2.38749e-03 	 1.93942e-03 	 4.48075e-04 
1.904 	 1.94251e-03 	 1.57610e-03 	 3.66410e-04 
1.888 	 1.61155e-03 	 1.30620e-03 	 3.05358e-04 
1.873 	 1.35904e-03 	 1.10049e-03 	 2.58543e-04 
1.857 	 1.16210e-03 	 9.40243e-04 	 2.21860e-04 
1.842 	 1.00559e-03 	 8.13021e-04 	 1.92572e-04 
1.827 	 8.79159e-04 	 7.10350e-04 	 1.68809e-04 
1.812 	 7.75552e-04 	 6.26298e-04 	 1.49254e-04 
1.798 	 6.89581e-04 	 5.56619e-04 	 1.32962e-04 
1.783 	 6.17447e-04 	 4.98209e-04 	 1.19238e-04 
1.769 	 5.56316e-04 	 4.48752e-04 	 1.07564e-04 
1.755 	 5.04044e-04 	 4.06498e-04 	 9.75456e-05 
1.742 	 4.58986e-04 	 3.70105e-04 	 8.88805e-05 
1.728 	 4.19863e-04 	 3.38530e-04 	 8.13323e-05 
1.715 	 3.85667e-04 	 3.10953e-04 	 7.47144e-05 
1.702 	 3.55598e-04 	 2.86720e-04 	 6.88779e-05 
1.689 	 3.29010e-04 	 2.65307e-04 	 6.37027e-05 
1.677 	 3.05380e-04 	 2.46289e-04 	 5.90911e-05 
1.664 	 2.84280e-04 	 2.29317e-04 	 5.49630e-05 
1.652 	 2.65357e-04 	 2.14105e-04 	 5.12521e-05 
1.640 	 2.48317e-04 	 2.00414e-04 	 4.79031e-05 
1.628 	 2.32915e-04 	 1.88045e-04 	 4.48699e-05 
1.616 	 2.18945e-04 	 1.76831e-04 	 4.21135e-05 
1.605 	 2.06231e-04 	 1.66631e-04 	 3.96007e-05 
1.593 	 1.94627e-04 	 1.57323e-04 	 3.73033e-05 
1.582 	 1.84003e-04 	 1.48806e-04 	 3.51970e-05 
1.571 	 1.74250e-04 	 1.40989e-04 	 3.32609e-05 
1.560 	 1.65275e-04 	 1.33798e-04 	 3.14770e-05 
1.549 	 1.56995e-04 	 1.27165e-04 	 2.98296e-05 
1.539 	 1.49339e-04 	 1.21034e-04 	 2.83050e-05 
1.528 	 1.42245e-04 	 1.15354e-04 	 2.68911e-05 
1.518 	 1.35658e-04 	 1.10081e-04 	 2.55774e-05 
1.508 	 1.29531e-04 	 1.05176e-04 	 2.43546e-05 
1.497 	 1.23819e-04 	 1.00605e-04 	 2.32144e-05 
1.488 	 1.18487e-04 	 9.63370e-05 	 2.21496e-05 
1.478 	 1.13499e-04 	 9.23458e-05 	 2.11535e-05 
1.468 	 1.08827e-04 	 8.86069e-05 	 2.02204e-05 
1.459 	 1.04444e-04 	 8.50992e-05 	 1.93450e-05 
1.449 	 1.00326e-04 	 8.18034e-05 	 1.85227e-05 
1.440 	 9.64517e-05 	 7.87023e-05 	 1.77493e-05 
1.431 	 9.28015e-05 	 7.57805e-05 	 1.70210e-05 
1.422 	 8.93583e-05 	 7.30240e-05 	 1.63343e-05 
1.413 	 8.61061e-05 	 7.04200e-05 	 1.56861e-05 
1.404 	 8.30308e-05 	 6.79571e-05 	 1.50737e-05 
1.395 	 8.01193e-05 	 6.56249e-05 	 1.44944e-05 
1.386 	 7.73600e-05 	 6.34142e-05 	 1.39459e-05 
1.378 	 7.47423e-05 	 6.13162e-05 	 1.34261e-05 
1.369 	 7.22563e-05 	 5.93233e-05 	 1.29330e-05 
1.361 	 6.98931e-05 	 5.74283e-05 	 1.24648e-05 
1.353 	 6.76446e-05 	 5.56246e-05 	 1.20200e-05 
1.345 	 6.55031e-05 	 5.39061e-05 	 1.15970e-05 
1.337 	 6.34618e-05 	 5.22674e-05 	 1.11943e-05 
1.329 	 6.15143e-05 	 5.07034e-05 	 1.08108e-05 
1.321 	 5.96547e-05 	 4.92094e-05 	 1.04453e-05 
1.313 	 5.78778e-05 	 4.77811e-05 	 1.00967e-05 
1.306 	 5.61785e-05 	 4.64146e-05 	 9.76389e-06 
1.298 	 5.45521e-05 	 4.51061e-05 	 9.44605e-06 
1.291 	 5.29946e-05 	 4.38523e-05 	 9.14228e-06 
1.283 	 5.15018e-05 	 4.26500e-05 	 8.85177e-06 
1.276 	 5.00701e-05 	 4.14963e-05 	 8.57379e-06 
1.269 	 4.86961e-05 	 4.03884e-05 	 8.30763e-06 
1.262 	 4.73765e-05 	 3.93239e-05 	 8.05266e-06 
1.255 	 4.61085e-05 	 3.83003e-05 	 7.80826e-06 
1.248 	 4.48893e-05 	 3.73155e-05 	 7.57387e-06 
1.241 	 4.37163e-05 	 3.63673e-05 	 7.34898e-06 
1.234 	 4.25871e-05 	 3.54540e-05 	 7.13308e-06 
1.227 	 4.14995e-05 	 3.45738e-05 	 6.92571e-06 
1.220 	 4.04513e-05 	 3.37248e-05 	 6.72645e-06 
1.214 	 3.94406e-05 	 3.29057e-05 	 6.53489e-06 
1.207 	 3.84654e-05 	 3.21148e-05 	 6.35064e-06 
1.201 	 3.75242e-05 	 3.13509e-05 	 6.17336e-06 
1.194 	 3.66152e-05 	 3.06125e-05 	 6.00270e-06 
1.188 	 3.57369e-05 	 2.98986e-05 	 5.83835e-06 
1.182 	 3.48879e-05 	 2.92079e-05 	 5.68002e-06 
1.176 	 3.40668e-05 	 2.85394e-05 	 5.52741e-06 
1.169 	 3.32724e-05 	 2.78921e-05 	 5.38028e-06 
1.163 	 3.25033e-05 	 2.72650e-05 	 5.23837e-06 
1.157 	 3.17586e-05 	 2.66571e-05 	 5.10144e-06 
1.151 	 3.10370e-05 	 2.60678e-05 	 4.96928e-06 
1.146 	 3.03377e-05 	 2.54960e-05 	 4.84166e-06 
1.140 	 2.96596e-05 	 2.49412e-05 	 4.71841e-06 
1.134 	 2.90018e-05 	 2.44025e-05 	 4.59931e-06 
1.128 	 2.83635e-05 	 2.38793e-05 	 4.48420e-06 
1.123 	 2.77438e-05 	 2.33709e-05 	 4.37292e-06 
1.117 	 2.71420e-05 	 2.28767e-05 	 4.26529e-06 
1.112 	 2.65573e-05 	 2.23961e-05 	 4.16116e-06 
1.106 	 2.59891e-05 	 2.19287e-05 	 4.06040e-06 
1.101 	 2.54366e-05 	 2.14738e-05 	 3.96286e-06 
1.095 	 2.48994e-05 	 2.10309e-05 	 3.86842e-06 
1.090 	 2.43767e-05 	 2.05997e-05 	 3.77695e-06 
1.085 	 2.38680e-05 	 2.01796e-05 	 3.68833e-06 
1.079 	 2.33727e-05 	 1.97702e-05 	 3.60246e-06 
1.074 	 2.28904e-05 	 1.93712e-05 	 3.51922e-06 
1.069 	 2.24205e-05 	 1.89820e-05 	 3.43851e-06 
1.064 	 2.19626e-05 	 1.86024e-05 	 3.36024e-06 
1.059 	 2.15163e-05 	 1.82320e-05 	 3.28431e-06 
1.054 	 2.10811e-05 	 1.78704e-05 	 3.21063e-06 
1.049 	 2.06565e-05 	 1.75174e-05 	 3.13913e-06 
1.044 	 2.02423e-05 	 1.71726e-05 	 3.06972e-06 
1.039 	 1.98380e-05 	 1.68357e-05 	 3.00232e-06 
1.035 	 1.94434e-05 	 1.65065e-05 	 2.93687e-06 
1.030 	 1.90580e-05 	 1.61847e-05 	 2.87328e-06 
1.025 	 1.86815e-05 	 1.58700e-05 	 2.81151e-06 
1.020 	 1.83137e-05 	 1.55623e-05 	 2.75147e-06 
1.016 	 1.79543e-05 	 1.52612e-05 	 2.69311e-06 
1.011 	 1.76029e-05 	 1.49665e-05 	 2.63637e-06 
1.007 	 1.72592e-05 	 1.46781e-05 	 2.58119e-06 
1.002 	 1.69231e-05 	 1.43956e-05 	 2.52752e-06 
0.998 	 1.65943e-05 	 1.41190e-05 	 2.47532e-06 
0.993 	 1.62725e-05 	 1.38480e-05 	 2.42452e-06 
0.989 	 1.59575e-05 	 1.35824e-05 	 2.37508e-06 
0.985 	 1.56491e-05 	 1.33221e-05 	 2.32696e-06 
0.980 	 1.53470e-05 	 1.30669e-05 	 2.28011e-06 
0.976 	 1.50512e-05 	 1.28167e-05 	 2.23449e-06 
0.972 	 1.47612e-05 	 1.25712e-05 	 2.19006e-06 
0.968 	 1.44771e-05 	 1.23303e-05 	 2.14679e-06 
0.963 	 1.41986e-05 	 1.20940e-05 	 2.10463e-06 
0.959 	 1.39255e-05 	 1.18620e-05 	 2.06354e-06 
0.955 	 1.36577e-05 	 1.16342e-05 	 2.02350e-06 
0.951 	 1.33950e-05 	 1.14106e-05 	 1.98448e-06 
0.947 	 1.31373e-05 	 1.11909e-05 	 1.94643e-06 
0.943 	 1.28844e-05 	 1.09750e-05 	 1.90933e-06 
0.939 	 1.26361e-05 	 1.07629e-05 	 1.87315e-06 
0.935 	 1.23923e-05 	 1.05545e-05 	 1.83786e-06 
0.931 	 1.21530e-05 	 1.03495e-05 	 1.80344e-06 
0.928 	 1.19179e-05 	 1.01480e-05 	 1.76986e-06 
0.924 	 1.16869e-05 	 9.94986e-06 	 1.73708e-06 
0.920 	 1.14600e-05 	 9.75491e-06 	 1.70510e-06 
0.916 	 1.12370e-05 	 9.56310e-06 	 1.67388e-06 
0.913 	 1.10177e-05 	 9.37434e-06 	 1.64340e-06 
0.909 	 1.08022e-05 	 9.18855e-06 	 1.61364e-06 
0.905 	 1.05902e-05 	 9.00565e-06 	 1.58459e-06 
0.902 	 1.03818e-05 	 8.82554e-06 	 1.55621e-06 
0.898 	 1.01767e-05 	 8.64817e-06 	 1.52849e-06 
0.894 	 9.97486e-06 	 8.47346e-06 	 1.50140e-06 
0.891 	 9.77627e-06 	 8.30133e-06 	 1.47495e-06 
0.887 	 9.58080e-06 	 8.13171e-06 	 1.44909e-06 
0.884 	 9.38836e-06 	 7.96454e-06 	 1.42383e-06 
0.880 	 9.19888e-06 	 7.79975e-06 	 1.39913e-06 
0.877 	 9.01227e-06 	 7.63729e-06 	 1.37499e-06 
0.873 	 8.82846e-06 	 7.47708e-06 	 1.35139e-06 
0.870 	 8.64737e-06 	 7.31906e-06 	 1.32831e-06 
0.867 	 8.46894e-06 	 7.16319e-06 	 1.30574e-06 
0.863 	 8.29308e-06 	 7.00941e-06 	 1.28367e-06 
0.860 	 8.11973e-06 	 6.85765e-06 	 1.26208e-06 
0.857 	 7.94884e-06 	 6.70787e-06 	 1.24096e-06 
0.853 	 7.78032e-06 	 6.56002e-06 	 1.22030e-06 
0.850 	 7.61413e-06 	 6.41405e-06 	 1.20009e-06 
0.847 	 7.45020e-06 	 6.26990e-06 	 1.18030e-06 
0.844 	 7.28848e-06 	 6.12754e-06 	 1.16094e-06 
0.841 	 7.12891e-06 	 5.98693e-06 	 1.14199e-06 
0.838 	 6.97145e-06 	 5.84801e-06 	 1.12344e-06 
0.834 	 6.81602e-06 	 5.71075e-06 	 1.10528e-06 
0.831 	 6.66260e-06 	 5.57511e-06 	 1.08749e-06 
0.828 	 6.51113e-06 	 5.44105e-06 	 1.07008e-06 
0.825 	 6.36157e-06 	 5.30854e-06 	 1.05303e-06 
0.822 	 6.21386e-06 	 5.17753e-06 	 1.03632e-06 
0.819 	 6.06796e-06 	 5.04800e-06 	 1.01996e-06 
0.816 	 5.92384e-06 	 4.91990e-06 	 1.00394e-06 
0.813 	 5.78145e-06 	 4.79321e-06 	 9.88237e-07 
0.810 	 5.64075e-06 	 4.66789e-06 	 9.72853e-07 
0.807 	 5.50169e-06 	 4.54391e-06 	 9.57778e-07 
0.804 	 5.36424e-06 	 4.42124e-06 	 9.43004e-07 
0.802 	 5.22836e-06 	 4.29984e-06 	 9.28525e-07 
0.799 	 5.09401e-06 	 4.17968e-06 	 9.14332e-07 
0.796 	 4.96116e-06 	 4.06074e-06 	 9.00420e-07 
0.793 	 4.82976e-06 	 3.94298e-06 	 8.86780e-07 
0.790 	 4.69979e-06 	 3.82639e-06 	 8.73407e-07 
0.788 	 4.57121e-06 	 3.71092e-06 	 8.60294e-07 
0.785 	 4.44399e-06 	 3.59656e-06 	 8.47435e-07 
0.782 	 4.31809e-06 	 3.48327e-06 	 8.34824e-07 
0.779 	 4.19349e-06 	 3.37104e-06 	 8.22455e-07 
0.777 	 4.07016e-06 	 3.25983e-06 	 8.10322e-07 
0.774 	 3.94806e-06 	 3.14964e-06 	 7.98419e-07 
0.771 	 3.82717e-06 	 3.04042e-06 	 7.86743e-07 
0.769 	 3.70746e-06 	 2.93217e-06 	 7.75286e-07 
0.766 	 3.58891e-06 	 2.82486e-06 	 7.64044e-07 
0.763 	 3.47149e-06 	 2.71848e-06 	 7.53013e-07 
0.761 	 3.35518e-06 	 2.61300e-06 	 7.42186e-07 
0.758 	 3.23996e-06 	 2.50839e-06 	 7.31561e-07 
0.756 	 3.12579e-06 	 2.40466e-06 	 7.21131e-07 
0.753 	 3.01266e-06 	 2.30177e-06 	 7.10893e-07 
0.751 	 2.90055e-06 	 2.19971e-06 	 7.00842e-07 
0.748 	 2.78943e-06 	 2.09845e-06 	 6.90974e-07 
0.746 	 2.67928e-06 	 1.99800e-06 	 6.81286e-07 
0.743 	 2.57009e-06 	 1.89832e-06 	 6.71772e-07 
0.741 	 2.46182e-06 	 1.79940e-06 	 6.62429e-07 
0.738 	 2.35447e-06 	 1.70122e-06 	 6.53254e-07 
0.736 	 2.24801e-06 	 1.60377e-06 	 6.44242e-07 
0.733 	 2.14242e-06 	 1.50703e-06 	 6.35391e-07 
0.731 	 2.03769e-06 	 1.41099e-06 	 6.26696e-07 
0.729 	 1.93379e-06 	 1.31563e-06 	 6.18155e-07 
0.726 	 1.83070e-06 	 1.22094e-06 	 6.09763e-07 
0.724 	 1.72841e-06 	 1.12690e-06 	 6.01518e-07 
0.722 	 1.62691e-06 	 1.03349e-06 	 5.93417e-07 
0.719 	 1.52617e-06 	 9.40714e-07 	 5.85456e-07 
0.717 	 1.42618e-06 	 8.48545e-07 	 5.77632e-07 
0.715 	 1.32692e-06 	 7.56974e-07 	 5.69944e-07 
0.712 	 1.22837e-06 	 6.65988e-07 	 5.62387e-07 
0.710 	 1.13053e-06 	 5.75575e-07 	 5.54959e-07 
0.708 	 1.03338e-06 	 4.85721e-07 	 5.47657e-07 
0.706 	 9.36895e-07 	 3.96416e-07 	 5.40479e-07 
0.704 	 8.41071e-07 	 3.07649e-07 	 5.33422e-07 
0.701 	 7.45891e-07 	 2.19408e-07 	 5.26484e-07 
0.699 	 6.51344e-07 	 1.31682e-07 	 5.19662e-07 
0.697 	 5.57416e-07 	 4.44624e-08 	 5.12953e-07 
0.695 	 4.64094e-07 	 -4.22625e-08 	 5.06356e-07 
0.693 	 3.71367e-07 	 -1.28502e-07 	 4.99869e-07 
0.691 	 2.79222e-07 	 -2.14267e-07 	 4.93488e-07 
0.688 	 1.87647e-07 	 -2.99565e-07 	 4.87212e-07 
0.686 	 9.66316e-08 	 -3.84408e-07 	 4.81039e-07 
0.684 	 6.16409e-09 	 -4.68803e-07 	 4.74967e-07 
0.682 	 -8.37666e-08 	 -5.52760e-07 	 4.68993e-07 
0.680 	 -1.73171e-07 	 -6.36288e-07 	 4.63116e-07 
0.678 	 -2.62060e-07 	 -7.19394e-07 	 4.57334e-07 
0.676 	 -3.50444e-07 	 -8.02089e-07 	 4.51645e-07 
0.674 	 -4.38332e-07 	 -8.84379e-07 	 4.46047e-07 
0.672 	 -5.25735e-07 	 -9.66273e-07 	 4.40538e-07 
0.670 	 -6.12662e-07 	 -1.04778e-06 	 4.35117e-07 
0.668 	 -6.99123e-07 	 -1.12890e-06 	 4.29781e-07 
0.666 	 -7.85127e-07 	 -1.20966e-06 	 4.24530e-07 
0.664 	 -8.70684e-07 	 -1.29005e-06 	 4.19362e-07 
0.662 	 -9.55801e-07 	 -1.37008e-06 	 4.14274e-07 
0.660 	 -1.04049e-06 	 -1.44975e-06 	 4.09266e-07 
0.658 	 -1.12475e-06 	 -1.52909e-06 	 4.04336e-07 
0.656 	 -1.20861e-06 	 -1.60809e-06 	 3.99482e-07 
0.654 	 -1.29205e-06 	 -1.68676e-06 	 3.94703e-07 
0.652 	 -1.37510e-06 	 -1.76510e-06 	 3.89998e-07 
0.650 	 -1.45777e-06 	 -1.84313e-06 	 3.85365e-07 
0.649 	 -1.54005e-06 	 -1.92085e-06 	 3.80803e-07 
0.647 	 -1.62195e-06 	 -1.99826e-06 	 3.76310e-07 
0.645 	 -1.70349e-06 	 -2.07538e-06 	 3.71886e-07 
0.643 	 -1.78467e-06 	 -2.15220e-06 	 3.67529e-07 
0.641 	 -1.86550e-06 	 -2.22874e-06 	 3.63237e-07 
0.639 	 -1.94598e-06 	 -2.30499e-06 	 3.59010e-07 
0.638 	 -2.02613e-06 	 -2.38097e-06 	 3.54846e-07 
0.636 	 -2.10594e-06 	 -2.45668e-06 	 3.50744e-07 
0.634 	 -2.18543e-06 	 -2.53213e-06 	 3.46704e-07 
0.632 	 -2.26460e-06 	 -2.60732e-06 	 3.42723e-07 
0.630 	 -2.34345e-06 	 -2.68225e-06 	 3.38801e-07 
0.629 	 -2.42201e-06 	 -2.75694e-06 	 3.34937e-07 
0.627 	 -2.50026e-06 	 -2.83139e-06 	 3.31130e-07 
0.625 	 -2.57822e-06 	 -2.90560e-06 	 3.27378e-07 
0.623 	 -2.65589e-06 	 -2.97957e-06 	 3.23681e-07 
0.622 	 -2.73328e-06 	 -3.05332e-06 	 3.20038e-07 
0.620 	 -2.81040e-06 	 -3.12685e-06 	 3.16448e-07 
0.618 	 -2.88724e-06 	 -3.20015e-06 	 3.12909e-07 
0.616 	 -2.96383e-06 	 -3.27325e-06 	 3.09422e-07 
0.615 	 -3.04015e-06 	 -3.34613e-06 	 3.05985e-07 
0.613 	 -3.11622e-06 	 -3.41881e-06 	 3.02596e-07 
0.611 	 -3.19204e-06 	 -3.49129e-06 	 2.99256e-07 
0.610 	 -3.26761e-06 	 -3.56358e-06 	 2.95964e-07 
0.608 	 -3.34295e-06 	 -3.63567e-06 	 2.92718e-07 
0.606 	 -3.41806e-06 	 -3.70757e-06 	 2.89518e-07 
0.605 	 -3.49293e-06 	 -3.77930e-06 	 2.86363e-07 
0.603 	 -3.56759e-06 	 -3.85084e-06 	 2.83253e-07 
0.602 	 -3.64202e-06 	 -3.92220e-06 	 2.80186e-07 
0.600 	 -3.71624e-06 	 -3.99340e-06 	 2.77161e-07 
