Energy [eV] Ext Cross [um^2] Abs Cross [um^2] Sca Cross [um^2] 
3.000 	 1.30106e-02 	 1.19671e-02 	 1.04348e-03 
2.960 	 1.71286e-02 	 1.39401e-02 	 3.18855e-03 
2.922 	 2.36882e-02 	 1.63113e-02 	 7.37692e-03 
2.884 	 3.35612e-02 	 1.92675e-02 	 1.42937e-02 
2.848 	 4.72192e-02 	 2.28257e-02 	 2.43935e-02 
2.812 	 6.53221e-02 	 2.71823e-02 	 3.81399e-02 
2.777 	 8.77273e-02 	 3.29531e-02 	 5.47742e-02 
2.743 	 1.13379e-01 	 4.13248e-02 	 7.20545e-02 
2.710 	 1.45077e-01 	 5.45450e-02 	 9.05317e-02 
2.678 	 1.85206e-01 	 7.38573e-02 	 1.11348e-01 
2.646 	 2.11682e-01 	 8.18203e-02 	 1.29862e-01 
2.615 	 2.09023e-01 	 6.73381e-02 	 1.41685e-01 
2.585 	 2.07101e-01 	 5.15284e-02 	 1.55572e-01 
2.556 	 1.99608e-01 	 3.93379e-02 	 1.60271e-01 
2.527 	 1.90474e-01 	 3.16173e-02 	 1.58857e-01 
2.499 	 1.81055e-01 	 2.64111e-02 	 1.54644e-01 
2.471 	 1.71624e-01 	 2.25897e-02 	 1.49034e-01 
2.444 	 1.62385e-01 	 1.96222e-02 	 1.42763e-01 
2.418 	 1.53509e-01 	 1.72382e-02 	 1.36271e-01 
2.392 	 1.45110e-01 	 1.52815e-02 	 1.29828e-01 
2.367 	 1.37241e-01 	 1.36514e-02 	 1.23590e-01 
2.342 	 1.29918e-01 	 1.22778e-02 	 1.17640e-01 
2.318 	 1.23127e-01 	 1.11095e-02 	 1.12018e-01 
2.294 	 1.16843e-01 	 1.01079e-02 	 1.06735e-01 
2.271 	 1.11027e-01 	 9.24265e-03 	 1.01784e-01 
2.248 	 1.05642e-01 	 8.49009e-03 	 9.71522e-02 
2.226 	 1.00652e-01 	 7.83163e-03 	 9.28199e-02 
2.204 	 9.60178e-02 	 7.25197e-03 	 8.87659e-02 
2.182 	 9.17075e-02 	 6.73881e-03 	 8.49687e-02 
2.161 	 8.76903e-02 	 6.28221e-03 	 8.14081e-02 
2.141 	 8.39386e-02 	 5.87393e-03 	 7.80647e-02 
2.121 	 8.04279e-02 	 5.50714e-03 	 7.49207e-02 
2.101 	 7.71362e-02 	 5.17619e-03 	 7.19600e-02 
2.081 	 7.40440e-02 	 4.87634e-03 	 6.91676e-02 
2.062 	 7.11338e-02 	 4.60356e-03 	 6.65302e-02 
2.043 	 6.83901e-02 	 4.35450e-03 	 6.40356e-02 
2.025 	 6.57992e-02 	 4.12628e-03 	 6.16729e-02 
2.007 	 6.33487e-02 	 3.91643e-03 	 5.94322e-02 
1.989 	 6.10275e-02 	 3.72285e-03 	 5.73046e-02 
1.971 	 5.88259e-02 	 3.54374e-03 	 5.52821e-02 
1.954 	 5.67351e-02 	 3.37757e-03 	 5.33575e-02 
1.937 	 5.47471e-02 	 3.22294e-03 	 5.15242e-02 
1.921 	 5.28546e-02 	 3.07864e-03 	 4.97760e-02 
1.904 	 5.10511e-02 	 2.94366e-03 	 4.81075e-02 
1.888 	 4.93309e-02 	 2.81711e-03 	 4.65138e-02 
1.873 	 4.76884e-02 	 2.69819e-03 	 4.49903e-02 
1.857 	 4.61190e-02 	 2.58618e-03 	 4.35328e-02 
1.842 	 4.46179e-02 	 2.48045e-03 	 4.21375e-02 
1.827 	 4.31812e-02 	 2.38044e-03 	 4.08008e-02 
1.812 	 4.18051e-02 	 2.28566e-03 	 3.95195e-02 
1.798 	 4.04862e-02 	 2.19568e-03 	 3.82905e-02 
1.783 	 3.92212e-02 	 2.11011e-03 	 3.71111e-02 
1.769 	 3.80073e-02 	 2.02858e-03 	 3.59787e-02 
1.755 	 3.68416e-02 	 1.95078e-03 	 3.48908e-02 
1.742 	 3.57216e-02 	 1.87642e-03 	 3.38452e-02 
1.728 	 3.46451e-02 	 1.80523e-03 	 3.28398e-02 
1.715 	 3.36097e-02 	 1.73699e-03 	 3.18727e-02 
1.702 	 3.26135e-02 	 1.67149e-03 	 3.09420e-02 
1.689 	 3.16545e-02 	 1.60852e-03 	 3.00460e-02 
1.677 	 3.07309e-02 	 1.54792e-03 	 2.91830e-02 
1.664 	 2.98412e-02 	 1.48952e-03 	 2.83516e-02 
1.652 	 2.89836e-02 	 1.43318e-03 	 2.75504e-02 
1.640 	 2.81567e-02 	 1.37876e-03 	 2.67779e-02 
1.628 	 2.73591e-02 	 1.32614e-03 	 2.60329e-02 
1.616 	 2.65895e-02 	 1.27521e-03 	 2.53143e-02 
1.605 	 2.58466e-02 	 1.22586e-03 	 2.46208e-02 
1.593 	 2.51294e-02 	 1.17799e-03 	 2.39514e-02 
1.582 	 2.44366e-02 	 1.13152e-03 	 2.33051e-02 
1.571 	 2.37672e-02 	 1.08636e-03 	 2.26809e-02 
1.560 	 2.31203e-02 	 1.04245e-03 	 2.20779e-02 
1.549 	 2.24949e-02 	 9.99700e-04 	 2.14952e-02 
1.539 	 2.18901e-02 	 9.58058e-04 	 2.09320e-02 
1.528 	 2.13050e-02 	 9.17459e-04 	 2.03876e-02 
1.518 	 2.07390e-02 	 8.77848e-04 	 1.98611e-02 
1.508 	 2.01910e-02 	 8.39173e-04 	 1.93519e-02 
1.497 	 1.96606e-02 	 8.01383e-04 	 1.88592e-02 
1.488 	 1.91469e-02 	 7.64434e-04 	 1.83825e-02 
1.478 	 1.86494e-02 	 7.28282e-04 	 1.79211e-02 
1.468 	 1.81673e-02 	 6.92888e-04 	 1.74744e-02 
1.459 	 1.77001e-02 	 6.58213e-04 	 1.70419e-02 
1.449 	 1.72472e-02 	 6.24224e-04 	 1.66230e-02 
1.440 	 1.68081e-02 	 5.90887e-04 	 1.62172e-02 
1.431 	 1.63823e-02 	 5.58171e-04 	 1.58241e-02 
1.422 	 1.59691e-02 	 5.26046e-04 	 1.54431e-02 
1.413 	 1.55683e-02 	 4.94486e-04 	 1.50738e-02 
1.404 	 1.51793e-02 	 4.63463e-04 	 1.47158e-02 
1.395 	 1.48016e-02 	 4.32953e-04 	 1.43687e-02 
1.386 	 1.44349e-02 	 4.02933e-04 	 1.40320e-02 
1.378 	 1.40788e-02 	 3.73382e-04 	 1.37054e-02 
1.369 	 1.37328e-02 	 3.44278e-04 	 1.33886e-02 
1.361 	 1.33967e-02 	 3.15604e-04 	 1.30811e-02 
1.353 	 1.30701e-02 	 2.87338e-04 	 1.27827e-02 
1.345 	 1.27525e-02 	 2.59465e-04 	 1.24931e-02 
1.337 	 1.24438e-02 	 2.31967e-04 	 1.22119e-02 
1.329 	 1.21436e-02 	 2.04828e-04 	 1.19388e-02 
1.321 	 1.18516e-02 	 1.78034e-04 	 1.16736e-02 
1.313 	 1.15675e-02 	 1.51569e-04 	 1.14159e-02 
1.306 	 1.12911e-02 	 1.25421e-04 	 1.11656e-02 
1.298 	 1.10220e-02 	 9.95759e-05 	 1.09224e-02 
1.291 	 1.07601e-02 	 7.40220e-05 	 1.06860e-02 
1.283 	 1.05050e-02 	 4.87471e-05 	 1.04563e-02 
1.276 	 1.02567e-02 	 2.37398e-05 	 1.02329e-02 
1.269 	 1.00147e-02 	 -1.01075e-06 	 1.00157e-02 
1.262 	 9.77898e-03 	 -2.55150e-05 	 9.80450e-03 
1.255 	 9.54927e-03 	 -4.97828e-05 	 9.59905e-03 
1.248 	 9.32537e-03 	 -7.38235e-05 	 9.39920e-03 
1.241 	 9.10710e-03 	 -9.76460e-05 	 9.20475e-03 
1.234 	 8.89427e-03 	 -1.21259e-04 	 9.01553e-03 
1.227 	 8.68670e-03 	 -1.44671e-04 	 8.83137e-03 
1.220 	 8.48422e-03 	 -1.67889e-04 	 8.65211e-03 
1.214 	 8.28667e-03 	 -1.90922e-04 	 8.47759e-03 
1.207 	 8.09389e-03 	 -2.13777e-04 	 8.30767e-03 
1.201 	 7.90573e-03 	 -2.36460e-04 	 8.14219e-03 
1.194 	 7.72205e-03 	 -2.58979e-04 	 7.98103e-03 
1.188 	 7.54269e-03 	 -2.81340e-04 	 7.82403e-03 
1.182 	 7.36753e-03 	 -3.03549e-04 	 7.67108e-03 
1.176 	 7.19643e-03 	 -3.25613e-04 	 7.52205e-03 
1.169 	 7.02927e-03 	 -3.47536e-04 	 7.37681e-03 
1.163 	 6.86593e-03 	 -3.69325e-04 	 7.23525e-03 
1.157 	 6.70628e-03 	 -3.90985e-04 	 7.09726e-03 
1.151 	 6.55021e-03 	 -4.12520e-04 	 6.96273e-03 
1.146 	 6.39762e-03 	 -4.33937e-04 	 6.83156e-03 
1.140 	 6.24840e-03 	 -4.55240e-04 	 6.70364e-03 
1.134 	 6.10245e-03 	 -4.76433e-04 	 6.57888e-03 
1.128 	 5.95966e-03 	 -4.97521e-04 	 6.45718e-03 
1.123 	 5.81995e-03 	 -5.18509e-04 	 6.33846e-03 
1.117 	 5.68322e-03 	 -5.39400e-04 	 6.22262e-03 
1.112 	 5.54938e-03 	 -5.60199e-04 	 6.10958e-03 
1.106 	 5.41835e-03 	 -5.80909e-04 	 5.99925e-03 
1.101 	 5.29004e-03 	 -6.01533e-04 	 5.89157e-03 
1.095 	 5.16437e-03 	 -6.22076e-04 	 5.78645e-03 
1.090 	 5.04128e-03 	 -6.42542e-04 	 5.68382e-03 
1.085 	 4.92067e-03 	 -6.62932e-04 	 5.58360e-03 
1.079 	 4.80249e-03 	 -6.83251e-04 	 5.48574e-03 
1.074 	 4.68665e-03 	 -7.03502e-04 	 5.39015e-03 
1.069 	 4.57310e-03 	 -7.23688e-04 	 5.29679e-03 
1.064 	 4.46176e-03 	 -7.43811e-04 	 5.20557e-03 
1.059 	 4.35258e-03 	 -7.63876e-04 	 5.11646e-03 
1.054 	 4.24549e-03 	 -7.83885e-04 	 5.02938e-03 
1.049 	 4.14044e-03 	 -8.03839e-04 	 4.94428e-03 
1.044 	 4.03736e-03 	 -8.23743e-04 	 4.86111e-03 
1.039 	 3.93621e-03 	 -8.43598e-04 	 4.77980e-03 
1.035 	 3.83692e-03 	 -8.63407e-04 	 4.70032e-03 
1.030 	 3.73944e-03 	 -8.83173e-04 	 4.62261e-03 
1.025 	 3.64373e-03 	 -9.02897e-04 	 4.54663e-03 
1.020 	 3.54974e-03 	 -9.22582e-04 	 4.47232e-03 
1.016 	 3.45741e-03 	 -9.42229e-04 	 4.39964e-03 
1.011 	 3.36671e-03 	 -9.61842e-04 	 4.32855e-03 
1.007 	 3.27759e-03 	 -9.81422e-04 	 4.25901e-03 
1.002 	 3.19000e-03 	 -1.00097e-03 	 4.19097e-03 
0.998 	 3.10391e-03 	 -1.02049e-03 	 4.12440e-03 
0.993 	 3.01927e-03 	 -1.03998e-03 	 4.05925e-03 
0.989 	 2.93604e-03 	 -1.05945e-03 	 3.99549e-03 
0.985 	 2.85419e-03 	 -1.07890e-03 	 3.93309e-03 
0.980 	 2.77369e-03 	 -1.09832e-03 	 3.87201e-03 
0.976 	 2.69448e-03 	 -1.11773e-03 	 3.81221e-03 
0.972 	 2.61655e-03 	 -1.13711e-03 	 3.75366e-03 
0.968 	 2.53985e-03 	 -1.15648e-03 	 3.69633e-03 
0.963 	 2.46436e-03 	 -1.17583e-03 	 3.64019e-03 
0.959 	 2.39004e-03 	 -1.19517e-03 	 3.58521e-03 
0.955 	 2.31686e-03 	 -1.21450e-03 	 3.53136e-03 
0.951 	 2.24479e-03 	 -1.23381e-03 	 3.47860e-03 
0.947 	 2.17380e-03 	 -1.25312e-03 	 3.42692e-03 
0.943 	 2.10387e-03 	 -1.27242e-03 	 3.37629e-03 
0.939 	 2.03497e-03 	 -1.29171e-03 	 3.32668e-03 
0.935 	 1.96706e-03 	 -1.31100e-03 	 3.27806e-03 
0.931 	 1.90013e-03 	 -1.33028e-03 	 3.23041e-03 
0.928 	 1.83415e-03 	 -1.34956e-03 	 3.18371e-03 
0.924 	 1.76910e-03 	 -1.36883e-03 	 3.13793e-03 
0.920 	 1.70495e-03 	 -1.38811e-03 	 3.09306e-03 
0.916 	 1.64168e-03 	 -1.40738e-03 	 3.04906e-03 
0.913 	 1.57926e-03 	 -1.42666e-03 	 3.00592e-03 
0.909 	 1.51768e-03 	 -1.44594e-03 	 2.96362e-03 
0.905 	 1.45692e-03 	 -1.46523e-03 	 2.92214e-03 
0.902 	 1.39695e-03 	 -1.48451e-03 	 2.88146e-03 
0.898 	 1.33775e-03 	 -1.50381e-03 	 2.84156e-03 
0.894 	 1.27931e-03 	 -1.52311e-03 	 2.80241e-03 
0.891 	 1.22160e-03 	 -1.54241e-03 	 2.76402e-03 
0.887 	 1.16461e-03 	 -1.56173e-03 	 2.72634e-03 
0.884 	 1.10833e-03 	 -1.58105e-03 	 2.68938e-03 
0.880 	 1.05272e-03 	 -1.60039e-03 	 2.65311e-03 
0.877 	 9.97781e-04 	 -1.61973e-03 	 2.61751e-03 
0.873 	 9.43491e-04 	 -1.63909e-03 	 2.58258e-03 
0.870 	 8.89834e-04 	 -1.65845e-03 	 2.54829e-03 
0.867 	 8.36796e-04 	 -1.67784e-03 	 2.51463e-03 
0.863 	 7.84360e-04 	 -1.69723e-03 	 2.48159e-03 
0.860 	 7.32513e-04 	 -1.71664e-03 	 2.44916e-03 
0.857 	 6.81239e-04 	 -1.73607e-03 	 2.41731e-03 
0.853 	 6.30525e-04 	 -1.75551e-03 	 2.38604e-03 
0.850 	 5.80357e-04 	 -1.77498e-03 	 2.35533e-03 
0.847 	 5.30721e-04 	 -1.79446e-03 	 2.32518e-03 
0.844 	 4.81606e-04 	 -1.81396e-03 	 2.29556e-03 
0.841 	 4.32998e-04 	 -1.83348e-03 	 2.26647e-03 
0.838 	 3.84885e-04 	 -1.85301e-03 	 2.23790e-03 
0.834 	 3.37256e-04 	 -1.87257e-03 	 2.20983e-03 
0.831 	 2.90099e-04 	 -1.89215e-03 	 2.18225e-03 
0.828 	 2.43402e-04 	 -1.91176e-03 	 2.15516e-03 
0.825 	 1.97155e-04 	 -1.93138e-03 	 2.12854e-03 
0.822 	 1.51348e-04 	 -1.95103e-03 	 2.10237e-03 
0.819 	 1.05969e-04 	 -1.97069e-03 	 2.07666e-03 
0.816 	 6.10086e-05 	 -1.99038e-03 	 2.05139e-03 
0.813 	 1.64572e-05 	 -2.01010e-03 	 2.02656e-03 
0.810 	 -2.76950e-05 	 -2.02984e-03 	 2.00214e-03 
0.807 	 -7.14576e-05 	 -2.04960e-03 	 1.97814e-03 
0.804 	 -1.14840e-04 	 -2.06939e-03 	 1.95455e-03 
0.802 	 -1.57851e-04 	 -2.08920e-03 	 1.93135e-03 
0.799 	 -2.00499e-04 	 -2.10904e-03 	 1.90854e-03 
0.796 	 -2.42793e-04 	 -2.12890e-03 	 1.88611e-03 
0.793 	 -2.84742e-04 	 -2.14880e-03 	 1.86406e-03 
0.790 	 -3.26353e-04 	 -2.16872e-03 	 1.84237e-03 
0.788 	 -3.67635e-04 	 -2.18867e-03 	 1.82103e-03 
0.785 	 -4.08596e-04 	 -2.20865e-03 	 1.80005e-03 
0.782 	 -4.49242e-04 	 -2.22866e-03 	 1.77941e-03 
0.779 	 -4.89582e-04 	 -2.24869e-03 	 1.75911e-03 
0.777 	 -5.29624e-04 	 -2.26876e-03 	 1.73914e-03 
0.774 	 -5.69373e-04 	 -2.28887e-03 	 1.71949e-03 
0.771 	 -6.08836e-04 	 -2.30900e-03 	 1.70016e-03 
0.769 	 -6.48022e-04 	 -2.32916e-03 	 1.68114e-03 
0.766 	 -6.86935e-04 	 -2.34936e-03 	 1.66242e-03 
0.763 	 -7.25582e-04 	 -2.36959e-03 	 1.64400e-03 
0.761 	 -7.63969e-04 	 -2.38985e-03 	 1.62588e-03 
0.758 	 -8.02103e-04 	 -2.41014e-03 	 1.60803e-03 
0.756 	 -8.39989e-04 	 -2.43046e-03 	 1.59047e-03 
0.753 	 -8.77634e-04 	 -2.45082e-03 	 1.57319e-03 
0.751 	 -9.15042e-04 	 -2.47121e-03 	 1.55617e-03 
0.748 	 -9.52219e-04 	 -2.49164e-03 	 1.53942e-03 
0.746 	 -9.89170e-04 	 -2.51210e-03 	 1.52293e-03 
0.743 	 -1.02590e-03 	 -2.53259e-03 	 1.50669e-03 
0.741 	 -1.06242e-03 	 -2.55311e-03 	 1.49070e-03 
0.738 	 -1.09872e-03 	 -2.57367e-03 	 1.47495e-03 
0.736 	 -1.13483e-03 	 -2.59427e-03 	 1.45944e-03 
0.733 	 -1.17073e-03 	 -2.61490e-03 	 1.44417e-03 
0.731 	 -1.20643e-03 	 -2.63556e-03 	 1.42913e-03 
0.729 	 -1.24195e-03 	 -2.65627e-03 	 1.41432e-03 
0.726 	 -1.27728e-03 	 -2.67700e-03 	 1.39973e-03 
0.724 	 -1.31242e-03 	 -2.69778e-03 	 1.38535e-03 
0.722 	 -1.34739e-03 	 -2.71859e-03 	 1.37119e-03 
0.719 	 -1.38219e-03 	 -2.73943e-03 	 1.35724e-03 
0.717 	 -1.41682e-03 	 -2.76032e-03 	 1.34350e-03 
0.715 	 -1.45128e-03 	 -2.78124e-03 	 1.32996e-03 
0.712 	 -1.48558e-03 	 -2.80220e-03 	 1.31662e-03 
0.710 	 -1.51973e-03 	 -2.82320e-03 	 1.30347e-03 
0.708 	 -1.55372e-03 	 -2.84424e-03 	 1.29052e-03 
0.706 	 -1.58756e-03 	 -2.86531e-03 	 1.27775e-03 
0.704 	 -1.62126e-03 	 -2.88643e-03 	 1.26517e-03 
0.701 	 -1.65481e-03 	 -2.90758e-03 	 1.25277e-03 
0.699 	 -1.68823e-03 	 -2.92877e-03 	 1.24054e-03 
0.697 	 -1.72151e-03 	 -2.95000e-03 	 1.22850e-03 
0.695 	 -1.75466e-03 	 -2.97127e-03 	 1.21662e-03 
0.693 	 -1.78768e-03 	 -2.99259e-03 	 1.20491e-03 
0.691 	 -1.82057e-03 	 -3.01394e-03 	 1.19337e-03 
0.688 	 -1.85334e-03 	 -3.03533e-03 	 1.18199e-03 
0.686 	 -1.88599e-03 	 -3.05676e-03 	 1.17077e-03 
0.684 	 -1.91852e-03 	 -3.07823e-03 	 1.15970e-03 
0.682 	 -1.95094e-03 	 -3.09974e-03 	 1.14880e-03 
0.680 	 -1.98325e-03 	 -3.12129e-03 	 1.13804e-03 
0.678 	 -2.01545e-03 	 -3.14288e-03 	 1.12743e-03 
0.676 	 -2.04755e-03 	 -3.16452e-03 	 1.11697e-03 
0.674 	 -2.07954e-03 	 -3.18619e-03 	 1.10665e-03 
0.672 	 -2.11144e-03 	 -3.20790e-03 	 1.09647e-03 
0.670 	 -2.14323e-03 	 -3.22966e-03 	 1.08643e-03 
0.668 	 -2.17493e-03 	 -3.25145e-03 	 1.07653e-03 
0.666 	 -2.20654e-03 	 -3.27329e-03 	 1.06676e-03 
0.664 	 -2.23805e-03 	 -3.29517e-03 	 1.05712e-03 
0.662 	 -2.26948e-03 	 -3.31709e-03 	 1.04761e-03 
0.660 	 -2.30082e-03 	 -3.33905e-03 	 1.03823e-03 
0.658 	 -2.33208e-03 	 -3.36106e-03 	 1.02897e-03 
0.656 	 -2.36326e-03 	 -3.38310e-03 	 1.01984e-03 
0.654 	 -2.39436e-03 	 -3.40519e-03 	 1.01083e-03 
0.652 	 -2.42538e-03 	 -3.42732e-03 	 1.00194e-03 
0.650 	 -2.45633e-03 	 -3.44949e-03 	 9.93163e-04 
0.649 	 -2.48720e-03 	 -3.47170e-03 	 9.84502e-04 
0.647 	 -2.51800e-03 	 -3.49396e-03 	 9.75954e-04 
0.645 	 -2.54874e-03 	 -3.51625e-03 	 9.67518e-04 
0.643 	 -2.57940e-03 	 -3.53859e-03 	 9.59191e-04 
0.641 	 -2.61000e-03 	 -3.56098e-03 	 9.50972e-04 
0.639 	 -2.64054e-03 	 -3.58340e-03 	 9.42858e-04 
0.638 	 -2.67102e-03 	 -3.60587e-03 	 9.34849e-04 
0.636 	 -2.70144e-03 	 -3.62838e-03 	 9.26942e-04 
0.634 	 -2.73180e-03 	 -3.65093e-03 	 9.19136e-04 
0.632 	 -2.76210e-03 	 -3.67353e-03 	 9.11429e-04 
0.630 	 -2.79235e-03 	 -3.69617e-03 	 9.03820e-04 
0.629 	 -2.82254e-03 	 -3.71885e-03 	 8.96307e-04 
0.627 	 -2.85269e-03 	 -3.74158e-03 	 8.88888e-04 
0.625 	 -2.88278e-03 	 -3.76435e-03 	 8.81563e-04 
0.623 	 -2.91283e-03 	 -3.78716e-03 	 8.74328e-04 
0.622 	 -2.94283e-03 	 -3.81002e-03 	 8.67185e-04 
0.620 	 -2.97279e-03 	 -3.83292e-03 	 8.60129e-04 
0.618 	 -3.00270e-03 	 -3.85586e-03 	 8.53161e-04 
0.616 	 -3.03257e-03 	 -3.87885e-03 	 8.46280e-04 
0.615 	 -3.06240e-03 	 -3.90188e-03 	 8.39482e-04 
0.613 	 -3.09219e-03 	 -3.92496e-03 	 8.32768e-04 
0.611 	 -3.12194e-03 	 -3.94808e-03 	 8.26137e-04 
0.610 	 -3.15166e-03 	 -3.97125e-03 	 8.19585e-04 
0.608 	 -3.18134e-03 	 -3.99446e-03 	 8.13114e-04 
0.606 	 -3.21099e-03 	 -4.01771e-03 	 8.06721e-04 
0.605 	 -3.24061e-03 	 -4.04101e-03 	 8.00405e-04 
0.603 	 -3.27019e-03 	 -4.06436e-03 	 7.94165e-04 
0.602 	 -3.29975e-03 	 -4.08775e-03 	 7.87999e-04 
0.600 	 -3.32927e-03 	 -4.11118e-03 	 7.81908e-04 
