Energy [eV] Ext Cross [um^2] Abs Cross [um^2] Sca Cross [um^2] 
3.000 	 1.83003e-04 	 1.82235e-04 	 7.68035e-07 
2.960 	 1.91311e-04 	 1.89286e-04 	 2.02507e-06 
2.922 	 2.00141e-04 	 1.96084e-04 	 4.05714e-06 
2.884 	 2.10657e-04 	 2.03816e-04 	 6.84064e-06 
2.848 	 2.21966e-04 	 2.11696e-04 	 1.02692e-05 
2.812 	 2.33838e-04 	 2.19488e-04 	 1.43499e-05 
2.777 	 2.47414e-04 	 2.28392e-04 	 1.90222e-05 
2.743 	 2.62728e-04 	 2.38466e-04 	 2.42627e-05 
2.710 	 2.77881e-04 	 2.47843e-04 	 3.00382e-05 
2.678 	 2.92163e-04 	 2.55835e-04 	 3.63280e-05 
2.646 	 3.08334e-04 	 2.65208e-04 	 4.31260e-05 
2.615 	 3.25903e-04 	 2.75485e-04 	 5.04182e-05 
2.585 	 3.44651e-04 	 2.86455e-04 	 5.81960e-05 
2.556 	 3.64521e-04 	 2.98065e-04 	 6.64563e-05 
2.527 	 3.85483e-04 	 3.10286e-04 	 7.51977e-05 
2.499 	 4.07536e-04 	 3.23110e-04 	 8.44264e-05 
2.471 	 4.30824e-04 	 3.36674e-04 	 9.41502e-05 
2.444 	 4.55456e-04 	 3.51077e-04 	 1.04379e-04 
2.418 	 4.81327e-04 	 3.66207e-04 	 1.15120e-04 
2.392 	 5.08275e-04 	 3.81873e-04 	 1.26402e-04 
2.367 	 5.36739e-04 	 3.98482e-04 	 1.38257e-04 
2.342 	 5.66850e-04 	 4.16140e-04 	 1.50709e-04 
2.318 	 5.98712e-04 	 4.34919e-04 	 1.63794e-04 
2.294 	 6.32521e-04 	 4.54966e-04 	 1.77554e-04 
2.271 	 6.68600e-04 	 4.76549e-04 	 1.92051e-04 
2.248 	 7.07552e-04 	 5.00214e-04 	 2.07338e-04 
2.226 	 7.50556e-04 	 5.27158e-04 	 2.23397e-04 
2.204 	 7.98927e-04 	 5.59160e-04 	 2.39767e-04 
2.182 	 8.47080e-04 	 5.91795e-04 	 2.55285e-04 
2.161 	 8.86621e-04 	 6.14997e-04 	 2.71624e-04 
2.141 	 9.28450e-04 	 6.37966e-04 	 2.90484e-04 
2.121 	 9.76472e-04 	 6.65525e-04 	 3.10947e-04 
2.101 	 1.02949e-03 	 6.96876e-04 	 3.32616e-04 
2.081 	 1.08683e-03 	 7.31334e-04 	 3.55492e-04 
2.062 	 1.14834e-03 	 7.68673e-04 	 3.79671e-04 
2.043 	 1.21419e-03 	 8.08910e-04 	 4.05279e-04 
2.025 	 1.28464e-03 	 8.52187e-04 	 4.32452e-04 
2.007 	 1.36006e-03 	 8.98716e-04 	 4.61344e-04 
1.989 	 1.44089e-03 	 9.48765e-04 	 4.92124e-04 
1.971 	 1.52762e-03 	 1.00265e-03 	 5.24972e-04 
1.954 	 1.62082e-03 	 1.06073e-03 	 5.60090e-04 
1.937 	 1.72114e-03 	 1.12343e-03 	 5.97713e-04 
1.921 	 1.82933e-03 	 1.19122e-03 	 6.38108e-04 
1.904 	 1.94622e-03 	 1.26465e-03 	 6.81570e-04 
1.888 	 2.07275e-03 	 1.34432e-03 	 7.28425e-04 
1.873 	 2.21000e-03 	 1.43094e-03 	 7.79052e-04 
1.857 	 2.35920e-03 	 1.52531e-03 	 8.33886e-04 
1.842 	 2.52177e-03 	 1.62835e-03 	 8.93422e-04 
1.827 	 2.69934e-03 	 1.74111e-03 	 9.58235e-04 
1.812 	 2.89380e-03 	 1.86482e-03 	 1.02898e-03 
1.798 	 3.10732e-03 	 2.00090e-03 	 1.10642e-03 
1.783 	 3.34244e-03 	 2.15100e-03 	 1.19144e-03 
1.769 	 3.60213e-03 	 2.31706e-03 	 1.28506e-03 
1.755 	 3.88987e-03 	 2.50135e-03 	 1.38852e-03 
1.742 	 4.20979e-03 	 2.70655e-03 	 1.50324e-03 
1.728 	 4.56677e-03 	 2.93586e-03 	 1.63091e-03 
1.715 	 4.96662e-03 	 3.19305e-03 	 1.77357e-03 
1.702 	 5.41632e-03 	 3.48270e-03 	 1.93362e-03 
1.689 	 5.92431e-03 	 3.81031e-03 	 2.11400e-03 
1.677 	 6.50080e-03 	 4.18256e-03 	 2.31824e-03 
1.664 	 7.15833e-03 	 4.60765e-03 	 2.55068e-03 
1.652 	 7.91231e-03 	 5.09565e-03 	 2.81665e-03 
1.640 	 8.78186e-03 	 5.65910e-03 	 3.12276e-03 
1.628 	 9.79085e-03 	 6.31362e-03 	 3.47723e-03 
1.616 	 1.09694e-02 	 7.07892e-03 	 3.89044e-03 
1.605 	 1.23556e-02 	 7.98006e-03 	 4.37553e-03 
1.593 	 1.39985e-02 	 9.04915e-03 	 4.94935e-03 
1.582 	 1.59613e-02 	 1.03277e-02 	 5.63359e-03 
1.571 	 1.83260e-02 	 1.18696e-02 	 6.45640e-03 
1.560 	 2.11999e-02 	 1.37454e-02 	 7.45449e-03 
1.549 	 2.47231e-02 	 1.60473e-02 	 8.67580e-03 
1.539 	 2.90790e-02 	 1.88962e-02 	 1.01828e-02 
1.528 	 3.45036e-02 	 2.24477e-02 	 1.20559e-02 
1.518 	 4.12923e-02 	 2.68972e-02 	 1.43951e-02 
1.508 	 4.97892e-02 	 3.24728e-02 	 1.73165e-02 
1.497 	 6.03344e-02 	 3.94011e-02 	 2.09333e-02 
1.488 	 7.31118e-02 	 4.78085e-02 	 2.53033e-02 
1.478 	 8.78233e-02 	 5.75059e-02 	 3.03174e-02 
1.468 	 1.03169e-01 	 6.76469e-02 	 3.55218e-02 
1.459 	 1.16423e-01 	 7.64447e-02 	 3.99788e-02 
1.449 	 1.23933e-01 	 8.14911e-02 	 4.24418e-02 
1.440 	 1.23079e-01 	 8.10464e-02 	 4.20330e-02 
1.431 	 1.14274e-01 	 7.53578e-02 	 3.89160e-02 
1.422 	 1.00592e-01 	 6.64330e-02 	 3.41588e-02 
1.413 	 8.55429e-02 	 5.65785e-02 	 2.89644e-02 
1.404 	 7.14678e-02 	 4.73401e-02 	 2.41277e-02 
1.395 	 5.93717e-02 	 3.93871e-02 	 1.99846e-02 
1.386 	 4.94131e-02 	 3.28304e-02 	 1.65827e-02 
1.378 	 4.13711e-02 	 2.75293e-02 	 1.38418e-02 
1.369 	 3.49155e-02 	 2.32692e-02 	 1.16462e-02 
1.361 	 2.97256e-02 	 1.98410e-02 	 9.88458e-03 
1.353 	 2.55302e-02 	 1.70670e-02 	 8.46316e-03 
1.345 	 2.21131e-02 	 1.48056e-02 	 7.30753e-03 
1.337 	 1.93065e-02 	 1.29465e-02 	 6.36001e-03 
1.329 	 1.69812e-02 	 1.14049e-02 	 5.57635e-03 
1.321 	 1.50383e-02 	 1.01156e-02 	 4.92267e-03 
1.313 	 1.34016e-02 	 9.02864e-03 	 4.37292e-03 
1.306 	 1.20120e-02 	 8.10498e-03 	 3.90697e-03 
1.298 	 1.08235e-02 	 7.31437e-03 	 3.50914e-03 
1.291 	 9.80014e-03 	 6.63300e-03 	 3.16715e-03 
1.283 	 8.91324e-03 	 6.04199e-03 	 2.87126e-03 
1.276 	 8.14003e-03 	 5.52629e-03 	 2.61374e-03 
1.269 	 7.46216e-03 	 5.07380e-03 	 2.38836e-03 
1.262 	 6.86479e-03 	 4.67471e-03 	 2.19008e-03 
1.255 	 6.33582e-03 	 4.32100e-03 	 2.01482e-03 
1.248 	 5.86529e-03 	 4.00610e-03 	 1.85918e-03 
1.241 	 5.44497e-03 	 3.72456e-03 	 1.72041e-03 
1.234 	 5.06802e-03 	 3.47185e-03 	 1.59617e-03 
1.227 	 4.72870e-03 	 3.24417e-03 	 1.48453e-03 
1.220 	 4.42220e-03 	 3.03832e-03 	 1.38388e-03 
1.214 	 4.14443e-03 	 2.85160e-03 	 1.29283e-03 
1.207 	 3.89191e-03 	 2.68170e-03 	 1.21021e-03 
1.201 	 3.66169e-03 	 2.52666e-03 	 1.13503e-03 
1.194 	 3.45121e-03 	 2.38479e-03 	 1.06642e-03 
1.188 	 3.25828e-03 	 2.25462e-03 	 1.00366e-03 
1.182 	 3.08100e-03 	 2.13491e-03 	 9.46098e-04 
1.176 	 2.91773e-03 	 2.02454e-03 	 8.93190e-04 
1.169 	 2.76702e-03 	 1.92257e-03 	 8.44450e-04 
1.163 	 2.62761e-03 	 1.82815e-03 	 7.99457e-04 
1.157 	 2.49840e-03 	 1.74056e-03 	 7.57840e-04 
1.151 	 2.37841e-03 	 1.65914e-03 	 7.19274e-04 
1.146 	 2.26678e-03 	 1.58331e-03 	 6.83469e-04 
1.140 	 2.16275e-03 	 1.51258e-03 	 6.50173e-04 
1.134 	 2.06564e-03 	 1.44648e-03 	 6.19158e-04 
1.128 	 1.97484e-03 	 1.38462e-03 	 5.90224e-04 
1.123 	 1.88982e-03 	 1.32663e-03 	 5.63189e-04 
1.117 	 1.81009e-03 	 1.27220e-03 	 5.37894e-04 
1.112 	 1.73522e-03 	 1.22102e-03 	 5.14194e-04 
1.106 	 1.66481e-03 	 1.17286e-03 	 4.91959e-04 
1.101 	 1.59853e-03 	 1.12745e-03 	 4.71073e-04 
1.095 	 1.53604e-03 	 1.08461e-03 	 4.51430e-04 
1.090 	 1.47706e-03 	 1.04413e-03 	 4.32935e-04 
1.085 	 1.42133e-03 	 1.00583e-03 	 4.15501e-04 
1.079 	 1.36862e-03 	 9.69568e-04 	 3.99049e-04 
1.074 	 1.31870e-03 	 9.35189e-04 	 3.83509e-04 
1.069 	 1.27138e-03 	 9.02562e-04 	 3.68814e-04 
1.064 	 1.22647e-03 	 8.71568e-04 	 3.54906e-04 
1.059 	 1.18383e-03 	 8.42097e-04 	 3.41730e-04 
1.054 	 1.14328e-03 	 8.14046e-04 	 3.29237e-04 
1.049 	 1.10470e-03 	 7.87324e-04 	 3.17380e-04 
1.044 	 1.06796e-03 	 7.61845e-04 	 3.06118e-04 
1.039 	 1.03294e-03 	 7.37531e-04 	 2.95413e-04 
1.035 	 9.99539e-04 	 7.14310e-04 	 2.85229e-04 
1.030 	 9.67648e-04 	 6.92115e-04 	 2.75533e-04 
1.025 	 9.37179e-04 	 6.70884e-04 	 2.66296e-04 
1.020 	 9.08048e-04 	 6.50560e-04 	 2.57489e-04 
1.016 	 8.80175e-04 	 6.31090e-04 	 2.49086e-04 
1.011 	 8.53488e-04 	 6.12424e-04 	 2.41063e-04 
1.007 	 8.27917e-04 	 5.94518e-04 	 2.33399e-04 
1.002 	 8.03401e-04 	 5.77329e-04 	 2.26073e-04 
0.998 	 7.79881e-04 	 5.60816e-04 	 2.19065e-04 
0.993 	 7.57301e-04 	 5.44944e-04 	 2.12358e-04 
0.989 	 7.35611e-04 	 5.29677e-04 	 2.05934e-04 
0.985 	 7.14764e-04 	 5.14984e-04 	 1.99780e-04 
0.980 	 6.94714e-04 	 5.00835e-04 	 1.93879e-04 
0.976 	 6.75422e-04 	 4.87202e-04 	 1.88219e-04 
0.972 	 6.56847e-04 	 4.74059e-04 	 1.82788e-04 
0.968 	 6.38953e-04 	 4.61381e-04 	 1.77572e-04 
0.963 	 6.21707e-04 	 4.49146e-04 	 1.72561e-04 
0.959 	 6.05077e-04 	 4.37331e-04 	 1.67746e-04 
0.955 	 5.89032e-04 	 4.25917e-04 	 1.63115e-04 
0.951 	 5.73544e-04 	 4.14884e-04 	 1.58660e-04 
0.947 	 5.58588e-04 	 4.04215e-04 	 1.54373e-04 
0.943 	 5.44137e-04 	 3.93892e-04 	 1.50245e-04 
0.939 	 5.30168e-04 	 3.83900e-04 	 1.46268e-04 
0.935 	 5.16660e-04 	 3.74224e-04 	 1.42436e-04 
0.931 	 5.03591e-04 	 3.64848e-04 	 1.38742e-04 
0.928 	 4.90941e-04 	 3.55761e-04 	 1.35180e-04 
0.924 	 4.78692e-04 	 3.46950e-04 	 1.31742e-04 
0.920 	 4.66826e-04 	 3.38401e-04 	 1.28425e-04 
0.916 	 4.55327e-04 	 3.30105e-04 	 1.25222e-04 
0.913 	 4.44178e-04 	 3.22050e-04 	 1.22128e-04 
0.909 	 4.33366e-04 	 3.14227e-04 	 1.19139e-04 
0.905 	 4.22875e-04 	 3.06625e-04 	 1.16250e-04 
0.902 	 4.12692e-04 	 2.99235e-04 	 1.13457e-04 
0.898 	 4.02805e-04 	 2.92050e-04 	 1.10755e-04 
0.894 	 3.93202e-04 	 2.85061e-04 	 1.08142e-04 
0.891 	 3.83871e-04 	 2.78259e-04 	 1.05612e-04 
0.887 	 3.74802e-04 	 2.71638e-04 	 1.03164e-04 
0.884 	 3.65983e-04 	 2.65191e-04 	 1.00792e-04 
0.880 	 3.57406e-04 	 2.58910e-04 	 9.84954e-05 
0.877 	 3.49060e-04 	 2.52790e-04 	 9.62699e-05 
0.873 	 3.40937e-04 	 2.46824e-04 	 9.41128e-05 
0.870 	 3.33029e-04 	 2.41007e-04 	 9.20216e-05 
0.867 	 3.25327e-04 	 2.35333e-04 	 8.99936e-05 
0.863 	 3.17823e-04 	 2.29796e-04 	 8.80265e-05 
0.860 	 3.10510e-04 	 2.24393e-04 	 8.61178e-05 
0.857 	 3.03382e-04 	 2.19116e-04 	 8.42654e-05 
0.853 	 2.96431e-04 	 2.13964e-04 	 8.24671e-05 
0.850 	 2.89651e-04 	 2.08930e-04 	 8.07210e-05 
0.847 	 2.83035e-04 	 2.04010e-04 	 7.90251e-05 
0.844 	 2.76579e-04 	 1.99201e-04 	 7.73776e-05 
0.841 	 2.70276e-04 	 1.94500e-04 	 7.57767e-05 
0.838 	 2.64122e-04 	 1.89901e-04 	 7.42207e-05 
0.834 	 2.58110e-04 	 1.85402e-04 	 7.27081e-05 
0.831 	 2.52237e-04 	 1.81000e-04 	 7.12372e-05 
0.828 	 2.46497e-04 	 1.76691e-04 	 6.98067e-05 
0.825 	 2.40887e-04 	 1.72472e-04 	 6.84152e-05 
0.822 	 2.35401e-04 	 1.68340e-04 	 6.70612e-05 
0.819 	 2.30036e-04 	 1.64293e-04 	 6.57435e-05 
0.816 	 2.24788e-04 	 1.60327e-04 	 6.44608e-05 
0.813 	 2.19653e-04 	 1.56441e-04 	 6.32121e-05 
0.810 	 2.14627e-04 	 1.52631e-04 	 6.19961e-05 
0.807 	 2.09707e-04 	 1.48896e-04 	 6.08117e-05 
0.804 	 2.04890e-04 	 1.45232e-04 	 5.96579e-05 
0.802 	 2.00171e-04 	 1.41638e-04 	 5.85337e-05 
0.799 	 1.95549e-04 	 1.38111e-04 	 5.74382e-05 
0.796 	 1.91019e-04 	 1.34649e-04 	 5.63703e-05 
0.793 	 1.86580e-04 	 1.31251e-04 	 5.53293e-05 
0.790 	 1.82228e-04 	 1.27914e-04 	 5.43143e-05 
0.788 	 1.77961e-04 	 1.24636e-04 	 5.33244e-05 
0.785 	 1.73776e-04 	 1.21417e-04 	 5.23588e-05 
0.782 	 1.69670e-04 	 1.18253e-04 	 5.14168e-05 
0.779 	 1.65641e-04 	 1.15144e-04 	 5.04977e-05 
0.777 	 1.61688e-04 	 1.12087e-04 	 4.96008e-05 
0.774 	 1.57807e-04 	 1.09082e-04 	 4.87253e-05 
0.771 	 1.53997e-04 	 1.06126e-04 	 4.78707e-05 
0.769 	 1.50255e-04 	 1.03219e-04 	 4.70362e-05 
0.766 	 1.46580e-04 	 1.00358e-04 	 4.62214e-05 
0.763 	 1.42969e-04 	 9.75438e-05 	 4.54256e-05 
0.761 	 1.39422e-04 	 9.47737e-05 	 4.46482e-05 
0.758 	 1.35936e-04 	 9.20469e-05 	 4.38888e-05 
0.756 	 1.32509e-04 	 8.93620e-05 	 4.31468e-05 
0.753 	 1.29140e-04 	 8.67181e-05 	 4.24216e-05 
0.751 	 1.25827e-04 	 8.41140e-05 	 4.17129e-05 
0.748 	 1.22569e-04 	 8.15486e-05 	 4.10201e-05 
0.746 	 1.19364e-04 	 7.90209e-05 	 4.03428e-05 
0.743 	 1.16211e-04 	 7.65300e-05 	 3.96805e-05 
0.741 	 1.13108e-04 	 7.40748e-05 	 3.90329e-05 
0.738 	 1.10054e-04 	 7.16543e-05 	 3.83995e-05 
0.736 	 1.07048e-04 	 6.92677e-05 	 3.77799e-05 
0.733 	 1.04088e-04 	 6.69141e-05 	 3.71738e-05 
0.731 	 1.01173e-04 	 6.45926e-05 	 3.65807e-05 
0.729 	 9.83027e-05 	 6.23024e-05 	 3.60003e-05 
0.726 	 9.54749e-05 	 6.00426e-05 	 3.54324e-05 
0.724 	 9.26889e-05 	 5.78125e-05 	 3.48764e-05 
0.722 	 8.99435e-05 	 5.56113e-05 	 3.43322e-05 
0.719 	 8.72377e-05 	 5.34382e-05 	 3.37994e-05 
0.717 	 8.45704e-05 	 5.12927e-05 	 3.32777e-05 
0.715 	 8.19407e-05 	 4.91739e-05 	 3.27668e-05 
0.712 	 7.93477e-05 	 4.70812e-05 	 3.22665e-05 
0.710 	 7.67903e-05 	 4.50139e-05 	 3.17764e-05 
0.708 	 7.42678e-05 	 4.29715e-05 	 3.12963e-05 
0.706 	 7.17792e-05 	 4.09533e-05 	 3.08259e-05 
0.704 	 6.93237e-05 	 3.89587e-05 	 3.03651e-05 
0.701 	 6.69006e-05 	 3.69871e-05 	 2.99135e-05 
0.699 	 6.45089e-05 	 3.50381e-05 	 2.94709e-05 
0.697 	 6.21480e-05 	 3.31110e-05 	 2.90371e-05 
0.695 	 5.98172e-05 	 3.12053e-05 	 2.86118e-05 
0.693 	 5.75156e-05 	 2.93207e-05 	 2.81949e-05 
0.691 	 5.52426e-05 	 2.74564e-05 	 2.77862e-05 
0.688 	 5.29976e-05 	 2.56122e-05 	 2.73854e-05 
0.686 	 5.07798e-05 	 2.37874e-05 	 2.69924e-05 
0.684 	 4.85886e-05 	 2.19817e-05 	 2.66069e-05 
0.682 	 4.64235e-05 	 2.01946e-05 	 2.62288e-05 
0.680 	 4.42837e-05 	 1.84258e-05 	 2.58580e-05 
0.678 	 4.21688e-05 	 1.66747e-05 	 2.54941e-05 
0.676 	 4.00781e-05 	 1.49409e-05 	 2.51371e-05 
0.674 	 3.80111e-05 	 1.32242e-05 	 2.47869e-05 
0.672 	 3.59672e-05 	 1.15240e-05 	 2.44432e-05 
0.670 	 3.39459e-05 	 9.84011e-06 	 2.41058e-05 
0.668 	 3.19468e-05 	 8.17205e-06 	 2.37747e-05 
0.666 	 2.99692e-05 	 6.51949e-06 	 2.34497e-05 
0.664 	 2.80128e-05 	 4.88209e-06 	 2.31307e-05 
0.662 	 2.60770e-05 	 3.25952e-06 	 2.28175e-05 
0.660 	 2.41614e-05 	 1.65145e-06 	 2.25099e-05 
0.658 	 2.22655e-05 	 5.75624e-08 	 2.22080e-05 
0.656 	 2.03890e-05 	 -1.52246e-06 	 2.19114e-05 
0.654 	 1.85313e-05 	 -3.08891e-06 	 2.16202e-05 
0.652 	 1.66920e-05 	 -4.64209e-06 	 2.13341e-05 
0.650 	 1.48709e-05 	 -6.18228e-06 	 2.10531e-05 
0.649 	 1.30674e-05 	 -7.70977e-06 	 2.07771e-05 
0.647 	 1.12811e-05 	 -9.22483e-06 	 2.05060e-05 
0.645 	 9.51181e-06 	 -1.07277e-05 	 2.02395e-05 
0.643 	 7.75904e-06 	 -1.22187e-05 	 1.99777e-05 
0.641 	 6.02246e-06 	 -1.36980e-05 	 1.97205e-05 
0.639 	 4.30173e-06 	 -1.51660e-05 	 1.94677e-05 
0.638 	 2.59650e-06 	 -1.66227e-05 	 1.92192e-05 
0.636 	 9.06443e-07 	 -1.80686e-05 	 1.89750e-05 
0.634 	 -7.68760e-07 	 -1.95037e-05 	 1.87350e-05 
0.632 	 -2.42943e-06 	 -2.09284e-05 	 1.84990e-05 
0.630 	 -4.07587e-06 	 -2.23428e-05 	 1.82670e-05 
0.629 	 -5.70838e-06 	 -2.37472e-05 	 1.80389e-05 
0.627 	 -7.32725e-06 	 -2.51418e-05 	 1.78146e-05 
0.625 	 -8.93278e-06 	 -2.65268e-05 	 1.75940e-05 
0.623 	 -1.05252e-05 	 -2.79024e-05 	 1.73771e-05 
0.622 	 -1.21049e-05 	 -2.92687e-05 	 1.71638e-05 
0.620 	 -1.36720e-05 	 -3.06261e-05 	 1.69540e-05 
0.618 	 -1.52269e-05 	 -3.19746e-05 	 1.67477e-05 
0.616 	 -1.67697e-05 	 -3.33144e-05 	 1.65447e-05 
0.615 	 -1.83008e-05 	 -3.46458e-05 	 1.63450e-05 
0.613 	 -1.98203e-05 	 -3.59689e-05 	 1.61485e-05 
0.611 	 -2.13286e-05 	 -3.72838e-05 	 1.59552e-05 
0.610 	 -2.28258e-05 	 -3.85908e-05 	 1.57650e-05 
0.608 	 -2.43121e-05 	 -3.98900e-05 	 1.55779e-05 
0.606 	 -2.57879e-05 	 -4.11816e-05 	 1.53937e-05 
0.605 	 -2.72532e-05 	 -4.24657e-05 	 1.52124e-05 
0.603 	 -2.87084e-05 	 -4.37424e-05 	 1.50340e-05 
0.602 	 -3.01536e-05 	 -4.50120e-05 	 1.48584e-05 
0.600 	 -3.15890e-05 	 -4.62746e-05 	 1.46856e-05 
