Energy [eV] Ext Cross [um^2] Abs Cross [um^2] Sca Cross [um^2] 
3.000 	 1.18554e-02 	 1.05430e-02 	 1.31241e-03 
2.960 	 1.44942e-02 	 1.09949e-02 	 3.49930e-03 
2.922 	 1.84457e-02 	 1.14396e-02 	 7.00614e-03 
2.884 	 2.36781e-02 	 1.19788e-02 	 1.16993e-02 
2.848 	 2.99365e-02 	 1.26367e-02 	 1.72998e-02 
2.812 	 3.72226e-02 	 1.34906e-02 	 2.37320e-02 
2.777 	 4.55927e-02 	 1.47596e-02 	 3.08332e-02 
2.743 	 5.53679e-02 	 1.67925e-02 	 3.85755e-02 
2.710 	 6.74625e-02 	 2.04731e-02 	 4.69894e-02 
2.678 	 8.36688e-02 	 2.73343e-02 	 5.63345e-02 
2.646 	 1.04113e-01 	 3.76337e-02 	 6.64796e-02 
2.615 	 1.19761e-01 	 4.19146e-02 	 7.78465e-02 
2.585 	 1.43363e-01 	 4.95308e-02 	 9.38326e-02 
2.556 	 1.66979e-01 	 6.00116e-02 	 1.06967e-01 
2.527 	 1.66964e-01 	 6.25714e-02 	 1.04393e-01 
2.499 	 1.42832e-01 	 6.29913e-02 	 7.98411e-02 
2.471 	 1.02022e-01 	 5.21154e-02 	 4.99061e-02 
2.444 	 7.89804e-02 	 3.63408e-02 	 4.26396e-02 
2.418 	 7.50770e-02 	 2.57998e-02 	 4.92772e-02 
2.392 	 7.87910e-02 	 1.98708e-02 	 5.89202e-02 
2.367 	 8.48528e-02 	 1.64856e-02 	 6.83672e-02 
2.342 	 9.15351e-02 	 1.44514e-02 	 7.70837e-02 
2.318 	 9.83017e-02 	 1.31692e-02 	 8.51326e-02 
2.294 	 1.04994e-01 	 1.23316e-02 	 9.26628e-02 
2.271 	 1.11575e-01 	 1.17721e-02 	 9.98028e-02 
2.248 	 1.18039e-01 	 1.13958e-02 	 1.06643e-01 
2.226 	 1.24392e-01 	 1.11462e-02 	 1.13246e-01 
2.204 	 1.30641e-01 	 1.09872e-02 	 1.19654e-01 
2.182 	 1.36795e-01 	 1.08953e-02 	 1.25900e-01 
2.161 	 1.42861e-01 	 1.08547e-02 	 1.32006e-01 
2.141 	 1.48846e-01 	 1.08539e-02 	 1.37992e-01 
2.121 	 1.54758e-01 	 1.08846e-02 	 1.43873e-01 
2.101 	 1.60601e-01 	 1.09407e-02 	 1.49660e-01 
2.081 	 1.66377e-01 	 1.10171e-02 	 1.55360e-01 
2.062 	 1.72087e-01 	 1.11100e-02 	 1.60977e-01 
2.043 	 1.77728e-01 	 1.12163e-02 	 1.66511e-01 
2.025 	 1.83294e-01 	 1.13332e-02 	 1.71961e-01 
2.007 	 1.88779e-01 	 1.14585e-02 	 1.77320e-01 
1.989 	 1.94173e-01 	 1.15899e-02 	 1.82583e-01 
1.971 	 1.99463e-01 	 1.17256e-02 	 1.87737e-01 
1.954 	 2.04635e-01 	 1.18639e-02 	 1.92771e-01 
1.937 	 2.09674e-01 	 1.20030e-02 	 1.97671e-01 
1.921 	 2.14563e-01 	 1.21412e-02 	 2.02422e-01 
1.904 	 2.19283e-01 	 1.22770e-02 	 2.07006e-01 
1.888 	 2.23813e-01 	 1.24089e-02 	 2.11404e-01 
1.873 	 2.28133e-01 	 1.25353e-02 	 2.15598e-01 
1.857 	 2.32222e-01 	 1.26547e-02 	 2.19567e-01 
1.842 	 2.36057e-01 	 1.27656e-02 	 2.23292e-01 
1.827 	 2.39618e-01 	 1.28667e-02 	 2.26752e-01 
1.812 	 2.42883e-01 	 1.29564e-02 	 2.29927e-01 
1.798 	 2.45833e-01 	 1.30337e-02 	 2.32799e-01 
1.783 	 2.48447e-01 	 1.30973e-02 	 2.35349e-01 
1.769 	 2.50708e-01 	 1.31461e-02 	 2.37562e-01 
1.755 	 2.52602e-01 	 1.31791e-02 	 2.39423e-01 
1.742 	 2.54115e-01 	 1.31954e-02 	 2.40920e-01 
1.728 	 2.55237e-01 	 1.31943e-02 	 2.42043e-01 
1.715 	 2.55960e-01 	 1.31754e-02 	 2.42784e-01 
1.702 	 2.56279e-01 	 1.31381e-02 	 2.43141e-01 
1.689 	 2.56194e-01 	 1.30823e-02 	 2.43112e-01 
1.677 	 2.55707e-01 	 1.30080e-02 	 2.42699e-01 
1.664 	 2.54822e-01 	 1.29153e-02 	 2.41907e-01 
1.652 	 2.53550e-01 	 1.28044e-02 	 2.40745e-01 
1.640 	 2.51900e-01 	 1.26759e-02 	 2.39224e-01 
1.628 	 2.49889e-01 	 1.25303e-02 	 2.37359e-01 
1.616 	 2.47533e-01 	 1.23685e-02 	 2.35164e-01 
1.605 	 2.44851e-01 	 1.21912e-02 	 2.32660e-01 
1.593 	 2.41865e-01 	 1.19995e-02 	 2.29866e-01 
1.582 	 2.38598e-01 	 1.17944e-02 	 2.26804e-01 
1.571 	 2.35074e-01 	 1.15771e-02 	 2.23497e-01 
1.560 	 2.31318e-01 	 1.13486e-02 	 2.19969e-01 
1.549 	 2.27354e-01 	 1.11102e-02 	 2.16244e-01 
1.539 	 2.23209e-01 	 1.08632e-02 	 2.12346e-01 
1.528 	 2.18908e-01 	 1.06087e-02 	 2.08299e-01 
1.518 	 2.14475e-01 	 1.03480e-02 	 2.04127e-01 
1.508 	 2.09933e-01 	 1.00821e-02 	 1.99851e-01 
1.497 	 2.05307e-01 	 9.81219e-03 	 1.95495e-01 
1.488 	 2.00617e-01 	 9.53931e-03 	 1.91078e-01 
1.478 	 1.95884e-01 	 9.26445e-03 	 1.86620e-01 
1.468 	 1.91127e-01 	 8.98854e-03 	 1.82138e-01 
1.459 	 1.86363e-01 	 8.71243e-03 	 1.77650e-01 
1.449 	 1.81608e-01 	 8.43692e-03 	 1.73171e-01 
1.440 	 1.76877e-01 	 8.16272e-03 	 1.68715e-01 
1.431 	 1.72183e-01 	 7.89048e-03 	 1.64293e-01 
1.422 	 1.67538e-01 	 7.62075e-03 	 1.59917e-01 
1.413 	 1.62951e-01 	 7.35405e-03 	 1.55597e-01 
1.404 	 1.58432e-01 	 7.09081e-03 	 1.51341e-01 
1.395 	 1.53988e-01 	 6.83141e-03 	 1.47156e-01 
1.386 	 1.49626e-01 	 6.57619e-03 	 1.43049e-01 
1.378 	 1.45350e-01 	 6.32540e-03 	 1.39025e-01 
1.369 	 1.41167e-01 	 6.07927e-03 	 1.35088e-01 
1.361 	 1.37078e-01 	 5.83798e-03 	 1.31240e-01 
1.353 	 1.33088e-01 	 5.60165e-03 	 1.27486e-01 
1.345 	 1.29197e-01 	 5.37040e-03 	 1.23826e-01 
1.337 	 1.25407e-01 	 5.14427e-03 	 1.20262e-01 
1.329 	 1.21718e-01 	 4.92331e-03 	 1.16795e-01 
1.321 	 1.18132e-01 	 4.70753e-03 	 1.13424e-01 
1.313 	 1.14647e-01 	 4.49691e-03 	 1.10150e-01 
1.306 	 1.11264e-01 	 4.29142e-03 	 1.06972e-01 
1.298 	 1.07980e-01 	 4.09101e-03 	 1.03889e-01 
1.291 	 1.04795e-01 	 3.89562e-03 	 1.00899e-01 
1.283 	 1.01707e-01 	 3.70517e-03 	 9.80015e-02 
1.276 	 9.87140e-02 	 3.51957e-03 	 9.51944e-02 
1.269 	 9.58147e-02 	 3.33871e-03 	 9.24760e-02 
1.262 	 9.30068e-02 	 3.16251e-03 	 8.98443e-02 
1.255 	 9.02881e-02 	 2.99085e-03 	 8.72973e-02 
1.248 	 8.76564e-02 	 2.82361e-03 	 8.48328e-02 
1.241 	 8.51093e-02 	 2.66069e-03 	 8.24486e-02 
1.234 	 8.26444e-02 	 2.50195e-03 	 8.01425e-02 
1.227 	 8.02595e-02 	 2.34729e-03 	 7.79122e-02 
1.220 	 7.79520e-02 	 2.19658e-03 	 7.57555e-02 
1.214 	 7.57197e-02 	 2.04970e-03 	 7.36700e-02 
1.207 	 7.35602e-02 	 1.90653e-03 	 7.16537e-02 
1.201 	 7.14711e-02 	 1.76695e-03 	 6.97042e-02 
1.194 	 6.94501e-02 	 1.63084e-03 	 6.78193e-02 
1.188 	 6.74950e-02 	 1.49810e-03 	 6.59969e-02 
1.182 	 6.56035e-02 	 1.36860e-03 	 6.42349e-02 
1.176 	 6.37735e-02 	 1.24223e-03 	 6.25312e-02 
1.169 	 6.20027e-02 	 1.11889e-03 	 6.08838e-02 
1.163 	 6.02892e-02 	 9.98476e-04 	 5.92908e-02 
1.157 	 5.86310e-02 	 8.80876e-04 	 5.77501e-02 
1.151 	 5.70260e-02 	 7.65995e-04 	 5.62600e-02 
1.146 	 5.54724e-02 	 6.53734e-04 	 5.48187e-02 
1.140 	 5.39683e-02 	 5.43999e-04 	 5.34243e-02 
1.134 	 5.25120e-02 	 4.36698e-04 	 5.20753e-02 
1.128 	 5.11017e-02 	 3.31743e-04 	 5.07699e-02 
1.123 	 4.97357e-02 	 2.29048e-04 	 4.95067e-02 
1.117 	 4.84125e-02 	 1.28531e-04 	 4.82840e-02 
1.112 	 4.71305e-02 	 3.01113e-05 	 4.71004e-02 
1.106 	 4.58882e-02 	 -6.62871e-05 	 4.59545e-02 
1.101 	 4.46841e-02 	 -1.60739e-04 	 4.48449e-02 
1.095 	 4.35169e-02 	 -2.53315e-04 	 4.37702e-02 
1.090 	 4.23852e-02 	 -3.44086e-04 	 4.27293e-02 
1.085 	 4.12878e-02 	 -4.33117e-04 	 4.17209e-02 
1.079 	 4.02233e-02 	 -5.20474e-04 	 4.07438e-02 
1.074 	 3.91907e-02 	 -6.06218e-04 	 3.97969e-02 
1.069 	 3.81886e-02 	 -6.90408e-04 	 3.88790e-02 
1.064 	 3.72162e-02 	 -7.73104e-04 	 3.79893e-02 
1.059 	 3.62722e-02 	 -8.54359e-04 	 3.71265e-02 
1.054 	 3.53556e-02 	 -9.34227e-04 	 3.62898e-02 
1.049 	 3.44655e-02 	 -1.01276e-03 	 3.54783e-02 
1.044 	 3.36010e-02 	 -1.09001e-03 	 3.46910e-02 
1.039 	 3.27611e-02 	 -1.16601e-03 	 3.39271e-02 
1.035 	 3.19449e-02 	 -1.24082e-03 	 3.31857e-02 
1.030 	 3.11516e-02 	 -1.31449e-03 	 3.24661e-02 
1.025 	 3.03805e-02 	 -1.38704e-03 	 3.17675e-02 
1.020 	 2.96306e-02 	 -1.45853e-03 	 3.10891e-02 
1.016 	 2.89014e-02 	 -1.52899e-03 	 3.04303e-02 
1.011 	 2.81920e-02 	 -1.59846e-03 	 2.97904e-02 
1.007 	 2.75017e-02 	 -1.66697e-03 	 2.91687e-02 
1.002 	 2.68300e-02 	 -1.73456e-03 	 2.85646e-02 
0.998 	 2.61762e-02 	 -1.80127e-03 	 2.79775e-02 
0.993 	 2.55397e-02 	 -1.86713e-03 	 2.74068e-02 
0.989 	 2.49198e-02 	 -1.93216e-03 	 2.68520e-02 
0.985 	 2.43160e-02 	 -1.99640e-03 	 2.63124e-02 
0.980 	 2.37279e-02 	 -2.05987e-03 	 2.57877e-02 
0.976 	 2.31547e-02 	 -2.12261e-03 	 2.52774e-02 
0.972 	 2.25962e-02 	 -2.18464e-03 	 2.47808e-02 
0.968 	 2.20517e-02 	 -2.24599e-03 	 2.42976e-02 
0.963 	 2.15207e-02 	 -2.30667e-03 	 2.38274e-02 
0.959 	 2.10030e-02 	 -2.36673e-03 	 2.33697e-02 
0.955 	 2.04979e-02 	 -2.42616e-03 	 2.29241e-02 
0.951 	 2.00052e-02 	 -2.48501e-03 	 2.24902e-02 
0.947 	 1.95243e-02 	 -2.54329e-03 	 2.20676e-02 
0.943 	 1.90550e-02 	 -2.60102e-03 	 2.16560e-02 
0.939 	 1.85968e-02 	 -2.65821e-03 	 2.12551e-02 
0.935 	 1.81495e-02 	 -2.71490e-03 	 2.08644e-02 
0.931 	 1.77125e-02 	 -2.77110e-03 	 2.04836e-02 
0.928 	 1.72857e-02 	 -2.82683e-03 	 2.01125e-02 
0.924 	 1.68687e-02 	 -2.88210e-03 	 1.97508e-02 
0.920 	 1.64612e-02 	 -2.93692e-03 	 1.93981e-02 
0.916 	 1.60629e-02 	 -2.99133e-03 	 1.90542e-02 
0.913 	 1.56734e-02 	 -3.04532e-03 	 1.87188e-02 
0.909 	 1.52927e-02 	 -3.09893e-03 	 1.83916e-02 
0.905 	 1.49203e-02 	 -3.15215e-03 	 1.80724e-02 
0.902 	 1.45560e-02 	 -3.20501e-03 	 1.77610e-02 
0.898 	 1.41995e-02 	 -3.25751e-03 	 1.74571e-02 
0.894 	 1.38508e-02 	 -3.30968e-03 	 1.71604e-02 
0.891 	 1.35094e-02 	 -3.36151e-03 	 1.68709e-02 
0.887 	 1.31751e-02 	 -3.41303e-03 	 1.65882e-02 
0.884 	 1.28479e-02 	 -3.46425e-03 	 1.63121e-02 
0.880 	 1.25274e-02 	 -3.51517e-03 	 1.60426e-02 
0.877 	 1.22134e-02 	 -3.56582e-03 	 1.57793e-02 
0.873 	 1.19059e-02 	 -3.61619e-03 	 1.55221e-02 
0.870 	 1.16045e-02 	 -3.66630e-03 	 1.52708e-02 
0.867 	 1.13091e-02 	 -3.71616e-03 	 1.50252e-02 
0.863 	 1.10195e-02 	 -3.76578e-03 	 1.47853e-02 
0.860 	 1.07356e-02 	 -3.81518e-03 	 1.45508e-02 
0.857 	 1.04572e-02 	 -3.86434e-03 	 1.43215e-02 
0.853 	 1.01841e-02 	 -3.91330e-03 	 1.40974e-02 
0.850 	 9.91620e-03 	 -3.96205e-03 	 1.38783e-02 
0.847 	 9.65335e-03 	 -4.01061e-03 	 1.36640e-02 
0.844 	 9.39540e-03 	 -4.05898e-03 	 1.34544e-02 
0.841 	 9.14220e-03 	 -4.10717e-03 	 1.32494e-02 
0.838 	 8.89364e-03 	 -4.15518e-03 	 1.30488e-02 
0.834 	 8.64958e-03 	 -4.20303e-03 	 1.28526e-02 
0.831 	 8.40989e-03 	 -4.25071e-03 	 1.26606e-02 
0.828 	 8.17445e-03 	 -4.29824e-03 	 1.24727e-02 
0.825 	 7.94316e-03 	 -4.34563e-03 	 1.22888e-02 
0.822 	 7.71588e-03 	 -4.39287e-03 	 1.21087e-02 
0.819 	 7.49253e-03 	 -4.43997e-03 	 1.19325e-02 
0.816 	 7.27298e-03 	 -4.48694e-03 	 1.17599e-02 
0.813 	 7.05714e-03 	 -4.53378e-03 	 1.15909e-02 
0.810 	 6.84491e-03 	 -4.58051e-03 	 1.14254e-02 
0.807 	 6.63620e-03 	 -4.62711e-03 	 1.12633e-02 
0.804 	 6.43090e-03 	 -4.67361e-03 	 1.11045e-02 
0.802 	 6.22893e-03 	 -4.72001e-03 	 1.09489e-02 
0.799 	 6.03021e-03 	 -4.76630e-03 	 1.07965e-02 
0.796 	 5.83464e-03 	 -4.81251e-03 	 1.06471e-02 
0.793 	 5.64215e-03 	 -4.85862e-03 	 1.05008e-02 
0.790 	 5.45265e-03 	 -4.90465e-03 	 1.03573e-02 
0.788 	 5.26607e-03 	 -4.95060e-03 	 1.02167e-02 
0.785 	 5.08234e-03 	 -4.99648e-03 	 1.00788e-02 
0.782 	 4.90137e-03 	 -5.04228e-03 	 9.94366e-03 
0.779 	 4.72311e-03 	 -5.08802e-03 	 9.81113e-03 
0.777 	 4.54747e-03 	 -5.13370e-03 	 9.68118e-03 
0.774 	 4.37440e-03 	 -5.17932e-03 	 9.55373e-03 
0.771 	 4.20383e-03 	 -5.22489e-03 	 9.42872e-03 
0.769 	 4.03570e-03 	 -5.27041e-03 	 9.30610e-03 
0.766 	 3.86994e-03 	 -5.31587e-03 	 9.18581e-03 
0.763 	 3.70650e-03 	 -5.36130e-03 	 9.06779e-03 
0.761 	 3.54531e-03 	 -5.40668e-03 	 8.95199e-03 
0.758 	 3.38633e-03 	 -5.45202e-03 	 8.83835e-03 
0.756 	 3.22950e-03 	 -5.49732e-03 	 8.72682e-03 
0.753 	 3.07476e-03 	 -5.54259e-03 	 8.61735e-03 
0.751 	 2.92206e-03 	 -5.58783e-03 	 8.50990e-03 
0.748 	 2.77136e-03 	 -5.63305e-03 	 8.40441e-03 
0.746 	 2.62261e-03 	 -5.67823e-03 	 8.30084e-03 
0.743 	 2.47576e-03 	 -5.72339e-03 	 8.19915e-03 
0.741 	 2.33076e-03 	 -5.76854e-03 	 8.09929e-03 
0.738 	 2.18757e-03 	 -5.81366e-03 	 8.00123e-03 
0.736 	 2.04614e-03 	 -5.85877e-03 	 7.90491e-03 
0.733 	 1.90644e-03 	 -5.90387e-03 	 7.81030e-03 
0.731 	 1.76842e-03 	 -5.94895e-03 	 7.71737e-03 
0.729 	 1.63204e-03 	 -5.99403e-03 	 7.62607e-03 
0.726 	 1.49726e-03 	 -6.03910e-03 	 7.53637e-03 
0.724 	 1.36406e-03 	 -6.08417e-03 	 7.44823e-03 
0.722 	 1.23238e-03 	 -6.12924e-03 	 7.36162e-03 
0.719 	 1.10219e-03 	 -6.17431e-03 	 7.27651e-03 
0.717 	 9.73466e-04 	 -6.21939e-03 	 7.19285e-03 
0.715 	 8.46164e-04 	 -6.26447e-03 	 7.11063e-03 
0.712 	 7.20254e-04 	 -6.30956e-03 	 7.02981e-03 
0.710 	 5.95703e-04 	 -6.35466e-03 	 6.95036e-03 
0.708 	 4.72480e-04 	 -6.39977e-03 	 6.87225e-03 
0.706 	 3.50554e-04 	 -6.44489e-03 	 6.79545e-03 
0.704 	 2.29897e-04 	 -6.49003e-03 	 6.71993e-03 
0.701 	 1.10477e-04 	 -6.53519e-03 	 6.64567e-03 
0.699 	 -7.73112e-06 	 -6.58037e-03 	 6.57264e-03 
0.697 	 -1.24757e-04 	 -6.62556e-03 	 6.50081e-03 
0.695 	 -2.40626e-04 	 -6.67078e-03 	 6.43015e-03 
0.693 	 -3.55365e-04 	 -6.71602e-03 	 6.36066e-03 
0.691 	 -4.69000e-04 	 -6.76129e-03 	 6.29229e-03 
0.688 	 -5.81555e-04 	 -6.80658e-03 	 6.22502e-03 
0.686 	 -6.93054e-04 	 -6.85190e-03 	 6.15884e-03 
0.684 	 -8.03522e-04 	 -6.89724e-03 	 6.09372e-03 
0.682 	 -9.12980e-04 	 -6.94262e-03 	 6.02964e-03 
0.680 	 -1.02145e-03 	 -6.98802e-03 	 5.96657e-03 
0.678 	 -1.12896e-03 	 -7.03346e-03 	 5.90450e-03 
0.676 	 -1.23552e-03 	 -7.07893e-03 	 5.84341e-03 
0.674 	 -1.34116e-03 	 -7.12444e-03 	 5.78328e-03 
0.672 	 -1.44590e-03 	 -7.16998e-03 	 5.72408e-03 
0.670 	 -1.54976e-03 	 -7.21556e-03 	 5.66580e-03 
0.668 	 -1.65275e-03 	 -7.26118e-03 	 5.60842e-03 
0.666 	 -1.75490e-03 	 -7.30683e-03 	 5.55193e-03 
0.664 	 -1.85623e-03 	 -7.35252e-03 	 5.49630e-03 
0.662 	 -1.95674e-03 	 -7.39826e-03 	 5.44152e-03 
0.660 	 -2.05647e-03 	 -7.44403e-03 	 5.38756e-03 
0.658 	 -2.15542e-03 	 -7.48985e-03 	 5.33443e-03 
0.656 	 -2.25362e-03 	 -7.53571e-03 	 5.28210e-03 
0.654 	 -2.35107e-03 	 -7.58162e-03 	 5.23055e-03 
0.652 	 -2.44780e-03 	 -7.62757e-03 	 5.17976e-03 
0.650 	 -2.54383e-03 	 -7.67357e-03 	 5.12974e-03 
0.649 	 -2.63916e-03 	 -7.71961e-03 	 5.08045e-03 
0.647 	 -2.73381e-03 	 -7.76570e-03 	 5.03189e-03 
0.645 	 -2.82780e-03 	 -7.81184e-03 	 4.98404e-03 
0.643 	 -2.92114e-03 	 -7.85803e-03 	 4.93689e-03 
0.641 	 -3.01384e-03 	 -7.90427e-03 	 4.89043e-03 
0.639 	 -3.10593e-03 	 -7.95056e-03 	 4.84464e-03 
0.638 	 -3.19740e-03 	 -7.99690e-03 	 4.79950e-03 
0.636 	 -3.28828e-03 	 -8.04330e-03 	 4.75502e-03 
0.634 	 -3.37857e-03 	 -8.08975e-03 	 4.71118e-03 
0.632 	 -3.46829e-03 	 -8.13625e-03 	 4.66795e-03 
0.630 	 -3.55746e-03 	 -8.18281e-03 	 4.62535e-03 
0.629 	 -3.64608e-03 	 -8.22942e-03 	 4.58334e-03 
0.627 	 -3.73416e-03 	 -8.27609e-03 	 4.54193e-03 
0.625 	 -3.82172e-03 	 -8.32281e-03 	 4.50109e-03 
0.623 	 -3.90877e-03 	 -8.36960e-03 	 4.46083e-03 
0.622 	 -3.99532e-03 	 -8.41644e-03 	 4.42112e-03 
0.620 	 -4.08137e-03 	 -8.46334e-03 	 4.38197e-03 
0.618 	 -4.16695e-03 	 -8.51030e-03 	 4.34335e-03 
0.616 	 -4.25205e-03 	 -8.55732e-03 	 4.30527e-03 
0.615 	 -4.33670e-03 	 -8.60441e-03 	 4.26771e-03 
0.613 	 -4.42089e-03 	 -8.65155e-03 	 4.23066e-03 
0.611 	 -4.50464e-03 	 -8.69876e-03 	 4.19411e-03 
0.610 	 -4.58797e-03 	 -8.74603e-03 	 4.15806e-03 
0.608 	 -4.67087e-03 	 -8.79336e-03 	 4.12249e-03 
0.606 	 -4.75335e-03 	 -8.84076e-03 	 4.08741e-03 
0.605 	 -4.83544e-03 	 -8.88822e-03 	 4.05279e-03 
0.603 	 -4.91712e-03 	 -8.93575e-03 	 4.01863e-03 
0.602 	 -4.99842e-03 	 -8.98335e-03 	 3.98492e-03 
0.600 	 -5.07934e-03 	 -9.03101e-03 	 3.95167e-03 
