Energy [eV] Ext Cross [um^2] Abs Cross [um^2] Sca Cross [um^2] 
3.000 	 1.13126e-04 	 1.12859e-04 	 2.66418e-07 
2.960 	 1.28342e-04 	 1.27583e-04 	 7.59021e-07 
2.922 	 1.49363e-04 	 1.47685e-04 	 1.67856e-06 
2.884 	 1.82180e-04 	 1.78951e-04 	 3.22840e-06 
2.848 	 2.36901e-04 	 2.31099e-04 	 5.80257e-06 
2.812 	 3.42655e-04 	 3.32104e-04 	 1.05511e-05 
2.777 	 5.89015e-04 	 5.68183e-04 	 2.08319e-05 
2.743 	 1.23389e-03 	 1.18787e-03 	 4.60228e-05 
2.710 	 1.83336e-03 	 1.76837e-03 	 6.49810e-05 
2.678 	 1.02425e-03 	 9.89886e-04 	 3.43662e-05 
2.646 	 5.46361e-04 	 5.26797e-04 	 1.95644e-05 
2.615 	 3.72358e-04 	 3.56772e-04 	 1.55859e-05 
2.585 	 3.03123e-04 	 2.87838e-04 	 1.52857e-05 
2.556 	 2.74797e-04 	 2.58262e-04 	 1.65350e-05 
2.527 	 2.65873e-04 	 2.47234e-04 	 1.86390e-05 
2.499 	 2.67586e-04 	 2.46236e-04 	 2.13500e-05 
2.471 	 2.77557e-04 	 2.52982e-04 	 2.45751e-05 
2.444 	 2.93955e-04 	 2.65778e-04 	 2.81774e-05 
2.418 	 3.10052e-04 	 2.77913e-04 	 3.21388e-05 
2.392 	 3.29284e-04 	 2.92487e-04 	 3.67974e-05 
2.367 	 3.55608e-04 	 3.13471e-04 	 4.21375e-05 
2.342 	 3.90283e-04 	 3.42081e-04 	 4.82023e-05 
2.318 	 4.37570e-04 	 3.82457e-04 	 5.51122e-05 
2.294 	 5.05660e-04 	 4.42790e-04 	 6.28696e-05 
2.271 	 5.98998e-04 	 5.28577e-04 	 7.04208e-05 
2.248 	 6.52696e-04 	 5.76672e-04 	 7.60238e-05 
2.226 	 6.43397e-04 	 5.59584e-04 	 8.38128e-05 
2.204 	 6.59116e-04 	 5.64067e-04 	 9.50490e-05 
2.182 	 7.04453e-04 	 5.96034e-04 	 1.08419e-04 
2.161 	 7.69722e-04 	 6.45957e-04 	 1.23765e-04 
2.141 	 8.51705e-04 	 7.10297e-04 	 1.41408e-04 
2.121 	 9.50923e-04 	 7.89073e-04 	 1.61850e-04 
2.101 	 1.07001e-03 	 8.84264e-04 	 1.85748e-04 
2.081 	 1.21339e-03 	 9.99436e-04 	 2.13955e-04 
2.062 	 1.38759e-03 	 1.13999e-03 	 2.47596e-04 
2.043 	 1.60214e-03 	 1.31395e-03 	 2.88191e-04 
2.025 	 1.87134e-03 	 1.53349e-03 	 3.37849e-04 
2.007 	 2.21751e-03 	 1.81792e-03 	 3.99593e-04 
1.989 	 2.67699e-03 	 2.19906e-03 	 4.77925e-04 
1.971 	 3.30856e-03 	 2.72887e-03 	 5.79690e-04 
1.954 	 4.18520e-03 	 3.47070e-03 	 7.14494e-04 
1.937 	 5.27010e-03 	 4.38059e-03 	 8.89513e-04 
1.921 	 6.26287e-03 	 5.16183e-03 	 1.10103e-03 
1.904 	 7.24468e-03 	 5.87600e-03 	 1.36867e-03 
1.888 	 8.76976e-03 	 7.02004e-03 	 1.74972e-03 
1.873 	 1.12310e-02 	 8.91873e-03 	 2.31228e-03 
1.857 	 1.50337e-02 	 1.18833e-02 	 3.15045e-03 
1.842 	 2.07376e-02 	 1.63454e-02 	 4.39222e-03 
1.827 	 2.87361e-02 	 2.26075e-02 	 6.12860e-03 
1.812 	 3.78420e-02 	 2.97322e-02 	 8.10978e-03 
1.798 	 4.33052e-02 	 3.39915e-02 	 9.31368e-03 
1.783 	 4.04518e-02 	 3.17283e-02 	 8.72354e-03 
1.769 	 3.20393e-02 	 2.51156e-02 	 6.92375e-03 
1.755 	 2.35517e-02 	 1.84540e-02 	 5.09772e-03 
1.742 	 1.71342e-02 	 1.34211e-02 	 3.71314e-03 
1.728 	 1.26866e-02 	 9.93489e-03 	 2.75170e-03 
1.715 	 9.63857e-03 	 7.54678e-03 	 2.09179e-03 
1.702 	 7.51562e-03 	 5.88405e-03 	 1.63157e-03 
1.689 	 6.00015e-03 	 4.69749e-03 	 1.30265e-03 
1.677 	 4.89010e-03 	 3.82862e-03 	 1.06149e-03 
1.664 	 4.05707e-03 	 3.17674e-03 	 8.80332e-04 
1.652 	 3.41805e-03 	 2.67680e-03 	 7.41250e-04 
1.640 	 2.91818e-03 	 2.28581e-03 	 6.32370e-04 
1.628 	 2.52036e-03 	 1.97470e-03 	 5.45655e-04 
1.616 	 2.19885e-03 	 1.72332e-03 	 4.75530e-04 
1.605 	 1.93546e-03 	 1.51741e-03 	 4.18050e-04 
1.593 	 1.71706e-03 	 1.34670e-03 	 3.70361e-04 
1.582 	 1.53398e-03 	 1.20361e-03 	 3.30368e-04 
1.571 	 1.37901e-03 	 1.08251e-03 	 2.96502e-04 
1.560 	 1.24667e-03 	 9.79099e-04 	 2.67574e-04 
1.549 	 1.13277e-03 	 8.90101e-04 	 2.42669e-04 
1.539 	 1.03402e-03 	 8.12948e-04 	 2.21074e-04 
1.528 	 9.47845e-04 	 7.45620e-04 	 2.02225e-04 
1.518 	 8.72184e-04 	 6.86508e-04 	 1.85676e-04 
1.508 	 8.05386e-04 	 6.34321e-04 	 1.71065e-04 
1.497 	 7.46110e-04 	 5.88009e-04 	 1.58101e-04 
1.488 	 6.93261e-04 	 5.46716e-04 	 1.46545e-04 
1.478 	 6.45934e-04 	 5.09736e-04 	 1.36198e-04 
1.468 	 6.03379e-04 	 4.76482e-04 	 1.26897e-04 
1.459 	 5.64970e-04 	 4.46464e-04 	 1.18506e-04 
1.449 	 5.30181e-04 	 4.19272e-04 	 1.10908e-04 
1.440 	 4.98565e-04 	 3.94558e-04 	 1.04008e-04 
1.431 	 4.69745e-04 	 3.72025e-04 	 9.77207e-05 
1.422 	 4.43396e-04 	 3.51420e-04 	 9.19765e-05 
1.413 	 4.19239e-04 	 3.32525e-04 	 8.67140e-05 
1.404 	 3.97035e-04 	 3.15154e-04 	 8.18807e-05 
1.395 	 3.76575e-04 	 2.99144e-04 	 7.74311e-05 
1.386 	 3.57679e-04 	 2.84354e-04 	 7.33256e-05 
1.378 	 3.40190e-04 	 2.70661e-04 	 6.95295e-05 
1.369 	 3.23970e-04 	 2.57957e-04 	 6.60125e-05 
1.361 	 3.08896e-04 	 2.46148e-04 	 6.27478e-05 
1.353 	 2.94862e-04 	 2.35150e-04 	 5.97119e-05 
1.345 	 2.81771e-04 	 2.24887e-04 	 5.68838e-05 
1.337 	 2.69540e-04 	 2.15295e-04 	 5.42451e-05 
1.329 	 2.58094e-04 	 2.06315e-04 	 5.17792e-05 
1.321 	 2.47366e-04 	 1.97894e-04 	 4.94714e-05 
1.313 	 2.37295e-04 	 1.89987e-04 	 4.73084e-05 
1.306 	 2.27828e-04 	 1.82550e-04 	 4.52785e-05 
1.298 	 2.18918e-04 	 1.75547e-04 	 4.33710e-05 
1.291 	 2.10519e-04 	 1.68942e-04 	 4.15763e-05 
1.283 	 2.02593e-04 	 1.62707e-04 	 3.98857e-05 
1.276 	 1.95104e-04 	 1.56812e-04 	 3.82914e-05 
1.269 	 1.88019e-04 	 1.51233e-04 	 3.67862e-05 
1.262 	 1.81310e-04 	 1.45946e-04 	 3.53636e-05 
1.255 	 1.74950e-04 	 1.40932e-04 	 3.40178e-05 
1.248 	 1.68913e-04 	 1.36170e-04 	 3.27434e-05 
1.241 	 1.63179e-04 	 1.31644e-04 	 3.15354e-05 
1.234 	 1.57726e-04 	 1.27337e-04 	 3.03894e-05 
1.227 	 1.52537e-04 	 1.23235e-04 	 2.93012e-05 
1.220 	 1.47593e-04 	 1.19326e-04 	 2.82671e-05 
1.214 	 1.42879e-04 	 1.15595e-04 	 2.72836e-05 
1.207 	 1.38381e-04 	 1.12033e-04 	 2.63474e-05 
1.201 	 1.34085e-04 	 1.08629e-04 	 2.54557e-05 
1.194 	 1.29978e-04 	 1.05373e-04 	 2.46056e-05 
1.188 	 1.26050e-04 	 1.02256e-04 	 2.37947e-05 
1.182 	 1.22290e-04 	 9.92697e-05 	 2.30207e-05 
1.176 	 1.18688e-04 	 9.64071e-05 	 2.22813e-05 
1.169 	 1.15235e-04 	 9.36608e-05 	 2.15746e-05 
1.163 	 1.11923e-04 	 9.10243e-05 	 2.08987e-05 
1.157 	 1.08743e-04 	 8.84915e-05 	 2.02519e-05 
1.151 	 1.05689e-04 	 8.60567e-05 	 1.96325e-05 
1.146 	 1.02754e-04 	 8.37146e-05 	 1.90391e-05 
1.140 	 9.99305e-05 	 8.14602e-05 	 1.84703e-05 
1.134 	 9.72136e-05 	 7.92889e-05 	 1.79247e-05 
1.128 	 9.45976e-05 	 7.71965e-05 	 1.74011e-05 
1.123 	 9.20772e-05 	 7.51788e-05 	 1.68984e-05 
1.117 	 8.96476e-05 	 7.32321e-05 	 1.64155e-05 
1.112 	 8.73044e-05 	 7.13529e-05 	 1.59515e-05 
1.106 	 8.50431e-05 	 6.95379e-05 	 1.55053e-05 
1.101 	 8.28600e-05 	 6.77839e-05 	 1.50761e-05 
1.095 	 8.07511e-05 	 6.60881e-05 	 1.46630e-05 
1.090 	 7.87130e-05 	 6.44477e-05 	 1.42653e-05 
1.085 	 7.67424e-05 	 6.28601e-05 	 1.38823e-05 
1.079 	 7.48361e-05 	 6.13229e-05 	 1.35132e-05 
1.074 	 7.29911e-05 	 5.98337e-05 	 1.31574e-05 
1.069 	 7.12047e-05 	 5.83904e-05 	 1.28143e-05 
1.064 	 6.94742e-05 	 5.69909e-05 	 1.24834e-05 
1.059 	 6.77972e-05 	 5.56333e-05 	 1.21639e-05 
1.054 	 6.61713e-05 	 5.43158e-05 	 1.18556e-05 
1.049 	 6.45943e-05 	 5.30366e-05 	 1.15578e-05 
1.044 	 6.30642e-05 	 5.17941e-05 	 1.12701e-05 
1.039 	 6.15788e-05 	 5.05868e-05 	 1.09920e-05 
1.035 	 6.01365e-05 	 4.94133e-05 	 1.07232e-05 
1.030 	 5.87354e-05 	 4.82721e-05 	 1.04633e-05 
1.025 	 5.73737e-05 	 4.71619e-05 	 1.02118e-05 
1.020 	 5.60500e-05 	 4.60815e-05 	 9.96849e-06 
1.016 	 5.47627e-05 	 4.50297e-05 	 9.73297e-06 
1.011 	 5.35103e-05 	 4.40053e-05 	 9.50493e-06 
1.007 	 5.22914e-05 	 4.30074e-05 	 9.28407e-06 
1.002 	 5.11048e-05 	 4.20347e-05 	 9.07009e-06 
0.998 	 4.99492e-05 	 4.10865e-05 	 8.86274e-06 
0.993 	 4.88234e-05 	 4.01616e-05 	 8.66174e-06 
0.989 	 4.77262e-05 	 3.92594e-05 	 8.46686e-06 
0.985 	 4.66567e-05 	 3.83788e-05 	 8.27785e-06 
0.980 	 4.56136e-05 	 3.75192e-05 	 8.09449e-06 
0.976 	 4.45962e-05 	 3.66797e-05 	 7.91657e-06 
0.972 	 4.36035e-05 	 3.58596e-05 	 7.74388e-06 
0.968 	 4.26345e-05 	 3.50583e-05 	 7.57623e-06 
0.963 	 4.16885e-05 	 3.42750e-05 	 7.41343e-06 
0.959 	 4.07645e-05 	 3.35092e-05 	 7.25530e-06 
0.955 	 3.98619e-05 	 3.27602e-05 	 7.10168e-06 
0.951 	 3.89799e-05 	 3.20275e-05 	 6.95241e-06 
0.947 	 3.81177e-05 	 3.13104e-05 	 6.80732e-06 
0.943 	 3.72748e-05 	 3.06085e-05 	 6.66627e-06 
0.939 	 3.64504e-05 	 2.99213e-05 	 6.52912e-06 
0.935 	 3.56439e-05 	 2.92482e-05 	 6.39572e-06 
0.931 	 3.48547e-05 	 2.85888e-05 	 6.26596e-06 
0.928 	 3.40823e-05 	 2.79426e-05 	 6.13971e-06 
0.924 	 3.33260e-05 	 2.73092e-05 	 6.01684e-06 
0.920 	 3.25854e-05 	 2.66882e-05 	 5.89725e-06 
0.916 	 3.18600e-05 	 2.60792e-05 	 5.78082e-06 
0.913 	 3.11492e-05 	 2.54817e-05 	 5.66745e-06 
0.909 	 3.04526e-05 	 2.48955e-05 	 5.55703e-06 
0.905 	 2.97697e-05 	 2.43202e-05 	 5.44947e-06 
0.902 	 2.91002e-05 	 2.37555e-05 	 5.34468e-06 
0.898 	 2.84435e-05 	 2.32009e-05 	 5.24257e-06 
0.894 	 2.77994e-05 	 2.26563e-05 	 5.14304e-06 
0.891 	 2.71673e-05 	 2.21213e-05 	 5.04603e-06 
0.887 	 2.65471e-05 	 2.15956e-05 	 4.95144e-06 
0.884 	 2.59382e-05 	 2.10790e-05 	 4.85921e-06 
0.880 	 2.53403e-05 	 2.05711e-05 	 4.76926e-06 
0.877 	 2.47532e-05 	 2.00717e-05 	 4.68151e-06 
0.873 	 2.41765e-05 	 1.95806e-05 	 4.59591e-06 
0.870 	 2.36099e-05 	 1.90975e-05 	 4.51238e-06 
0.867 	 2.30530e-05 	 1.86222e-05 	 4.43086e-06 
0.863 	 2.25057e-05 	 1.81544e-05 	 4.35129e-06 
0.860 	 2.19676e-05 	 1.76940e-05 	 4.27362e-06 
0.857 	 2.14384e-05 	 1.72406e-05 	 4.19778e-06 
0.853 	 2.09180e-05 	 1.67943e-05 	 4.12372e-06 
0.850 	 2.04060e-05 	 1.63546e-05 	 4.05139e-06 
0.847 	 1.99022e-05 	 1.59215e-05 	 3.98074e-06 
0.844 	 1.94064e-05 	 1.54947e-05 	 3.91173e-06 
0.841 	 1.89184e-05 	 1.50741e-05 	 3.84429e-06 
0.838 	 1.84380e-05 	 1.46596e-05 	 3.77839e-06 
0.834 	 1.79649e-05 	 1.42509e-05 	 3.71399e-06 
0.831 	 1.74989e-05 	 1.38479e-05 	 3.65104e-06 
0.828 	 1.70399e-05 	 1.34504e-05 	 3.58949e-06 
0.825 	 1.65877e-05 	 1.30584e-05 	 3.52932e-06 
0.822 	 1.61421e-05 	 1.26716e-05 	 3.47049e-06 
0.819 	 1.57029e-05 	 1.22900e-05 	 3.41294e-06 
0.816 	 1.52700e-05 	 1.19134e-05 	 3.35666e-06 
0.813 	 1.48432e-05 	 1.15416e-05 	 3.30161e-06 
0.810 	 1.44223e-05 	 1.11746e-05 	 3.24775e-06 
0.807 	 1.40072e-05 	 1.08122e-05 	 3.19505e-06 
0.804 	 1.35977e-05 	 1.04543e-05 	 3.14347e-06 
0.802 	 1.31937e-05 	 1.01007e-05 	 3.09300e-06 
0.799 	 1.27951e-05 	 9.75148e-06 	 3.04360e-06 
0.796 	 1.24016e-05 	 9.40637e-06 	 2.99524e-06 
0.793 	 1.20132e-05 	 9.06531e-06 	 2.94789e-06 
0.790 	 1.16297e-05 	 8.72820e-06 	 2.90153e-06 
0.788 	 1.12511e-05 	 8.39494e-06 	 2.85613e-06 
0.785 	 1.08771e-05 	 8.06542e-06 	 2.81167e-06 
0.782 	 1.05077e-05 	 7.73955e-06 	 2.76812e-06 
0.779 	 1.01427e-05 	 7.41724e-06 	 2.72546e-06 
0.777 	 9.78208e-06 	 7.09841e-06 	 2.68367e-06 
0.774 	 9.42569e-06 	 6.78297e-06 	 2.64273e-06 
0.771 	 9.07344e-06 	 6.47083e-06 	 2.60260e-06 
0.769 	 8.72521e-06 	 6.16193e-06 	 2.56328e-06 
0.766 	 8.38093e-06 	 5.85618e-06 	 2.52475e-06 
0.763 	 8.04049e-06 	 5.55351e-06 	 2.48698e-06 
0.761 	 7.70380e-06 	 5.25385e-06 	 2.44995e-06 
0.758 	 7.37078e-06 	 4.95714e-06 	 2.41365e-06 
0.756 	 7.04135e-06 	 4.66329e-06 	 2.37806e-06 
0.753 	 6.71541e-06 	 4.37225e-06 	 2.34316e-06 
0.751 	 6.39288e-06 	 4.08395e-06 	 2.30893e-06 
0.748 	 6.07369e-06 	 3.79833e-06 	 2.27537e-06 
0.746 	 5.75777e-06 	 3.51532e-06 	 2.24245e-06 
0.743 	 5.44503e-06 	 3.23488e-06 	 2.21015e-06 
0.741 	 5.13540e-06 	 2.95693e-06 	 2.17847e-06 
0.738 	 4.82881e-06 	 2.68143e-06 	 2.14739e-06 
0.736 	 4.52519e-06 	 2.40831e-06 	 2.11689e-06 
0.733 	 4.22447e-06 	 2.13751e-06 	 2.08696e-06 
0.731 	 3.92659e-06 	 1.86900e-06 	 2.05759e-06 
0.729 	 3.63147e-06 	 1.60270e-06 	 2.02876e-06 
0.726 	 3.33905e-06 	 1.33858e-06 	 2.00047e-06 
0.724 	 3.04928e-06 	 1.07658e-06 	 1.97269e-06 
0.722 	 2.76208e-06 	 8.16654e-07 	 1.94543e-06 
0.719 	 2.47741e-06 	 5.58752e-07 	 1.91866e-06 
0.717 	 2.19521e-06 	 3.02831e-07 	 1.89238e-06 
0.715 	 1.91541e-06 	 4.88442e-08 	 1.86657e-06 
0.712 	 1.63797e-06 	 -2.03251e-07 	 1.84122e-06 
0.710 	 1.36283e-06 	 -4.53498e-07 	 1.81633e-06 
0.708 	 1.08994e-06 	 -7.01939e-07 	 1.79188e-06 
0.706 	 8.19250e-07 	 -9.48612e-07 	 1.76786e-06 
0.704 	 5.50715e-07 	 -1.19356e-06 	 1.74427e-06 
0.701 	 2.84285e-07 	 -1.43681e-06 	 1.72109e-06 
0.699 	 1.99171e-08 	 -1.67841e-06 	 1.69832e-06 
0.697 	 -2.42435e-07 	 -1.91838e-06 	 1.67595e-06 
0.695 	 -5.02814e-07 	 -2.15678e-06 	 1.65396e-06 
0.693 	 -7.61262e-07 	 -2.39362e-06 	 1.63236e-06 
0.691 	 -1.01782e-06 	 -2.62894e-06 	 1.61112e-06 
0.688 	 -1.27253e-06 	 -2.86278e-06 	 1.59025e-06 
0.686 	 -1.52543e-06 	 -3.09517e-06 	 1.56974e-06 
0.684 	 -1.77656e-06 	 -3.32613e-06 	 1.54957e-06 
0.682 	 -2.02595e-06 	 -3.55570e-06 	 1.52975e-06 
0.680 	 -2.27365e-06 	 -3.78391e-06 	 1.51026e-06 
0.678 	 -2.51968e-06 	 -4.01078e-06 	 1.49110e-06 
0.676 	 -2.76409e-06 	 -4.23635e-06 	 1.47226e-06 
0.674 	 -3.00691e-06 	 -4.46064e-06 	 1.45373e-06 
0.672 	 -3.24816e-06 	 -4.68367e-06 	 1.43551e-06 
0.670 	 -3.48789e-06 	 -4.90548e-06 	 1.41759e-06 
0.668 	 -3.72613e-06 	 -5.12609e-06 	 1.39996e-06 
0.666 	 -3.96290e-06 	 -5.34553e-06 	 1.38263e-06 
0.664 	 -4.19824e-06 	 -5.56382e-06 	 1.36557e-06 
0.662 	 -4.43218e-06 	 -5.78098e-06 	 1.34880e-06 
0.660 	 -4.66474e-06 	 -5.99704e-06 	 1.33229e-06 
0.658 	 -4.89596e-06 	 -6.21202e-06 	 1.31606e-06 
0.656 	 -5.12586e-06 	 -6.42594e-06 	 1.30008e-06 
0.654 	 -5.35447e-06 	 -6.63883e-06 	 1.28436e-06 
0.652 	 -5.58182e-06 	 -6.85071e-06 	 1.26889e-06 
0.650 	 -5.80793e-06 	 -7.06159e-06 	 1.25366e-06 
0.649 	 -6.03283e-06 	 -7.27151e-06 	 1.23868e-06 
0.647 	 -6.25654e-06 	 -7.48047e-06 	 1.22393e-06 
0.645 	 -6.47909e-06 	 -7.68850e-06 	 1.20942e-06 
0.643 	 -6.70050e-06 	 -7.89563e-06 	 1.19513e-06 
0.641 	 -6.92080e-06 	 -8.10185e-06 	 1.18106e-06 
0.639 	 -7.14000e-06 	 -8.30721e-06 	 1.16721e-06 
0.638 	 -7.35813e-06 	 -8.51171e-06 	 1.15358e-06 
0.636 	 -7.57522e-06 	 -8.71537e-06 	 1.14015e-06 
0.634 	 -7.79128e-06 	 -8.91821e-06 	 1.12694e-06 
0.632 	 -8.00633e-06 	 -9.12025e-06 	 1.11392e-06 
0.630 	 -8.22040e-06 	 -9.32151e-06 	 1.10110e-06 
0.629 	 -8.43351e-06 	 -9.52200e-06 	 1.08848e-06 
0.627 	 -8.64568e-06 	 -9.72173e-06 	 1.07605e-06 
0.625 	 -8.85692e-06 	 -9.92073e-06 	 1.06381e-06 
0.623 	 -9.06726e-06 	 -1.01190e-05 	 1.05175e-06 
0.622 	 -9.27672e-06 	 -1.03166e-05 	 1.03987e-06 
0.620 	 -9.48530e-06 	 -1.05135e-05 	 1.02816e-06 
0.618 	 -9.69304e-06 	 -1.07097e-05 	 1.01664e-06 
0.616 	 -9.89995e-06 	 -1.09052e-05 	 1.00528e-06 
0.615 	 -1.01060e-05 	 -1.11001e-05 	 9.94087e-07 
0.613 	 -1.03113e-05 	 -1.12944e-05 	 9.83062e-07 
0.611 	 -1.05159e-05 	 -1.14881e-05 	 9.72198e-07 
0.610 	 -1.07196e-05 	 -1.16811e-05 	 9.61492e-07 
0.608 	 -1.09226e-05 	 -1.18736e-05 	 9.50942e-07 
0.606 	 -1.11249e-05 	 -1.20654e-05 	 9.40545e-07 
0.605 	 -1.13264e-05 	 -1.22567e-05 	 9.30299e-07 
0.603 	 -1.15273e-05 	 -1.24475e-05 	 9.20200e-07 
0.602 	 -1.17275e-05 	 -1.26377e-05 	 9.10245e-07 
0.600 	 -1.19270e-05 	 -1.28274e-05 	 9.00434e-07 
