Energy [eV] Ext Cross [um^2] Abs Cross [um^2] Sca Cross [um^2] 
3.000 	 1.08633e-04 	 1.08374e-04 	 2.58715e-07 
2.960 	 1.15655e-04 	 1.14958e-04 	 6.96433e-07 
2.922 	 1.23128e-04 	 1.21702e-04 	 1.42638e-06 
2.884 	 1.31890e-04 	 1.29428e-04 	 2.46204e-06 
2.848 	 1.41516e-04 	 1.37730e-04 	 3.78677e-06 
2.812 	 1.51902e-04 	 1.46474e-04 	 5.42714e-06 
2.777 	 1.63735e-04 	 1.56350e-04 	 7.38495e-06 
2.743 	 1.77031e-04 	 1.67353e-04 	 9.67838e-06 
2.710 	 1.92179e-04 	 1.79853e-04 	 1.23259e-05 
2.678 	 2.06938e-04 	 1.91587e-04 	 1.53508e-05 
2.646 	 2.23108e-04 	 2.04322e-04 	 1.87865e-05 
2.615 	 2.41590e-04 	 2.18919e-04 	 2.26707e-05 
2.585 	 2.62267e-04 	 2.35220e-04 	 2.70468e-05 
2.556 	 2.85178e-04 	 2.53208e-04 	 3.19702e-05 
2.527 	 3.10682e-04 	 2.73174e-04 	 3.75083e-05 
2.499 	 3.39160e-04 	 2.95423e-04 	 4.37369e-05 
2.471 	 3.71089e-04 	 3.20349e-04 	 5.07403e-05 
2.444 	 4.06799e-04 	 3.48209e-04 	 5.85896e-05 
2.418 	 4.46372e-04 	 3.78914e-04 	 6.74576e-05 
2.392 	 4.91065e-04 	 4.13511e-04 	 7.75536e-05 
2.367 	 5.41841e-04 	 4.52797e-04 	 8.90440e-05 
2.342 	 5.99677e-04 	 4.97514e-04 	 1.02163e-04 
2.318 	 6.65831e-04 	 5.48623e-04 	 1.17209e-04 
2.294 	 7.41904e-04 	 6.07352e-04 	 1.34552e-04 
2.271 	 8.29909e-04 	 6.75244e-04 	 1.54665e-04 
2.248 	 9.32390e-04 	 7.54249e-04 	 1.78141e-04 
2.226 	 1.05259e-03 	 8.46856e-04 	 2.05734e-04 
2.204 	 1.19473e-03 	 9.56295e-04 	 2.38431e-04 
2.182 	 1.36432e-03 	 1.08680e-03 	 2.77525e-04 
2.161 	 1.56870e-03 	 1.24397e-03 	 3.24733e-04 
2.141 	 1.81777e-03 	 1.43539e-03 	 3.82378e-04 
2.121 	 2.12512e-03 	 1.67146e-03 	 4.53655e-04 
2.101 	 2.50976e-03 	 1.96672e-03 	 5.43040e-04 
2.081 	 2.99888e-03 	 2.34194e-03 	 6.56940e-04 
2.062 	 3.63229e-03 	 2.82754e-03 	 8.04754e-04 
2.043 	 4.46974e-03 	 3.46913e-03 	 1.00061e-03 
2.025 	 5.60336e-03 	 4.33705e-03 	 1.26632e-03 
2.007 	 7.17927e-03 	 5.54272e-03 	 1.63655e-03 
1.989 	 9.43482e-03 	 7.26708e-03 	 2.16774e-03 
1.971 	 1.27597e-02 	 9.80688e-03 	 2.95277e-03 
1.954 	 1.77764e-02 	 1.36358e-02 	 4.14058e-03 
1.937 	 2.53386e-02 	 1.94017e-02 	 5.93688e-03 
1.921 	 3.59104e-02 	 2.74516e-02 	 8.45880e-03 
1.904 	 4.70474e-02 	 3.59120e-02 	 1.11354e-02 
1.888 	 5.11360e-02 	 3.89810e-02 	 1.21550e-02 
1.873 	 4.42032e-02 	 3.36560e-02 	 1.05472e-02 
1.857 	 3.29604e-02 	 2.50692e-02 	 7.89115e-03 
1.842 	 2.34756e-02 	 1.78386e-02 	 5.63703e-03 
1.827 	 1.68644e-02 	 1.28045e-02 	 4.05997e-03 
1.812 	 1.24466e-02 	 9.44353e-03 	 3.00304e-03 
1.798 	 9.46514e-03 	 7.17717e-03 	 2.28797e-03 
1.783 	 7.39993e-03 	 5.60840e-03 	 1.79153e-03 
1.769 	 5.92681e-03 	 4.49014e-03 	 1.43667e-03 
1.755 	 4.84621e-03 	 3.67035e-03 	 1.17586e-03 
1.742 	 4.03327e-03 	 3.05398e-03 	 9.79287e-04 
1.728 	 3.40788e-03 	 2.58007e-03 	 8.27807e-04 
1.715 	 2.91725e-03 	 2.20848e-03 	 7.08773e-04 
1.702 	 2.52565e-03 	 1.91203e-03 	 6.13618e-04 
1.689 	 2.20831e-03 	 1.67191e-03 	 5.36394e-04 
1.677 	 1.94766e-03 	 1.47478e-03 	 4.72879e-04 
1.664 	 1.73100e-03 	 1.31098e-03 	 4.20016e-04 
1.652 	 1.54897e-03 	 1.17342e-03 	 3.75551e-04 
1.640 	 1.39458e-03 	 1.05678e-03 	 3.37791e-04 
1.628 	 1.26248e-03 	 9.57024e-04 	 3.05453e-04 
1.616 	 1.14857e-03 	 8.71031e-04 	 2.77543e-04 
1.605 	 1.04966e-03 	 7.96375e-04 	 2.53284e-04 
1.593 	 9.63202e-04 	 7.31137e-04 	 2.32065e-04 
1.582 	 8.87182e-04 	 6.73788e-04 	 2.13394e-04 
1.571 	 8.19973e-04 	 6.23095e-04 	 1.96878e-04 
1.560 	 7.60255e-04 	 5.78060e-04 	 1.82196e-04 
1.549 	 7.06948e-04 	 5.37864e-04 	 1.69084e-04 
1.539 	 6.59157e-04 	 5.01832e-04 	 1.57325e-04 
1.528 	 6.16141e-04 	 4.69403e-04 	 1.46738e-04 
1.518 	 5.77278e-04 	 4.40106e-04 	 1.37172e-04 
1.508 	 5.42044e-04 	 4.13545e-04 	 1.28499e-04 
1.497 	 5.09996e-04 	 3.89386e-04 	 1.20610e-04 
1.488 	 4.80757e-04 	 3.67344e-04 	 1.13413e-04 
1.478 	 4.54003e-04 	 3.47174e-04 	 1.06829e-04 
1.468 	 4.29457e-04 	 3.28667e-04 	 1.00790e-04 
1.459 	 4.06880e-04 	 3.11643e-04 	 9.52371e-05 
1.449 	 3.86064e-04 	 2.95944e-04 	 9.01198e-05 
1.440 	 3.66827e-04 	 2.81434e-04 	 8.53933e-05 
1.431 	 3.49012e-04 	 2.67993e-04 	 8.10187e-05 
1.422 	 3.32479e-04 	 2.55518e-04 	 7.69617e-05 
1.413 	 3.17107e-04 	 2.43915e-04 	 7.31924e-05 
1.404 	 3.02786e-04 	 2.33102e-04 	 6.96840e-05 
1.395 	 2.89423e-04 	 2.23009e-04 	 6.64131e-05 
1.386 	 2.76931e-04 	 2.13572e-04 	 6.33587e-05 
1.378 	 2.65235e-04 	 2.04733e-04 	 6.05021e-05 
1.369 	 2.54268e-04 	 1.96442e-04 	 5.78266e-05 
1.361 	 2.43970e-04 	 1.88653e-04 	 5.53174e-05 
1.353 	 2.34286e-04 	 1.81325e-04 	 5.29609e-05 
1.345 	 2.25167e-04 	 1.74422e-04 	 5.07450e-05 
1.337 	 2.16569e-04 	 1.67910e-04 	 4.86588e-05 
1.329 	 2.08452e-04 	 1.61760e-04 	 4.66924e-05 
1.321 	 2.00781e-04 	 1.55944e-04 	 4.48369e-05 
1.313 	 1.93522e-04 	 1.50438e-04 	 4.30842e-05 
1.306 	 1.86645e-04 	 1.45219e-04 	 4.14268e-05 
1.298 	 1.80125e-04 	 1.40267e-04 	 3.98580e-05 
1.291 	 1.73935e-04 	 1.35563e-04 	 3.83717e-05 
1.283 	 1.68053e-04 	 1.31091e-04 	 3.69623e-05 
1.276 	 1.62460e-04 	 1.26835e-04 	 3.56245e-05 
1.269 	 1.57134e-04 	 1.22781e-04 	 3.43537e-05 
1.262 	 1.52060e-04 	 1.18915e-04 	 3.31455e-05 
1.255 	 1.47221e-04 	 1.15225e-04 	 3.19960e-05 
1.248 	 1.42603e-04 	 1.11702e-04 	 3.09014e-05 
1.241 	 1.38191e-04 	 1.08333e-04 	 2.98583e-05 
1.234 	 1.33974e-04 	 1.05110e-04 	 2.88637e-05 
1.227 	 1.29940e-04 	 1.02025e-04 	 2.79146e-05 
1.220 	 1.26077e-04 	 9.90686e-05 	 2.70083e-05 
1.214 	 1.22376e-04 	 9.62338e-05 	 2.61423e-05 
1.207 	 1.18828e-04 	 9.35136e-05 	 2.53143e-05 
1.201 	 1.15424e-04 	 9.09017e-05 	 2.45222e-05 
1.194 	 1.12156e-04 	 8.83920e-05 	 2.37640e-05 
1.188 	 1.09017e-04 	 8.59789e-05 	 2.30378e-05 
1.182 	 1.05999e-04 	 8.36572e-05 	 2.23418e-05 
1.176 	 1.03097e-04 	 8.14221e-05 	 2.16745e-05 
1.169 	 1.00303e-04 	 7.92690e-05 	 2.10343e-05 
1.163 	 9.76136e-05 	 7.71938e-05 	 2.04198e-05 
1.157 	 9.50221e-05 	 7.51924e-05 	 1.98297e-05 
1.151 	 9.25239e-05 	 7.32611e-05 	 1.92627e-05 
1.146 	 9.01143e-05 	 7.13965e-05 	 1.87178e-05 
1.140 	 8.77890e-05 	 6.95953e-05 	 1.81937e-05 
1.134 	 8.55438e-05 	 6.78544e-05 	 1.76895e-05 
1.128 	 8.33750e-05 	 6.61708e-05 	 1.72042e-05 
1.123 	 8.12789e-05 	 6.45420e-05 	 1.67368e-05 
1.117 	 7.92520e-05 	 6.29654e-05 	 1.62867e-05 
1.112 	 7.72913e-05 	 6.14385e-05 	 1.58528e-05 
1.106 	 7.53937e-05 	 5.99591e-05 	 1.54346e-05 
1.101 	 7.35563e-05 	 5.85252e-05 	 1.50312e-05 
1.095 	 7.17765e-05 	 5.71346e-05 	 1.46420e-05 
1.090 	 7.00518e-05 	 5.57854e-05 	 1.42664e-05 
1.085 	 6.83796e-05 	 5.44759e-05 	 1.39037e-05 
1.079 	 6.67578e-05 	 5.32044e-05 	 1.35534e-05 
1.074 	 6.51842e-05 	 5.19692e-05 	 1.32150e-05 
1.069 	 6.36567e-05 	 5.07688e-05 	 1.28879e-05 
1.064 	 6.21734e-05 	 4.96018e-05 	 1.25716e-05 
1.059 	 6.07325e-05 	 4.84668e-05 	 1.22658e-05 
1.054 	 5.93323e-05 	 4.73624e-05 	 1.19699e-05 
1.049 	 5.79710e-05 	 4.62874e-05 	 1.16836e-05 
1.044 	 5.66472e-05 	 4.52408e-05 	 1.14064e-05 
1.039 	 5.53593e-05 	 4.42213e-05 	 1.11380e-05 
1.035 	 5.41060e-05 	 4.32279e-05 	 1.08781e-05 
1.030 	 5.28859e-05 	 4.22597e-05 	 1.06262e-05 
1.025 	 5.16977e-05 	 4.13156e-05 	 1.03822e-05 
1.020 	 5.05403e-05 	 4.03947e-05 	 1.01456e-05 
1.016 	 4.94124e-05 	 3.94962e-05 	 9.91620e-06 
1.011 	 4.83130e-05 	 3.86193e-05 	 9.69372e-06 
1.007 	 4.72410e-05 	 3.77631e-05 	 9.47789e-06 
1.002 	 4.61953e-05 	 3.69268e-05 	 9.26846e-06 
0.998 	 4.51750e-05 	 3.61098e-05 	 9.06518e-06 
0.993 	 4.41793e-05 	 3.53114e-05 	 8.86783e-06 
0.989 	 4.32071e-05 	 3.45309e-05 	 8.67619e-06 
0.985 	 4.22577e-05 	 3.37676e-05 	 8.49006e-06 
0.980 	 4.13302e-05 	 3.30210e-05 	 8.30923e-06 
0.976 	 4.04240e-05 	 3.22905e-05 	 8.13351e-06 
0.972 	 3.95382e-05 	 3.15755e-05 	 7.96273e-06 
0.968 	 3.86723e-05 	 3.08756e-05 	 7.79670e-06 
0.963 	 3.78254e-05 	 3.01901e-05 	 7.63526e-06 
0.959 	 3.69970e-05 	 2.95187e-05 	 7.47825e-06 
0.955 	 3.61864e-05 	 2.88609e-05 	 7.32552e-06 
0.951 	 3.53931e-05 	 2.82162e-05 	 7.17692e-06 
0.947 	 3.46165e-05 	 2.75841e-05 	 7.03232e-06 
0.943 	 3.38560e-05 	 2.69644e-05 	 6.89157e-06 
0.939 	 3.31111e-05 	 2.63566e-05 	 6.75455e-06 
0.935 	 3.23814e-05 	 2.57602e-05 	 6.62113e-06 
0.931 	 3.16662e-05 	 2.51750e-05 	 6.49119e-06 
0.928 	 3.09653e-05 	 2.46006e-05 	 6.36463e-06 
0.924 	 3.02780e-05 	 2.40367e-05 	 6.24133e-06 
0.920 	 2.96041e-05 	 2.34829e-05 	 6.12118e-06 
0.916 	 2.89430e-05 	 2.29389e-05 	 6.00409e-06 
0.913 	 2.82944e-05 	 2.24045e-05 	 5.88995e-06 
0.909 	 2.76579e-05 	 2.18793e-05 	 5.77868e-06 
0.905 	 2.70332e-05 	 2.13630e-05 	 5.67018e-06 
0.902 	 2.64198e-05 	 2.08554e-05 	 5.56437e-06 
0.898 	 2.58175e-05 	 2.03563e-05 	 5.46116e-06 
0.894 	 2.52259e-05 	 1.98654e-05 	 5.36048e-06 
0.891 	 2.46447e-05 	 1.93824e-05 	 5.26224e-06 
0.887 	 2.40736e-05 	 1.89072e-05 	 5.16638e-06 
0.884 	 2.35123e-05 	 1.84394e-05 	 5.07282e-06 
0.880 	 2.29605e-05 	 1.79790e-05 	 4.98149e-06 
0.877 	 2.24179e-05 	 1.75256e-05 	 4.89232e-06 
0.873 	 2.18844e-05 	 1.70791e-05 	 4.80526e-06 
0.870 	 2.13595e-05 	 1.66393e-05 	 4.72023e-06 
0.867 	 2.08432e-05 	 1.62060e-05 	 4.63719e-06 
0.863 	 2.03350e-05 	 1.57790e-05 	 4.55607e-06 
0.860 	 1.98349e-05 	 1.53581e-05 	 4.47681e-06 
0.857 	 1.93426e-05 	 1.49432e-05 	 4.39937e-06 
0.853 	 1.88578e-05 	 1.45341e-05 	 4.32369e-06 
0.850 	 1.83804e-05 	 1.41306e-05 	 4.24972e-06 
0.847 	 1.79101e-05 	 1.37327e-05 	 4.17742e-06 
0.844 	 1.74468e-05 	 1.33401e-05 	 4.10673e-06 
0.841 	 1.69903e-05 	 1.29527e-05 	 4.03761e-06 
0.838 	 1.65403e-05 	 1.25703e-05 	 3.97003e-06 
0.834 	 1.60968e-05 	 1.21929e-05 	 3.90393e-06 
0.831 	 1.56596e-05 	 1.18203e-05 	 3.83927e-06 
0.828 	 1.52285e-05 	 1.14524e-05 	 3.77602e-06 
0.825 	 1.48033e-05 	 1.10891e-05 	 3.71414e-06 
0.822 	 1.43839e-05 	 1.07303e-05 	 3.65359e-06 
0.819 	 1.39701e-05 	 1.03758e-05 	 3.59434e-06 
0.816 	 1.35618e-05 	 1.00255e-05 	 3.53635e-06 
0.813 	 1.31589e-05 	 9.67935e-06 	 3.47959e-06 
0.810 	 1.27613e-05 	 9.33724e-06 	 3.42402e-06 
0.807 	 1.23687e-05 	 8.99906e-06 	 3.36962e-06 
0.804 	 1.19810e-05 	 8.66470e-06 	 3.31635e-06 
0.802 	 1.15983e-05 	 8.33407e-06 	 3.26418e-06 
0.799 	 1.12202e-05 	 8.00707e-06 	 3.21310e-06 
0.796 	 1.08467e-05 	 7.68362e-06 	 3.16306e-06 
0.793 	 1.04777e-05 	 7.36361e-06 	 3.11404e-06 
0.790 	 1.01130e-05 	 7.04698e-06 	 3.06602e-06 
0.788 	 9.75260e-06 	 6.73362e-06 	 3.01897e-06 
0.785 	 9.39634e-06 	 6.42347e-06 	 2.97287e-06 
0.782 	 9.04413e-06 	 6.11643e-06 	 2.92769e-06 
0.779 	 8.69586e-06 	 5.81244e-06 	 2.88341e-06 
0.777 	 8.35143e-06 	 5.51142e-06 	 2.84001e-06 
0.774 	 8.01077e-06 	 5.21330e-06 	 2.79747e-06 
0.771 	 7.67378e-06 	 4.91802e-06 	 2.75576e-06 
0.769 	 7.34036e-06 	 4.62550e-06 	 2.71486e-06 
0.766 	 7.01045e-06 	 4.33569e-06 	 2.67476e-06 
0.763 	 6.68396e-06 	 4.04852e-06 	 2.63544e-06 
0.761 	 6.36081e-06 	 3.76393e-06 	 2.59688e-06 
0.758 	 6.04092e-06 	 3.48187e-06 	 2.55905e-06 
0.756 	 5.72422e-06 	 3.20227e-06 	 2.52195e-06 
0.753 	 5.41064e-06 	 2.92509e-06 	 2.48555e-06 
0.751 	 5.10010e-06 	 2.65026e-06 	 2.44984e-06 
0.748 	 4.79254e-06 	 2.37774e-06 	 2.41480e-06 
0.746 	 4.48789e-06 	 2.10747e-06 	 2.38042e-06 
0.743 	 4.18608e-06 	 1.83941e-06 	 2.34668e-06 
0.741 	 3.88706e-06 	 1.57349e-06 	 2.31357e-06 
0.738 	 3.59075e-06 	 1.30968e-06 	 2.28107e-06 
0.736 	 3.29709e-06 	 1.04793e-06 	 2.24916e-06 
0.733 	 3.00602e-06 	 7.88181e-07 	 2.21784e-06 
0.731 	 2.71749e-06 	 5.30395e-07 	 2.18710e-06 
0.729 	 2.43143e-06 	 2.74527e-07 	 2.15691e-06 
0.726 	 2.14780e-06 	 2.05313e-08 	 2.12726e-06 
0.724 	 1.86652e-06 	 -2.31634e-07 	 2.09816e-06 
0.722 	 1.58756e-06 	 -4.82010e-07 	 2.06957e-06 
0.719 	 1.31085e-06 	 -7.30637e-07 	 2.04149e-06 
0.717 	 1.03636e-06 	 -9.77556e-07 	 2.01391e-06 
0.715 	 7.64017e-07 	 -1.22281e-06 	 1.98682e-06 
0.712 	 4.93788e-07 	 -1.46642e-06 	 1.96021e-06 
0.710 	 2.25621e-07 	 -1.70844e-06 	 1.93406e-06 
0.708 	 -4.05294e-08 	 -1.94890e-06 	 1.90838e-06 
0.706 	 -3.04707e-07 	 -2.18784e-06 	 1.88313e-06 
0.704 	 -5.66954e-07 	 -2.42528e-06 	 1.85833e-06 
0.701 	 -8.27313e-07 	 -2.66127e-06 	 1.83395e-06 
0.699 	 -1.08582e-06 	 -2.89582e-06 	 1.80999e-06 
0.697 	 -1.34252e-06 	 -3.12897e-06 	 1.78645e-06 
0.695 	 -1.59746e-06 	 -3.36076e-06 	 1.76330e-06 
0.693 	 -1.85066e-06 	 -3.59120e-06 	 1.74055e-06 
0.691 	 -2.10216e-06 	 -3.82034e-06 	 1.71818e-06 
0.688 	 -2.35200e-06 	 -4.04819e-06 	 1.69619e-06 
0.686 	 -2.60022e-06 	 -4.27479e-06 	 1.67456e-06 
0.684 	 -2.84685e-06 	 -4.50015e-06 	 1.65330e-06 
0.682 	 -3.09192e-06 	 -4.72432e-06 	 1.63239e-06 
0.680 	 -3.33547e-06 	 -4.94731e-06 	 1.61183e-06 
0.678 	 -3.57753e-06 	 -5.16914e-06 	 1.59161e-06 
0.676 	 -3.81813e-06 	 -5.38985e-06 	 1.57172e-06 
0.674 	 -4.05729e-06 	 -5.60945e-06 	 1.55216e-06 
0.672 	 -4.29506e-06 	 -5.82797e-06 	 1.53291e-06 
0.670 	 -4.53145e-06 	 -6.04543e-06 	 1.51398e-06 
0.668 	 -4.76651e-06 	 -6.26186e-06 	 1.49535e-06 
0.666 	 -5.00025e-06 	 -6.47728e-06 	 1.47703e-06 
0.664 	 -5.23270e-06 	 -6.69170e-06 	 1.45900e-06 
0.662 	 -5.46390e-06 	 -6.90515e-06 	 1.44126e-06 
0.660 	 -5.69386e-06 	 -7.11765e-06 	 1.42380e-06 
0.658 	 -5.92261e-06 	 -7.32922e-06 	 1.40661e-06 
0.656 	 -6.15018e-06 	 -7.53989e-06 	 1.38970e-06 
0.654 	 -6.37659e-06 	 -7.74965e-06 	 1.37306e-06 
0.652 	 -6.60187e-06 	 -7.95855e-06 	 1.35668e-06 
0.650 	 -6.82604e-06 	 -8.16660e-06 	 1.34055e-06 
0.649 	 -7.04913e-06 	 -8.37380e-06 	 1.32468e-06 
0.647 	 -7.27114e-06 	 -8.58019e-06 	 1.30905e-06 
0.645 	 -7.49212e-06 	 -8.78578e-06 	 1.29366e-06 
0.643 	 -7.71207e-06 	 -8.99059e-06 	 1.27851e-06 
0.641 	 -7.93103e-06 	 -9.19463e-06 	 1.26360e-06 
0.639 	 -8.14900e-06 	 -9.39791e-06 	 1.24891e-06 
0.638 	 -8.36602e-06 	 -9.60047e-06 	 1.23445e-06 
0.636 	 -8.58210e-06 	 -9.80230e-06 	 1.22020e-06 
0.634 	 -8.79726e-06 	 -1.00034e-05 	 1.20617e-06 
0.632 	 -9.01152e-06 	 -1.02039e-05 	 1.19236e-06 
0.630 	 -9.22491e-06 	 -1.04037e-05 	 1.17875e-06 
0.629 	 -9.43743e-06 	 -1.06028e-05 	 1.16534e-06 
0.627 	 -9.64910e-06 	 -1.08012e-05 	 1.15214e-06 
0.625 	 -9.85996e-06 	 -1.09991e-05 	 1.13913e-06 
0.623 	 -1.00700e-05 	 -1.11963e-05 	 1.12631e-06 
0.622 	 -1.02793e-05 	 -1.13929e-05 	 1.11368e-06 
0.620 	 -1.04877e-05 	 -1.15890e-05 	 1.10124e-06 
0.618 	 -1.06955e-05 	 -1.17844e-05 	 1.08899e-06 
0.616 	 -1.09024e-05 	 -1.19794e-05 	 1.07691e-06 
0.615 	 -1.11087e-05 	 -1.21737e-05 	 1.06500e-06 
0.613 	 -1.13143e-05 	 -1.23675e-05 	 1.05327e-06 
0.611 	 -1.15191e-05 	 -1.25608e-05 	 1.04171e-06 
0.610 	 -1.17233e-05 	 -1.27536e-05 	 1.03032e-06 
0.608 	 -1.19268e-05 	 -1.29459e-05 	 1.01909e-06 
0.606 	 -1.21297e-05 	 -1.31377e-05 	 1.00802e-06 
0.605 	 -1.23319e-05 	 -1.33290e-05 	 9.97108e-07 
0.603 	 -1.25335e-05 	 -1.35198e-05 	 9.86352e-07 
0.602 	 -1.27345e-05 	 -1.37102e-05 	 9.75748e-07 
0.600 	 -1.29349e-05 	 -1.39002e-05 	 9.65295e-07 
