Energy [eV] Ext Cross [um^2] Abs Cross [um^2] Sca Cross [um^2] 
3.000 	 5.55033e-04 	 5.48964e-04 	 6.06862e-06 
2.960 	 6.10293e-04 	 5.93557e-04 	 1.67360e-05 
2.922 	 6.76801e-04 	 6.41688e-04 	 3.51133e-05 
2.884 	 7.60670e-04 	 6.98527e-04 	 6.21431e-05 
2.848 	 8.60930e-04 	 7.62806e-04 	 9.81242e-05 
2.812 	 9.80255e-04 	 8.35569e-04 	 1.44686e-04 
2.777 	 1.12674e-03 	 9.23710e-04 	 2.03034e-04 
2.743 	 1.31046e-03 	 1.03537e-03 	 2.75090e-04 
2.710 	 1.55215e-03 	 1.18992e-03 	 3.62225e-04 
2.678 	 1.80932e-03 	 1.34442e-03 	 4.64903e-04 
2.646 	 2.00988e-03 	 1.41904e-03 	 5.90845e-04 
2.615 	 2.29236e-03 	 1.54667e-03 	 7.45685e-04 
2.585 	 2.66006e-03 	 1.72639e-03 	 9.33672e-04 
2.556 	 3.11273e-03 	 1.94934e-03 	 1.16339e-03 
2.527 	 3.66801e-03 	 2.22135e-03 	 1.44666e-03 
2.499 	 4.35220e-03 	 2.55409e-03 	 1.79812e-03 
2.471 	 5.20271e-03 	 2.96432e-03 	 2.23839e-03 
2.444 	 6.27254e-03 	 3.47600e-03 	 2.79653e-03 
2.418 	 7.63674e-03 	 4.12302e-03 	 3.51372e-03 
2.392 	 9.40323e-03 	 4.95391e-03 	 4.44932e-03 
2.367 	 1.17303e-02 	 6.03954e-03 	 5.69077e-03 
2.342 	 1.48529e-02 	 7.48432e-03 	 7.36860e-03 
2.318 	 1.91222e-02 	 9.44315e-03 	 9.67909e-03 
2.294 	 2.50584e-02 	 1.21432e-02 	 1.29152e-02 
2.271 	 3.33948e-02 	 1.58997e-02 	 1.74952e-02 
2.248 	 4.49981e-02 	 2.10732e-02 	 2.39249e-02 
2.226 	 6.03118e-02 	 2.78127e-02 	 3.24991e-02 
2.204 	 7.76719e-02 	 3.53066e-02 	 4.23653e-02 
2.182 	 9.10520e-02 	 4.08368e-02 	 5.02152e-02 
2.161 	 9.26093e-02 	 4.10189e-02 	 5.15904e-02 
2.141 	 8.17834e-02 	 3.58044e-02 	 4.59790e-02 
2.121 	 6.58340e-02 	 2.85113e-02 	 3.73227e-02 
2.101 	 5.09838e-02 	 2.18589e-02 	 2.91250e-02 
2.081 	 3.93103e-02 	 1.66972e-02 	 2.26131e-02 
2.062 	 3.06657e-02 	 1.29130e-02 	 1.77527e-02 
2.043 	 2.43423e-02 	 1.01684e-02 	 1.41739e-02 
2.025 	 1.96809e-02 	 8.16044e-03 	 1.15204e-02 
2.007 	 1.61904e-02 	 6.66733e-03 	 9.52305e-03 
1.989 	 1.35293e-02 	 5.53639e-03 	 7.99290e-03 
1.971 	 1.14640e-02 	 4.66406e-03 	 6.79995e-03 
1.954 	 9.83396e-03 	 3.97961e-03 	 5.85434e-03 
1.937 	 8.52718e-03 	 3.43398e-03 	 5.09320e-03 
1.921 	 7.46460e-03 	 2.99267e-03 	 4.47193e-03 
1.904 	 6.58956e-03 	 2.63112e-03 	 3.95845e-03 
1.888 	 5.86072e-03 	 2.33147e-03 	 3.52925e-03 
1.873 	 5.24733e-03 	 2.08049e-03 	 3.16684e-03 
1.857 	 4.72624e-03 	 1.86825e-03 	 2.85799e-03 
1.842 	 4.27978e-03 	 1.68720e-03 	 2.59257e-03 
1.827 	 3.89429e-03 	 1.53154e-03 	 2.36275e-03 
1.812 	 3.55909e-03 	 1.39672e-03 	 2.16237e-03 
1.798 	 3.26577e-03 	 1.27920e-03 	 1.98657e-03 
1.783 	 3.00758e-03 	 1.17614e-03 	 1.83143e-03 
1.769 	 2.77907e-03 	 1.08525e-03 	 1.69382e-03 
1.755 	 2.57582e-03 	 1.00467e-03 	 1.57114e-03 
1.742 	 2.39419e-03 	 9.32897e-04 	 1.46129e-03 
1.728 	 2.23120e-03 	 8.68677e-04 	 1.36252e-03 
1.715 	 2.08435e-03 	 8.10980e-04 	 1.27337e-03 
1.702 	 1.95155e-03 	 7.58943e-04 	 1.19260e-03 
1.689 	 1.83104e-03 	 7.11843e-04 	 1.11920e-03 
1.677 	 1.72134e-03 	 6.69065e-04 	 1.05228e-03 
1.664 	 1.62118e-03 	 6.30091e-04 	 9.91086e-04 
1.652 	 1.52946e-03 	 5.94475e-04 	 9.34981e-04 
1.640 	 1.44524e-03 	 5.61835e-04 	 8.83409e-04 
1.628 	 1.36773e-03 	 5.31843e-04 	 8.35889e-04 
1.616 	 1.29622e-03 	 5.04216e-04 	 7.92004e-04 
1.605 	 1.23010e-03 	 4.78706e-04 	 7.51390e-04 
1.593 	 1.16882e-03 	 4.55097e-04 	 7.13727e-04 
1.582 	 1.11193e-03 	 4.33200e-04 	 6.78733e-04 
1.571 	 1.05901e-03 	 4.12849e-04 	 6.46161e-04 
1.560 	 1.00969e-03 	 3.93899e-04 	 6.15791e-04 
1.549 	 9.63649e-04 	 3.76220e-04 	 5.87429e-04 
1.539 	 9.20598e-04 	 3.59697e-04 	 5.60901e-04 
1.528 	 8.80280e-04 	 3.44229e-04 	 5.36051e-04 
1.518 	 8.42467e-04 	 3.29725e-04 	 5.12742e-04 
1.508 	 8.06951e-04 	 3.16104e-04 	 4.90847e-04 
1.497 	 7.73549e-04 	 3.03292e-04 	 4.70257e-04 
1.488 	 7.42092e-04 	 2.91225e-04 	 4.50868e-04 
1.478 	 7.12432e-04 	 2.79842e-04 	 4.32589e-04 
1.468 	 6.84430e-04 	 2.69091e-04 	 4.15339e-04 
1.459 	 6.57966e-04 	 2.58925e-04 	 3.99041e-04 
1.449 	 6.32926e-04 	 2.49298e-04 	 3.83628e-04 
1.440 	 6.09208e-04 	 2.40172e-04 	 3.69036e-04 
1.431 	 5.86721e-04 	 2.31511e-04 	 3.55209e-04 
1.422 	 5.65378e-04 	 2.23282e-04 	 3.42096e-04 
1.413 	 5.45102e-04 	 2.15455e-04 	 3.29647e-04 
1.404 	 5.25822e-04 	 2.08002e-04 	 3.17820e-04 
1.395 	 5.07473e-04 	 2.00898e-04 	 3.06575e-04 
1.386 	 4.89995e-04 	 1.94120e-04 	 2.95874e-04 
1.378 	 4.73332e-04 	 1.87648e-04 	 2.85684e-04 
1.369 	 4.57435e-04 	 1.81462e-04 	 2.75973e-04 
1.361 	 4.42255e-04 	 1.75544e-04 	 2.66712e-04 
1.353 	 4.27750e-04 	 1.69877e-04 	 2.57873e-04 
1.345 	 4.13880e-04 	 1.64446e-04 	 2.49434e-04 
1.337 	 4.00606e-04 	 1.59237e-04 	 2.41369e-04 
1.329 	 3.87895e-04 	 1.54237e-04 	 2.33658e-04 
1.321 	 3.75715e-04 	 1.49434e-04 	 2.26281e-04 
1.313 	 3.64035e-04 	 1.44816e-04 	 2.19220e-04 
1.306 	 3.52829e-04 	 1.40373e-04 	 2.12456e-04 
1.298 	 3.42070e-04 	 1.36096e-04 	 2.05974e-04 
1.291 	 3.31734e-04 	 1.31975e-04 	 1.99760e-04 
1.283 	 3.21799e-04 	 1.28001e-04 	 1.93798e-04 
1.276 	 3.12243e-04 	 1.24168e-04 	 1.88075e-04 
1.269 	 3.03048e-04 	 1.20467e-04 	 1.82580e-04 
1.262 	 2.94193e-04 	 1.16892e-04 	 1.77301e-04 
1.255 	 2.85663e-04 	 1.13436e-04 	 1.72227e-04 
1.248 	 2.77442e-04 	 1.10093e-04 	 1.67348e-04 
1.241 	 2.69513e-04 	 1.06858e-04 	 1.62654e-04 
1.234 	 2.61862e-04 	 1.03725e-04 	 1.58137e-04 
1.227 	 2.54477e-04 	 1.00690e-04 	 1.53788e-04 
1.220 	 2.47345e-04 	 9.77466e-05 	 1.49598e-04 
1.214 	 2.40453e-04 	 9.48916e-05 	 1.45562e-04 
1.207 	 2.33791e-04 	 9.21207e-05 	 1.41670e-04 
1.201 	 2.27348e-04 	 8.94298e-05 	 1.37918e-04 
1.194 	 2.21114e-04 	 8.68153e-05 	 1.34298e-04 
1.188 	 2.15079e-04 	 8.42737e-05 	 1.30805e-04 
1.182 	 2.09235e-04 	 8.18018e-05 	 1.27433e-04 
1.176 	 2.03573e-04 	 7.93964e-05 	 1.24177e-04 
1.169 	 1.98086e-04 	 7.70546e-05 	 1.21031e-04 
1.163 	 1.92765e-04 	 7.47737e-05 	 1.17991e-04 
1.157 	 1.87604e-04 	 7.25509e-05 	 1.15053e-04 
1.151 	 1.82596e-04 	 7.03839e-05 	 1.12212e-04 
1.146 	 1.77735e-04 	 6.82703e-05 	 1.09464e-04 
1.140 	 1.73014e-04 	 6.62077e-05 	 1.06806e-04 
1.134 	 1.68427e-04 	 6.41942e-05 	 1.04233e-04 
1.128 	 1.63970e-04 	 6.22276e-05 	 1.01742e-04 
1.123 	 1.59636e-04 	 6.03061e-05 	 9.93303e-05 
1.117 	 1.55422e-04 	 5.84278e-05 	 9.69941e-05 
1.112 	 1.51322e-04 	 5.65911e-05 	 9.47307e-05 
1.106 	 1.47331e-04 	 5.47943e-05 	 9.25371e-05 
1.101 	 1.43446e-04 	 5.30357e-05 	 9.04107e-05 
1.095 	 1.39663e-04 	 5.13141e-05 	 8.83489e-05 
1.090 	 1.35977e-04 	 4.96278e-05 	 8.63492e-05 
1.085 	 1.32385e-04 	 4.79757e-05 	 8.44093e-05 
1.079 	 1.28883e-04 	 4.63563e-05 	 8.25270e-05 
1.074 	 1.25468e-04 	 4.47684e-05 	 8.07000e-05 
1.069 	 1.22137e-04 	 4.32109e-05 	 7.89265e-05 
1.064 	 1.18887e-04 	 4.16826e-05 	 7.72043e-05 
1.059 	 1.15714e-04 	 4.01824e-05 	 7.55317e-05 
1.054 	 1.12616e-04 	 3.87093e-05 	 7.39068e-05 
1.049 	 1.09590e-04 	 3.72623e-05 	 7.23280e-05 
1.044 	 1.06634e-04 	 3.58406e-05 	 7.07937e-05 
1.039 	 1.03745e-04 	 3.44431e-05 	 6.93022e-05 
1.035 	 1.00921e-04 	 3.30691e-05 	 6.78520e-05 
1.030 	 9.81595e-05 	 3.17177e-05 	 6.64418e-05 
1.025 	 9.54584e-05 	 3.03882e-05 	 6.50702e-05 
1.020 	 9.28156e-05 	 2.90797e-05 	 6.37358e-05 
1.016 	 9.02291e-05 	 2.77917e-05 	 6.24374e-05 
1.011 	 8.76971e-05 	 2.65233e-05 	 6.11738e-05 
1.007 	 8.52176e-05 	 2.52738e-05 	 5.99438e-05 
1.002 	 8.27890e-05 	 2.40427e-05 	 5.87463e-05 
0.998 	 8.04096e-05 	 2.28293e-05 	 5.75802e-05 
0.993 	 7.80776e-05 	 2.16331e-05 	 5.64446e-05 
0.989 	 7.57917e-05 	 2.04533e-05 	 5.53383e-05 
0.985 	 7.35501e-05 	 1.92896e-05 	 5.42606e-05 
0.980 	 7.13516e-05 	 1.81413e-05 	 5.32104e-05 
0.976 	 6.91948e-05 	 1.70080e-05 	 5.21868e-05 
0.972 	 6.70783e-05 	 1.58891e-05 	 5.11891e-05 
0.968 	 6.50008e-05 	 1.47843e-05 	 5.02165e-05 
0.963 	 6.29611e-05 	 1.36931e-05 	 4.92681e-05 
0.959 	 6.09581e-05 	 1.26150e-05 	 4.83431e-05 
0.955 	 5.89906e-05 	 1.15496e-05 	 4.74410e-05 
0.951 	 5.70574e-05 	 1.04965e-05 	 4.65609e-05 
0.947 	 5.51576e-05 	 9.45535e-06 	 4.57023e-05 
0.943 	 5.32901e-05 	 8.42576e-06 	 4.48644e-05 
0.939 	 5.14540e-05 	 7.40735e-06 	 4.40466e-05 
0.935 	 4.96482e-05 	 6.39978e-06 	 4.32484e-05 
0.931 	 4.78719e-05 	 5.40271e-06 	 4.24691e-05 
0.928 	 4.61241e-05 	 4.41580e-06 	 4.17083e-05 
0.924 	 4.44040e-05 	 3.43875e-06 	 4.09653e-05 
0.920 	 4.27109e-05 	 2.47124e-06 	 4.02396e-05 
0.916 	 4.10438e-05 	 1.51299e-06 	 3.95308e-05 
0.913 	 3.94021e-05 	 5.63707e-07 	 3.88384e-05 
0.909 	 3.77849e-05 	 -3.76874e-07 	 3.81618e-05 
0.905 	 3.61917e-05 	 -1.30902e-06 	 3.75007e-05 
0.902 	 3.46216e-05 	 -2.23298e-06 	 3.68546e-05 
0.898 	 3.30740e-05 	 -3.14899e-06 	 3.62230e-05 
0.894 	 3.15483e-05 	 -4.05731e-06 	 3.56056e-05 
0.891 	 3.00439e-05 	 -4.95815e-06 	 3.50020e-05 
0.887 	 2.85601e-05 	 -5.85174e-06 	 3.44119e-05 
0.884 	 2.70964e-05 	 -6.73830e-06 	 3.38347e-05 
0.880 	 2.56522e-05 	 -7.61803e-06 	 3.32702e-05 
0.877 	 2.42269e-05 	 -8.49115e-06 	 3.27180e-05 
0.873 	 2.28200e-05 	 -9.35785e-06 	 3.21779e-05 
0.870 	 2.14311e-05 	 -1.02183e-05 	 3.16494e-05 
0.867 	 2.00595e-05 	 -1.10728e-05 	 3.11323e-05 
0.863 	 1.87048e-05 	 -1.19214e-05 	 3.06262e-05 
0.860 	 1.73666e-05 	 -1.27644e-05 	 3.01309e-05 
0.857 	 1.60443e-05 	 -1.36018e-05 	 2.96461e-05 
0.853 	 1.47376e-05 	 -1.44339e-05 	 2.91716e-05 
0.850 	 1.34460e-05 	 -1.52609e-05 	 2.87069e-05 
0.847 	 1.21691e-05 	 -1.60829e-05 	 2.82520e-05 
0.844 	 1.09064e-05 	 -1.69000e-05 	 2.78065e-05 
0.841 	 9.65770e-06 	 -1.77124e-05 	 2.73701e-05 
0.838 	 8.42253e-06 	 -1.85203e-05 	 2.69428e-05 
0.834 	 7.20055e-06 	 -1.93236e-05 	 2.65242e-05 
0.831 	 5.99142e-06 	 -2.01227e-05 	 2.61141e-05 
0.828 	 4.79480e-06 	 -2.09175e-05 	 2.57123e-05 
0.825 	 3.61036e-06 	 -2.17082e-05 	 2.53186e-05 
0.822 	 2.43779e-06 	 -2.24950e-05 	 2.49328e-05 
0.819 	 1.27679e-06 	 -2.32779e-05 	 2.45547e-05 
0.816 	 1.27044e-07 	 -2.40570e-05 	 2.41841e-05 
0.813 	 -1.01172e-06 	 -2.48325e-05 	 2.38208e-05 
0.810 	 -2.13981e-06 	 -2.56044e-05 	 2.34646e-05 
0.807 	 -3.25749e-06 	 -2.63730e-05 	 2.31155e-05 
0.804 	 -4.36504e-06 	 -2.71382e-05 	 2.27731e-05 
0.802 	 -5.46275e-06 	 -2.79001e-05 	 2.24374e-05 
0.799 	 -6.55086e-06 	 -2.86590e-05 	 2.21082e-05 
0.796 	 -7.62963e-06 	 -2.94149e-05 	 2.17852e-05 
0.793 	 -8.69932e-06 	 -3.01678e-05 	 2.14685e-05 
0.790 	 -9.76016e-06 	 -3.09180e-05 	 2.11578e-05 
0.788 	 -1.08124e-05 	 -3.16654e-05 	 2.08530e-05 
0.785 	 -1.18562e-05 	 -3.24102e-05 	 2.05540e-05 
0.782 	 -1.28919e-05 	 -3.31524e-05 	 2.02605e-05 
0.779 	 -1.39197e-05 	 -3.38922e-05 	 1.99726e-05 
0.777 	 -1.49397e-05 	 -3.46297e-05 	 1.96900e-05 
0.774 	 -1.59521e-05 	 -3.53648e-05 	 1.94126e-05 
0.771 	 -1.69572e-05 	 -3.60977e-05 	 1.91404e-05 
0.769 	 -1.79552e-05 	 -3.68284e-05 	 1.88732e-05 
0.766 	 -1.89462e-05 	 -3.75570e-05 	 1.86109e-05 
0.763 	 -1.99303e-05 	 -3.82836e-05 	 1.83533e-05 
0.761 	 -2.09078e-05 	 -3.90083e-05 	 1.81005e-05 
0.758 	 -2.18788e-05 	 -3.97310e-05 	 1.78521e-05 
0.756 	 -2.28436e-05 	 -4.04519e-05 	 1.76083e-05 
0.753 	 -2.38021e-05 	 -4.11709e-05 	 1.73688e-05 
0.751 	 -2.47546e-05 	 -4.18883e-05 	 1.71336e-05 
0.748 	 -2.57013e-05 	 -4.26039e-05 	 1.69026e-05 
0.746 	 -2.66423e-05 	 -4.33180e-05 	 1.66757e-05 
0.743 	 -2.75777e-05 	 -4.40304e-05 	 1.64527e-05 
0.741 	 -2.85077e-05 	 -4.47414e-05 	 1.62337e-05 
0.738 	 -2.94324e-05 	 -4.54509e-05 	 1.60185e-05 
0.736 	 -3.03519e-05 	 -4.61589e-05 	 1.58070e-05 
0.733 	 -3.12664e-05 	 -4.68657e-05 	 1.55992e-05 
0.731 	 -3.21761e-05 	 -4.75711e-05 	 1.53950e-05 
0.729 	 -3.30810e-05 	 -4.82753e-05 	 1.51943e-05 
0.726 	 -3.39812e-05 	 -4.89782e-05 	 1.49970e-05 
0.724 	 -3.48769e-05 	 -4.96800e-05 	 1.48031e-05 
0.722 	 -3.57683e-05 	 -5.03808e-05 	 1.46125e-05 
0.719 	 -3.66553e-05 	 -5.10804e-05 	 1.44251e-05 
0.717 	 -3.75382e-05 	 -5.17791e-05 	 1.42409e-05 
0.715 	 -3.84171e-05 	 -5.24768e-05 	 1.40597e-05 
0.712 	 -3.92920e-05 	 -5.31736e-05 	 1.38816e-05 
0.710 	 -4.01631e-05 	 -5.38695e-05 	 1.37064e-05 
0.708 	 -4.10304e-05 	 -5.45646e-05 	 1.35342e-05 
0.706 	 -4.18941e-05 	 -5.52589e-05 	 1.33648e-05 
0.704 	 -4.27542e-05 	 -5.59524e-05 	 1.31982e-05 
0.701 	 -4.36109e-05 	 -5.66452e-05 	 1.30343e-05 
0.699 	 -4.44642e-05 	 -5.73373e-05 	 1.28731e-05 
0.697 	 -4.53143e-05 	 -5.80288e-05 	 1.27145e-05 
0.695 	 -4.61612e-05 	 -5.87196e-05 	 1.25585e-05 
0.693 	 -4.70049e-05 	 -5.94099e-05 	 1.24050e-05 
0.691 	 -4.78456e-05 	 -6.00996e-05 	 1.22539e-05 
0.688 	 -4.86834e-05 	 -6.07887e-05 	 1.21053e-05 
0.686 	 -4.95183e-05 	 -6.14774e-05 	 1.19591e-05 
0.684 	 -5.03504e-05 	 -6.21656e-05 	 1.18152e-05 
0.682 	 -5.11798e-05 	 -6.28534e-05 	 1.16735e-05 
0.680 	 -5.20066e-05 	 -6.35407e-05 	 1.15341e-05 
0.678 	 -5.28308e-05 	 -6.42277e-05 	 1.13969e-05 
0.676 	 -5.36524e-05 	 -6.49143e-05 	 1.12618e-05 
0.674 	 -5.44716e-05 	 -6.56005e-05 	 1.11289e-05 
0.672 	 -5.52885e-05 	 -6.62865e-05 	 1.09980e-05 
0.670 	 -5.61031e-05 	 -6.69722e-05 	 1.08691e-05 
0.668 	 -5.69154e-05 	 -6.76576e-05 	 1.07423e-05 
0.666 	 -5.77255e-05 	 -6.83428e-05 	 1.06174e-05 
0.664 	 -5.85335e-05 	 -6.90278e-05 	 1.04943e-05 
0.662 	 -5.93394e-05 	 -6.97126e-05 	 1.03732e-05 
0.660 	 -6.01434e-05 	 -7.03973e-05 	 1.02539e-05 
0.658 	 -6.09454e-05 	 -7.10818e-05 	 1.01365e-05 
0.656 	 -6.17455e-05 	 -7.17662e-05 	 1.00208e-05 
0.654 	 -6.25437e-05 	 -7.24505e-05 	 9.90679e-06 
0.652 	 -6.33402e-05 	 -7.31348e-05 	 9.79454e-06 
0.650 	 -6.41350e-05 	 -7.38189e-05 	 9.68397e-06 
0.649 	 -6.49281e-05 	 -7.45031e-05 	 9.57504e-06 
0.647 	 -6.57195e-05 	 -7.51872e-05 	 9.46773e-06 
0.645 	 -6.65094e-05 	 -7.58714e-05 	 9.36201e-06 
0.643 	 -6.72977e-05 	 -7.65556e-05 	 9.25784e-06 
0.641 	 -6.80846e-05 	 -7.72398e-05 	 9.15521e-06 
0.639 	 -6.88700e-05 	 -7.79241e-05 	 9.05407e-06 
0.638 	 -6.96540e-05 	 -7.86084e-05 	 8.95442e-06 
0.636 	 -7.04367e-05 	 -7.92929e-05 	 8.85621e-06 
0.634 	 -7.12181e-05 	 -7.99775e-05 	 8.75942e-06 
0.632 	 -7.19982e-05 	 -8.06622e-05 	 8.66403e-06 
0.630 	 -7.27771e-05 	 -8.13471e-05 	 8.57002e-06 
0.629 	 -7.35548e-05 	 -8.20322e-05 	 8.47735e-06 
0.627 	 -7.43314e-05 	 -8.27174e-05 	 8.38601e-06 
0.625 	 -7.51069e-05 	 -8.34029e-05 	 8.29597e-06 
0.623 	 -7.58814e-05 	 -8.40886e-05 	 8.20720e-06 
0.622 	 -7.66548e-05 	 -8.47745e-05 	 8.11970e-06 
0.620 	 -7.74273e-05 	 -8.54607e-05 	 8.03342e-06 
0.618 	 -7.81988e-05 	 -8.61472e-05 	 7.94836e-06 
0.616 	 -7.89694e-05 	 -8.68339e-05 	 7.86449e-06 
0.615 	 -7.97392e-05 	 -8.75210e-05 	 7.78180e-06 
0.613 	 -8.05081e-05 	 -8.82084e-05 	 7.70025e-06 
0.611 	 -8.12763e-05 	 -8.88961e-05 	 7.61984e-06 
0.610 	 -8.20436e-05 	 -8.95842e-05 	 7.54054e-06 
0.608 	 -8.28103e-05 	 -9.02726e-05 	 7.46233e-06 
0.606 	 -8.35762e-05 	 -9.09614e-05 	 7.38519e-06 
0.605 	 -8.43415e-05 	 -9.16506e-05 	 7.30912e-06 
0.603 	 -8.51062e-05 	 -9.23403e-05 	 7.23408e-06 
0.602 	 -8.58702e-05 	 -9.30303e-05 	 7.16006e-06 
0.600 	 -8.66337e-05 	 -9.37208e-05 	 7.08705e-06 
