Energy [eV] Ext Cross [um^2] Abs Cross [um^2] Sca Cross [um^2] 
3.000 	 3.14685e-04 	 3.12883e-04 	 1.80207e-06 
2.960 	 4.23895e-04 	 4.17949e-04 	 5.94592e-06 
2.922 	 5.93786e-04 	 5.78089e-04 	 1.56971e-05 
2.884 	 8.84102e-04 	 8.47073e-04 	 3.70293e-05 
2.848 	 1.41241e-03 	 1.32891e-03 	 8.34930e-05 
2.812 	 2.50719e-03 	 2.31245e-03 	 1.94736e-04 
2.777 	 5.12237e-03 	 4.62863e-03 	 4.93739e-04 
2.743 	 1.13018e-02 	 1.00046e-02 	 1.29713e-03 
2.710 	 1.48204e-02 	 1.28304e-02 	 1.99004e-03 
2.678 	 8.23401e-03 	 6.95782e-03 	 1.27619e-03 
2.646 	 4.05022e-03 	 3.34467e-03 	 7.05554e-04 
2.615 	 2.28345e-03 	 1.84362e-03 	 4.39832e-04 
2.585 	 1.45065e-03 	 1.14538e-03 	 3.05274e-04 
2.556 	 1.00288e-03 	 7.74507e-04 	 2.28377e-04 
2.527 	 7.36228e-04 	 5.56217e-04 	 1.80011e-04 
2.499 	 5.64780e-04 	 4.17470e-04 	 1.47310e-04 
2.471 	 4.47898e-04 	 3.23947e-04 	 1.23950e-04 
2.444 	 3.64416e-04 	 2.57888e-04 	 1.06528e-04 
2.418 	 3.02538e-04 	 2.09453e-04 	 9.30849e-05 
2.392 	 2.55223e-04 	 1.72807e-04 	 8.24163e-05 
2.367 	 2.18249e-04 	 1.44492e-04 	 7.37572e-05 
2.342 	 1.88669e-04 	 1.22073e-04 	 6.65964e-05 
2.318 	 1.64609e-04 	 1.04033e-04 	 6.05758e-05 
2.294 	 1.44804e-04 	 8.93568e-05 	 5.54468e-05 
2.271 	 1.28222e-04 	 7.71934e-05 	 5.10285e-05 
2.248 	 1.14073e-04 	 6.68936e-05 	 4.71790e-05 
2.226 	 1.02006e-04 	 5.82125e-05 	 4.37933e-05 
2.204 	 9.17004e-05 	 5.09062e-05 	 4.07943e-05 
2.182 	 8.29204e-05 	 4.47994e-05 	 3.81211e-05 
2.161 	 7.54784e-05 	 3.97479e-05 	 3.57305e-05 
2.141 	 6.87684e-05 	 3.51807e-05 	 3.35877e-05 
2.121 	 6.23980e-05 	 3.07523e-05 	 3.16458e-05 
2.101 	 5.64296e-05 	 2.65547e-05 	 2.98748e-05 
2.081 	 5.09114e-05 	 2.26647e-05 	 2.82467e-05 
2.062 	 4.60509e-05 	 1.93033e-05 	 2.67476e-05 
2.043 	 4.17562e-05 	 1.63892e-05 	 2.53670e-05 
2.025 	 3.79074e-05 	 1.38150e-05 	 2.40925e-05 
2.007 	 3.44248e-05 	 1.15121e-05 	 2.29127e-05 
1.989 	 3.12555e-05 	 9.43791e-06 	 2.18176e-05 
1.971 	 2.83649e-05 	 7.56623e-06 	 2.07987e-05 
1.954 	 2.57187e-05 	 5.87006e-06 	 1.98487e-05 
1.937 	 2.32787e-05 	 4.31784e-06 	 1.89609e-05 
1.921 	 2.10245e-05 	 2.89500e-06 	 1.81295e-05 
1.904 	 1.89454e-05 	 1.59606e-06 	 1.73494e-05 
1.888 	 1.70335e-05 	 4.17376e-07 	 1.66161e-05 
1.873 	 1.52768e-05 	 -6.49100e-07 	 1.59259e-05 
1.857 	 1.36650e-05 	 -1.60999e-06 	 1.52750e-05 
1.842 	 1.21942e-05 	 -2.46614e-06 	 1.46604e-05 
1.827 	 1.08652e-05 	 -3.21382e-06 	 1.40790e-05 
1.812 	 9.68431e-06 	 -3.84412e-06 	 1.35284e-05 
1.798 	 8.66577e-06 	 -4.34054e-06 	 1.30063e-05 
1.783 	 7.83569e-06 	 -4.67501e-06 	 1.25107e-05 
1.769 	 7.23932e-06 	 -4.80066e-06 	 1.20400e-05 
1.755 	 6.95354e-06 	 -4.63959e-06 	 1.15931e-05 
1.742 	 7.10701e-06 	 -4.06320e-06 	 1.11702e-05 
1.728 	 7.90403e-06 	 -2.86927e-06 	 1.07733e-05 
1.715 	 9.60716e-06 	 -8.01096e-07 	 1.04083e-05 
1.702 	 1.22749e-05 	 2.19005e-06 	 1.00849e-05 
1.689 	 1.49162e-05 	 5.11164e-06 	 9.80451e-06 
1.677 	 1.53209e-05 	 5.78821e-06 	 9.53272e-06 
1.664 	 1.31975e-05 	 3.97098e-06 	 9.22653e-06 
1.652 	 1.08115e-05 	 1.91796e-06 	 8.89357e-06 
1.640 	 9.69845e-06 	 1.13797e-06 	 8.56048e-06 
1.628 	 1.02980e-05 	 2.05631e-06 	 8.24174e-06 
1.616 	 1.28569e-05 	 4.91153e-06 	 7.94539e-06 
1.605 	 1.77041e-05 	 1.00201e-05 	 7.68401e-06 
1.593 	 2.47519e-05 	 1.72692e-05 	 7.48268e-06 
1.582 	 3.19184e-05 	 2.45468e-05 	 7.37163e-06 
1.571 	 3.42882e-05 	 2.69521e-05 	 7.33603e-06 
1.560 	 2.91743e-05 	 2.18885e-05 	 7.28580e-06 
1.549 	 2.02684e-05 	 1.31106e-05 	 7.15779e-06 
1.539 	 1.19037e-05 	 4.93400e-06 	 6.96972e-06 
1.528 	 5.48151e-06 	 -1.27669e-06 	 6.75820e-06 
1.518 	 8.13597e-07 	 -5.73124e-06 	 6.54483e-06 
1.508 	 -2.59239e-06 	 -8.93077e-06 	 6.33838e-06 
1.497 	 -5.14181e-06 	 -1.12833e-05 	 6.14153e-06 
1.488 	 -7.11155e-06 	 -1.30661e-05 	 5.95459e-06 
1.478 	 -8.68220e-06 	 -1.44593e-05 	 5.77705e-06 
1.468 	 -9.97139e-06 	 -1.55796e-05 	 5.60819e-06 
1.459 	 -1.10569e-05 	 -1.65042e-05 	 5.44726e-06 
1.449 	 -1.19912e-05 	 -1.72848e-05 	 5.29361e-06 
1.440 	 -1.28106e-05 	 -1.79573e-05 	 5.14666e-06 
1.431 	 -1.35408e-05 	 -1.85467e-05 	 5.00589e-06 
1.422 	 -1.42002e-05 	 -1.90711e-05 	 4.87087e-06 
1.413 	 -1.48025e-05 	 -1.95437e-05 	 4.74120e-06 
1.404 	 -1.53578e-05 	 -1.99744e-05 	 4.61654e-06 
1.395 	 -1.58740e-05 	 -2.03706e-05 	 4.49660e-06 
1.386 	 -1.63571e-05 	 -2.07382e-05 	 4.38110e-06 
1.378 	 -1.68119e-05 	 -2.10817e-05 	 4.26979e-06 
1.369 	 -1.72421e-05 	 -2.14046e-05 	 4.16245e-06 
1.361 	 -1.76509e-05 	 -2.17097e-05 	 4.05888e-06 
1.353 	 -1.80406e-05 	 -2.19995e-05 	 3.95889e-06 
1.345 	 -1.84135e-05 	 -2.22758e-05 	 3.86231e-06 
1.337 	 -1.87712e-05 	 -2.25401e-05 	 3.76898e-06 
1.329 	 -1.91151e-05 	 -2.27939e-05 	 3.67875e-06 
1.321 	 -1.94467e-05 	 -2.30381e-05 	 3.59149e-06 
1.313 	 -1.97668e-05 	 -2.32738e-05 	 3.50706e-06 
1.306 	 -2.00764e-05 	 -2.35018e-05 	 3.42535e-06 
1.298 	 -2.03764e-05 	 -2.37227e-05 	 3.34625e-06 
1.291 	 -2.06674e-05 	 -2.39371e-05 	 3.26965e-06 
1.283 	 -2.09500e-05 	 -2.41455e-05 	 3.19545e-06 
1.276 	 -2.12249e-05 	 -2.43485e-05 	 3.12357e-06 
1.269 	 -2.14924e-05 	 -2.45463e-05 	 3.05391e-06 
1.262 	 -2.17531e-05 	 -2.47395e-05 	 2.98640e-06 
1.255 	 -2.20072e-05 	 -2.49282e-05 	 2.92096e-06 
1.248 	 -2.22552e-05 	 -2.51128e-05 	 2.85753e-06 
1.241 	 -2.24974e-05 	 -2.52935e-05 	 2.79604e-06 
1.234 	 -2.27341e-05 	 -2.54705e-05 	 2.73645e-06 
1.227 	 -2.29654e-05 	 -2.56441e-05 	 2.67868e-06 
1.220 	 -2.31916e-05 	 -2.58143e-05 	 2.62272e-06 
1.214 	 -2.34130e-05 	 -2.59815e-05 	 2.56850e-06 
1.207 	 -2.36296e-05 	 -2.61456e-05 	 2.51599e-06 
1.201 	 -2.38418e-05 	 -2.63070e-05 	 2.46516e-06 
1.194 	 -2.40496e-05 	 -2.64656e-05 	 2.41595e-06 
1.188 	 -2.42534e-05 	 -2.66217e-05 	 2.36831e-06 
1.182 	 -2.44532e-05 	 -2.67754e-05 	 2.32214e-06 
1.176 	 -2.46495e-05 	 -2.69268e-05 	 2.27730e-06 
1.169 	 -2.48427e-05 	 -2.70763e-05 	 2.23362e-06 
1.163 	 -2.50331e-05 	 -2.72240e-05 	 2.19087e-06 
1.157 	 -2.52212e-05 	 -2.73701e-05 	 2.14884e-06 
1.151 	 -2.54074e-05 	 -2.75148e-05 	 2.10735e-06 
1.146 	 -2.55918e-05 	 -2.76582e-05 	 2.06634e-06 
1.140 	 -2.57744e-05 	 -2.78002e-05 	 2.02585e-06 
1.134 	 -2.59549e-05 	 -2.79409e-05 	 1.98598e-06 
1.128 	 -2.61332e-05 	 -2.80801e-05 	 1.94687e-06 
1.123 	 -2.63092e-05 	 -2.82178e-05 	 1.90862e-06 
1.117 	 -2.64826e-05 	 -2.83539e-05 	 1.87133e-06 
1.112 	 -2.66535e-05 	 -2.84885e-05 	 1.83501e-06 
1.106 	 -2.68219e-05 	 -2.86216e-05 	 1.79969e-06 
1.101 	 -2.69879e-05 	 -2.87532e-05 	 1.76535e-06 
1.095 	 -2.71515e-05 	 -2.88834e-05 	 1.73195e-06 
1.090 	 -2.73128e-05 	 -2.90122e-05 	 1.69947e-06 
1.085 	 -2.74719e-05 	 -2.91397e-05 	 1.66787e-06 
1.079 	 -2.76289e-05 	 -2.92660e-05 	 1.63711e-06 
1.074 	 -2.77838e-05 	 -2.93909e-05 	 1.60715e-06 
1.069 	 -2.79368e-05 	 -2.95148e-05 	 1.57798e-06 
1.064 	 -2.80879e-05 	 -2.96374e-05 	 1.54954e-06 
1.059 	 -2.82372e-05 	 -2.97590e-05 	 1.52183e-06 
1.054 	 -2.83848e-05 	 -2.98796e-05 	 1.49480e-06 
1.049 	 -2.85308e-05 	 -2.99992e-05 	 1.46843e-06 
1.044 	 -2.86753e-05 	 -3.01180e-05 	 1.44271e-06 
1.039 	 -2.88185e-05 	 -3.02361e-05 	 1.41760e-06 
1.035 	 -2.89605e-05 	 -3.03536e-05 	 1.39309e-06 
1.030 	 -2.91015e-05 	 -3.04706e-05 	 1.36916e-06 
1.025 	 -2.92414e-05 	 -3.05872e-05 	 1.34578e-06 
1.020 	 -2.93802e-05 	 -3.07031e-05 	 1.32294e-06 
1.016 	 -2.95177e-05 	 -3.08184e-05 	 1.30063e-06 
1.011 	 -2.96539e-05 	 -3.09327e-05 	 1.27882e-06 
1.007 	 -2.97886e-05 	 -3.10461e-05 	 1.25751e-06 
1.002 	 -2.99218e-05 	 -3.11584e-05 	 1.23667e-06 
0.998 	 -3.00535e-05 	 -3.12698e-05 	 1.21630e-06 
0.993 	 -3.01839e-05 	 -3.13803e-05 	 1.19637e-06 
0.989 	 -3.03130e-05 	 -3.14899e-05 	 1.17689e-06 
0.985 	 -3.04409e-05 	 -3.15987e-05 	 1.15783e-06 
0.980 	 -3.05675e-05 	 -3.17067e-05 	 1.13918e-06 
0.976 	 -3.06931e-05 	 -3.18140e-05 	 1.12094e-06 
0.972 	 -3.08175e-05 	 -3.19206e-05 	 1.10309e-06 
0.968 	 -3.09409e-05 	 -3.20265e-05 	 1.08561e-06 
0.963 	 -3.10633e-05 	 -3.21318e-05 	 1.06851e-06 
0.959 	 -3.11846e-05 	 -3.22364e-05 	 1.05177e-06 
0.955 	 -3.13051e-05 	 -3.23404e-05 	 1.03538e-06 
0.951 	 -3.14245e-05 	 -3.24439e-05 	 1.01934e-06 
0.947 	 -3.15431e-05 	 -3.25467e-05 	 1.00362e-06 
0.943 	 -3.16608e-05 	 -3.26490e-05 	 9.88228e-07 
0.939 	 -3.17776e-05 	 -3.27507e-05 	 9.73151e-07 
0.935 	 -3.18935e-05 	 -3.28519e-05 	 9.58382e-07 
0.931 	 -3.20086e-05 	 -3.29525e-05 	 9.43913e-07 
0.928 	 -3.21228e-05 	 -3.30526e-05 	 9.29735e-07 
0.924 	 -3.22363e-05 	 -3.31521e-05 	 9.15841e-07 
0.920 	 -3.23490e-05 	 -3.32512e-05 	 9.02225e-07 
0.916 	 -3.24609e-05 	 -3.33497e-05 	 8.88880e-07 
0.913 	 -3.25720e-05 	 -3.34478e-05 	 8.75798e-07 
0.909 	 -3.26824e-05 	 -3.35453e-05 	 8.62973e-07 
0.905 	 -3.27920e-05 	 -3.36424e-05 	 8.50399e-07 
0.902 	 -3.29009e-05 	 -3.37390e-05 	 8.38070e-07 
0.898 	 -3.30092e-05 	 -3.38351e-05 	 8.25979e-07 
0.894 	 -3.31167e-05 	 -3.39308e-05 	 8.14122e-07 
0.891 	 -3.32235e-05 	 -3.40260e-05 	 8.02491e-07 
0.887 	 -3.33297e-05 	 -3.41208e-05 	 7.91083e-07 
0.884 	 -3.34352e-05 	 -3.42151e-05 	 7.79891e-07 
0.880 	 -3.35400e-05 	 -3.43089e-05 	 7.68911e-07 
0.877 	 -3.36442e-05 	 -3.44023e-05 	 7.58137e-07 
0.873 	 -3.37478e-05 	 -3.44953e-05 	 7.47565e-07 
0.870 	 -3.38507e-05 	 -3.45879e-05 	 7.37190e-07 
0.867 	 -3.39530e-05 	 -3.46800e-05 	 7.27007e-07 
0.863 	 -3.40548e-05 	 -3.47718e-05 	 7.17013e-07 
0.860 	 -3.41559e-05 	 -3.48631e-05 	 7.07202e-07 
0.857 	 -3.42564e-05 	 -3.49540e-05 	 6.97570e-07 
0.853 	 -3.43564e-05 	 -3.50445e-05 	 6.88113e-07 
0.850 	 -3.44558e-05 	 -3.51347e-05 	 6.78828e-07 
0.847 	 -3.45547e-05 	 -3.52244e-05 	 6.69711e-07 
0.844 	 -3.46530e-05 	 -3.53137e-05 	 6.60757e-07 
0.841 	 -3.47507e-05 	 -3.54027e-05 	 6.51963e-07 
0.838 	 -3.48480e-05 	 -3.54913e-05 	 6.43326e-07 
0.834 	 -3.49446e-05 	 -3.55795e-05 	 6.34842e-07 
0.831 	 -3.50408e-05 	 -3.56673e-05 	 6.26507e-07 
0.828 	 -3.51364e-05 	 -3.57548e-05 	 6.18319e-07 
0.825 	 -3.52316e-05 	 -3.58418e-05 	 6.10273e-07 
0.822 	 -3.53262e-05 	 -3.59285e-05 	 6.02368e-07 
0.819 	 -3.54203e-05 	 -3.60149e-05 	 5.94600e-07 
0.816 	 -3.55139e-05 	 -3.61009e-05 	 5.86965e-07 
0.813 	 -3.56070e-05 	 -3.61865e-05 	 5.79462e-07 
0.810 	 -3.56996e-05 	 -3.62717e-05 	 5.72087e-07 
0.807 	 -3.57918e-05 	 -3.63566e-05 	 5.64838e-07 
0.804 	 -3.58834e-05 	 -3.64411e-05 	 5.57711e-07 
0.802 	 -3.59746e-05 	 -3.65253e-05 	 5.50705e-07 
0.799 	 -3.60654e-05 	 -3.66092e-05 	 5.43816e-07 
0.796 	 -3.61556e-05 	 -3.66927e-05 	 5.37043e-07 
0.793 	 -3.62454e-05 	 -3.67758e-05 	 5.30382e-07 
0.790 	 -3.63348e-05 	 -3.68586e-05 	 5.23833e-07 
0.788 	 -3.64237e-05 	 -3.69411e-05 	 5.17391e-07 
0.785 	 -3.65122e-05 	 -3.70232e-05 	 5.11056e-07 
0.782 	 -3.66002e-05 	 -3.71051e-05 	 5.04824e-07 
0.779 	 -3.66878e-05 	 -3.71865e-05 	 4.98694e-07 
0.777 	 -3.67750e-05 	 -3.72677e-05 	 4.92664e-07 
0.774 	 -3.68618e-05 	 -3.73485e-05 	 4.86731e-07 
0.771 	 -3.69481e-05 	 -3.74290e-05 	 4.80894e-07 
0.769 	 -3.70341e-05 	 -3.75092e-05 	 4.75151e-07 
0.766 	 -3.71196e-05 	 -3.75891e-05 	 4.69500e-07 
0.763 	 -3.72047e-05 	 -3.76687e-05 	 4.63939e-07 
0.761 	 -3.72894e-05 	 -3.77479e-05 	 4.58466e-07 
0.758 	 -3.73737e-05 	 -3.78268e-05 	 4.53079e-07 
0.756 	 -3.74576e-05 	 -3.79054e-05 	 4.47777e-07 
0.753 	 -3.75411e-05 	 -3.79837e-05 	 4.42558e-07 
0.751 	 -3.76242e-05 	 -3.80617e-05 	 4.37421e-07 
0.748 	 -3.77070e-05 	 -3.81393e-05 	 4.32364e-07 
0.746 	 -3.77893e-05 	 -3.82167e-05 	 4.27385e-07 
0.743 	 -3.78712e-05 	 -3.82937e-05 	 4.22482e-07 
0.741 	 -3.79528e-05 	 -3.83704e-05 	 4.17655e-07 
0.738 	 -3.80339e-05 	 -3.84468e-05 	 4.12902e-07 
0.736 	 -3.81147e-05 	 -3.85230e-05 	 4.08222e-07 
0.733 	 -3.81952e-05 	 -3.85988e-05 	 4.03612e-07 
0.731 	 -3.82752e-05 	 -3.86743e-05 	 3.99072e-07 
0.729 	 -3.83549e-05 	 -3.87495e-05 	 3.94601e-07 
0.726 	 -3.84342e-05 	 -3.88244e-05 	 3.90197e-07 
0.724 	 -3.85131e-05 	 -3.88990e-05 	 3.85858e-07 
0.722 	 -3.85917e-05 	 -3.89733e-05 	 3.81584e-07 
0.719 	 -3.86699e-05 	 -3.90473e-05 	 3.77374e-07 
0.717 	 -3.87478e-05 	 -3.91210e-05 	 3.73226e-07 
0.715 	 -3.88253e-05 	 -3.91945e-05 	 3.69139e-07 
0.712 	 -3.89025e-05 	 -3.92676e-05 	 3.65112e-07 
0.710 	 -3.89793e-05 	 -3.93404e-05 	 3.61144e-07 
0.708 	 -3.90558e-05 	 -3.94130e-05 	 3.57234e-07 
0.706 	 -3.91319e-05 	 -3.94853e-05 	 3.53380e-07 
0.704 	 -3.92077e-05 	 -3.95573e-05 	 3.49582e-07 
0.701 	 -3.92831e-05 	 -3.96290e-05 	 3.45839e-07 
0.699 	 -3.93582e-05 	 -3.97004e-05 	 3.42150e-07 
0.697 	 -3.94330e-05 	 -3.97715e-05 	 3.38513e-07 
0.695 	 -3.95074e-05 	 -3.98424e-05 	 3.34928e-07 
0.693 	 -3.95815e-05 	 -3.99129e-05 	 3.31394e-07 
0.691 	 -3.96553e-05 	 -3.99832e-05 	 3.27910e-07 
0.688 	 -3.97287e-05 	 -4.00532e-05 	 3.24476e-07 
0.686 	 -3.98018e-05 	 -4.01229e-05 	 3.21089e-07 
0.684 	 -3.98746e-05 	 -4.01924e-05 	 3.17750e-07 
0.682 	 -3.99471e-05 	 -4.02615e-05 	 3.14457e-07 
0.680 	 -4.00192e-05 	 -4.03304e-05 	 3.11210e-07 
0.678 	 -4.00910e-05 	 -4.03991e-05 	 3.08008e-07 
0.676 	 -4.01625e-05 	 -4.04674e-05 	 3.04850e-07 
0.674 	 -4.02337e-05 	 -4.05355e-05 	 3.01736e-07 
0.672 	 -4.03046e-05 	 -4.06032e-05 	 2.98664e-07 
0.670 	 -4.03751e-05 	 -4.06708e-05 	 2.95634e-07 
0.668 	 -4.04453e-05 	 -4.07380e-05 	 2.92646e-07 
0.666 	 -4.05153e-05 	 -4.08050e-05 	 2.89697e-07 
0.664 	 -4.05849e-05 	 -4.08717e-05 	 2.86789e-07 
0.662 	 -4.06542e-05 	 -4.09381e-05 	 2.83920e-07 
0.660 	 -4.07232e-05 	 -4.10042e-05 	 2.81089e-07 
0.658 	 -4.07918e-05 	 -4.10701e-05 	 2.78296e-07 
0.656 	 -4.08602e-05 	 -4.11357e-05 	 2.75540e-07 
0.654 	 -4.09283e-05 	 -4.12011e-05 	 2.72821e-07 
0.652 	 -4.09960e-05 	 -4.12662e-05 	 2.70138e-07 
0.650 	 -4.10635e-05 	 -4.13310e-05 	 2.67490e-07 
0.649 	 -4.11307e-05 	 -4.13956e-05 	 2.64877e-07 
0.647 	 -4.11976e-05 	 -4.14598e-05 	 2.62298e-07 
0.645 	 -4.12641e-05 	 -4.15239e-05 	 2.59753e-07 
0.643 	 -4.13304e-05 	 -4.15876e-05 	 2.57240e-07 
0.641 	 -4.13964e-05 	 -4.16511e-05 	 2.54761e-07 
0.639 	 -4.14621e-05 	 -4.17144e-05 	 2.52313e-07 
0.638 	 -4.15275e-05 	 -4.17774e-05 	 2.49897e-07 
0.636 	 -4.15926e-05 	 -4.18401e-05 	 2.47512e-07 
0.634 	 -4.16574e-05 	 -4.19025e-05 	 2.45158e-07 
0.632 	 -4.17219e-05 	 -4.19647e-05 	 2.42833e-07 
0.630 	 -4.17862e-05 	 -4.20267e-05 	 2.40538e-07 
0.629 	 -4.18501e-05 	 -4.20884e-05 	 2.38272e-07 
0.627 	 -4.19138e-05 	 -4.21498e-05 	 2.36035e-07 
0.625 	 -4.19772e-05 	 -4.22110e-05 	 2.33825e-07 
0.623 	 -4.20403e-05 	 -4.22719e-05 	 2.31644e-07 
0.622 	 -4.21031e-05 	 -4.23326e-05 	 2.29490e-07 
0.620 	 -4.21657e-05 	 -4.23930e-05 	 2.27362e-07 
0.618 	 -4.22279e-05 	 -4.24532e-05 	 2.25261e-07 
0.616 	 -4.22899e-05 	 -4.25131e-05 	 2.23186e-07 
0.615 	 -4.23517e-05 	 -4.25728e-05 	 2.21137e-07 
0.613 	 -4.24131e-05 	 -4.26322e-05 	 2.19112e-07 
0.611 	 -4.24743e-05 	 -4.26914e-05 	 2.17113e-07 
0.610 	 -4.25352e-05 	 -4.27504e-05 	 2.15138e-07 
0.608 	 -4.25959e-05 	 -4.28090e-05 	 2.13187e-07 
0.606 	 -4.26562e-05 	 -4.28675e-05 	 2.11260e-07 
0.605 	 -4.27163e-05 	 -4.29257e-05 	 2.09356e-07 
0.603 	 -4.27762e-05 	 -4.29837e-05 	 2.07475e-07 
0.602 	 -4.28358e-05 	 -4.30414e-05 	 2.05617e-07 
0.600 	 -4.28951e-05 	 -4.30989e-05 	 2.03781e-07 
