Energy [eV] Ext Cross [um^2] Abs Cross [um^2] Sca Cross [um^2] 
3.000 	 1.28100e-03 	 1.26827e-03 	 1.27332e-05 
2.960 	 1.70937e-03 	 1.66638e-03 	 4.29922e-05 
2.922 	 2.37865e-03 	 2.26406e-03 	 1.14583e-04 
2.884 	 3.51694e-03 	 3.24656e-03 	 2.70377e-04 
2.848 	 5.55167e-03 	 4.94814e-03 	 6.03530e-04 
2.812 	 9.60408e-03 	 8.23414e-03 	 1.36994e-03 
2.777 	 1.85889e-02 	 1.53104e-02 	 3.27843e-03 
2.743 	 3.82195e-02 	 3.02544e-02 	 7.96504e-03 
2.710 	 5.55677e-02 	 4.24263e-02 	 1.31414e-02 
2.678 	 3.83727e-02 	 2.81303e-02 	 1.02424e-02 
2.646 	 2.06728e-02 	 1.44455e-02 	 6.22726e-03 
2.615 	 1.20939e-02 	 8.08012e-03 	 4.01376e-03 
2.585 	 7.87264e-03 	 5.04135e-03 	 2.83129e-03 
2.556 	 5.56182e-03 	 3.41969e-03 	 2.14213e-03 
2.527 	 4.17157e-03 	 2.46647e-03 	 1.70510e-03 
2.499 	 3.27079e-03 	 1.86229e-03 	 1.40850e-03 
2.471 	 2.65256e-03 	 1.45639e-03 	 1.19617e-03 
2.444 	 2.20835e-03 	 1.17075e-03 	 1.03760e-03 
2.418 	 1.87721e-03 	 9.62113e-04 	 9.15096e-04 
2.392 	 1.62291e-03 	 8.05117e-04 	 8.17794e-04 
2.367 	 1.42268e-03 	 6.83958e-04 	 7.38719e-04 
2.342 	 1.26163e-03 	 5.88422e-04 	 6.73207e-04 
2.318 	 1.12975e-03 	 5.11710e-04 	 6.18042e-04 
2.294 	 1.02008e-03 	 4.49136e-04 	 5.70939e-04 
2.271 	 9.27591e-04 	 3.97364e-04 	 5.30227e-04 
2.248 	 8.48687e-04 	 3.54021e-04 	 4.94666e-04 
2.226 	 7.80685e-04 	 3.17364e-04 	 4.63321e-04 
2.204 	 7.21547e-04 	 2.86082e-04 	 4.35466e-04 
2.182 	 6.69748e-04 	 2.59214e-04 	 4.10534e-04 
2.161 	 6.24155e-04 	 2.36070e-04 	 3.88086e-04 
2.141 	 5.83733e-04 	 2.15949e-04 	 3.67784e-04 
2.121 	 5.47017e-04 	 1.97701e-04 	 3.49316e-04 
2.101 	 5.13511e-04 	 1.81127e-04 	 3.32384e-04 
2.081 	 4.83262e-04 	 1.66453e-04 	 3.16809e-04 
2.062 	 4.55861e-04 	 1.53416e-04 	 3.02445e-04 
2.043 	 4.30888e-04 	 1.41733e-04 	 2.89155e-04 
2.025 	 4.08011e-04 	 1.31190e-04 	 2.76821e-04 
2.007 	 3.86964e-04 	 1.21625e-04 	 2.65339e-04 
1.989 	 3.67529e-04 	 1.12906e-04 	 2.54623e-04 
1.971 	 3.49524e-04 	 1.04926e-04 	 2.44597e-04 
1.954 	 3.32794e-04 	 9.75978e-05 	 2.35196e-04 
1.937 	 3.17205e-04 	 9.08425e-05 	 2.26362e-04 
1.921 	 3.02640e-04 	 8.45942e-05 	 2.18045e-04 
1.904 	 2.88999e-04 	 7.87975e-05 	 2.10201e-04 
1.888 	 2.76196e-04 	 7.34052e-05 	 2.02790e-04 
1.873 	 2.64154e-04 	 6.83752e-05 	 1.95779e-04 
1.857 	 2.52805e-04 	 6.36705e-05 	 1.89135e-04 
1.842 	 2.42090e-04 	 5.92588e-05 	 1.82831e-04 
1.827 	 2.31954e-04 	 5.51118e-05 	 1.76842e-04 
1.812 	 2.22351e-04 	 5.12048e-05 	 1.71146e-04 
1.798 	 2.13238e-04 	 4.75161e-05 	 1.65722e-04 
1.783 	 2.04579e-04 	 4.40262e-05 	 1.60552e-04 
1.769 	 1.96338e-04 	 4.07179e-05 	 1.55620e-04 
1.755 	 1.88484e-04 	 3.75755e-05 	 1.50909e-04 
1.742 	 1.80991e-04 	 3.45853e-05 	 1.46406e-04 
1.728 	 1.73833e-04 	 3.17349e-05 	 1.42099e-04 
1.715 	 1.66988e-04 	 2.90136e-05 	 1.37975e-04 
1.702 	 1.60436e-04 	 2.64119e-05 	 1.34024e-04 
1.689 	 1.54158e-04 	 2.39215e-05 	 1.30237e-04 
1.677 	 1.48140e-04 	 2.15357e-05 	 1.26604e-04 
1.664 	 1.42368e-04 	 1.92495e-05 	 1.23119e-04 
1.652 	 1.36834e-04 	 1.70603e-05 	 1.19774e-04 
1.640 	 1.31531e-04 	 1.49681e-05 	 1.16563e-04 
1.628 	 1.26456e-04 	 1.29741e-05 	 1.13482e-04 
1.616 	 1.21594e-04 	 1.10719e-05 	 1.10522e-04 
1.605 	 1.16903e-04 	 9.23254e-06 	 1.07671e-04 
1.593 	 1.12322e-04 	 7.41074e-06 	 1.04911e-04 
1.582 	 1.07826e-04 	 5.58971e-06 	 1.02237e-04 
1.571 	 1.03440e-04 	 3.78991e-06 	 9.96500e-05 
1.560 	 9.91869e-05 	 2.03325e-06 	 9.71537e-05 
1.549 	 9.50743e-05 	 3.28009e-07 	 9.47463e-05 
1.539 	 9.10979e-05 	 -1.32625e-06 	 9.24242e-05 
1.528 	 8.72503e-05 	 -2.93298e-06 	 9.01833e-05 
1.518 	 8.35233e-05 	 -4.49609e-06 	 8.80194e-05 
1.508 	 7.99096e-05 	 -6.01923e-06 	 8.59289e-05 
1.497 	 7.64026e-05 	 -7.50559e-06 	 8.39082e-05 
1.488 	 7.29963e-05 	 -8.95793e-06 	 8.19542e-05 
1.478 	 6.96853e-05 	 -1.03787e-05 	 8.00640e-05 
1.468 	 6.64646e-05 	 -1.17701e-05 	 7.82347e-05 
1.459 	 6.33298e-05 	 -1.31339e-05 	 7.64637e-05 
1.449 	 6.02765e-05 	 -1.44721e-05 	 7.47487e-05 
1.440 	 5.73009e-05 	 -1.57863e-05 	 7.30871e-05 
1.431 	 5.43991e-05 	 -1.70779e-05 	 7.14770e-05 
1.422 	 5.15676e-05 	 -1.83484e-05 	 6.99160e-05 
1.413 	 4.88033e-05 	 -1.95991e-05 	 6.84023e-05 
1.404 	 4.61028e-05 	 -2.08312e-05 	 6.69340e-05 
1.395 	 4.34635e-05 	 -2.20458e-05 	 6.55093e-05 
1.386 	 4.08826e-05 	 -2.32438e-05 	 6.41265e-05 
1.378 	 3.83577e-05 	 -2.44263e-05 	 6.27840e-05 
1.369 	 3.58864e-05 	 -2.55939e-05 	 6.14803e-05 
1.361 	 3.34666e-05 	 -2.67474e-05 	 6.02140e-05 
1.353 	 3.10961e-05 	 -2.78877e-05 	 5.89838e-05 
1.345 	 2.87731e-05 	 -2.90152e-05 	 5.77883e-05 
1.337 	 2.64956e-05 	 -3.01308e-05 	 5.66264e-05 
1.329 	 2.42618e-05 	 -3.12350e-05 	 5.54968e-05 
1.321 	 2.20701e-05 	 -3.23285e-05 	 5.43985e-05 
1.313 	 1.99187e-05 	 -3.34117e-05 	 5.33303e-05 
1.306 	 1.78061e-05 	 -3.44852e-05 	 5.22913e-05 
1.298 	 1.57308e-05 	 -3.55495e-05 	 5.12803e-05 
1.291 	 1.36913e-05 	 -3.66052e-05 	 5.02965e-05 
1.283 	 1.16862e-05 	 -3.76527e-05 	 4.93389e-05 
1.276 	 9.71420e-06 	 -3.86924e-05 	 4.84066e-05 
1.269 	 7.77405e-06 	 -3.97249e-05 	 4.74989e-05 
1.262 	 5.86450e-06 	 -4.07504e-05 	 4.66149e-05 
1.255 	 3.98439e-06 	 -4.17693e-05 	 4.57537e-05 
1.248 	 2.13262e-06 	 -4.27821e-05 	 4.49148e-05 
1.241 	 3.08118e-07 	 -4.37891e-05 	 4.40972e-05 
1.234 	 -1.49013e-06 	 -4.47906e-05 	 4.33005e-05 
1.227 	 -3.26311e-06 	 -4.57869e-05 	 4.25238e-05 
1.220 	 -5.01174e-06 	 -4.67783e-05 	 4.17666e-05 
1.214 	 -6.73694e-06 	 -4.77651e-05 	 4.10282e-05 
1.207 	 -8.43956e-06 	 -4.87476e-05 	 4.03081e-05 
1.201 	 -1.01204e-05 	 -4.97261e-05 	 3.96056e-05 
1.194 	 -1.17804e-05 	 -5.07007e-05 	 3.89203e-05 
1.188 	 -1.34201e-05 	 -5.16718e-05 	 3.82517e-05 
1.182 	 -1.50404e-05 	 -5.26395e-05 	 3.75991e-05 
1.176 	 -1.66419e-05 	 -5.36040e-05 	 3.69621e-05 
1.169 	 -1.82254e-05 	 -5.45657e-05 	 3.63403e-05 
1.163 	 -1.97914e-05 	 -5.55246e-05 	 3.57333e-05 
1.157 	 -2.13406e-05 	 -5.64810e-05 	 3.51404e-05 
1.151 	 -2.28736e-05 	 -5.74350e-05 	 3.45614e-05 
1.146 	 -2.43910e-05 	 -5.83869e-05 	 3.39959e-05 
1.140 	 -2.58933e-05 	 -5.93368e-05 	 3.34434e-05 
1.134 	 -2.73812e-05 	 -6.02848e-05 	 3.29036e-05 
1.128 	 -2.88550e-05 	 -6.12311e-05 	 3.23761e-05 
1.123 	 -3.03154e-05 	 -6.21759e-05 	 3.18605e-05 
1.117 	 -3.17627e-05 	 -6.31193e-05 	 3.13566e-05 
1.112 	 -3.31975e-05 	 -6.40614e-05 	 3.08640e-05 
1.106 	 -3.46201e-05 	 -6.50025e-05 	 3.03823e-05 
1.101 	 -3.60311e-05 	 -6.59424e-05 	 2.99113e-05 
1.095 	 -3.74309e-05 	 -6.68816e-05 	 2.94507e-05 
1.090 	 -3.88197e-05 	 -6.78199e-05 	 2.90001e-05 
1.085 	 -4.01982e-05 	 -6.87576e-05 	 2.85594e-05 
1.079 	 -4.15665e-05 	 -6.96947e-05 	 2.81282e-05 
1.074 	 -4.29251e-05 	 -7.06314e-05 	 2.77063e-05 
1.069 	 -4.42743e-05 	 -7.15677e-05 	 2.72934e-05 
1.064 	 -4.56145e-05 	 -7.25038e-05 	 2.68893e-05 
1.059 	 -4.69460e-05 	 -7.34398e-05 	 2.64938e-05 
1.054 	 -4.82691e-05 	 -7.43757e-05 	 2.61066e-05 
1.049 	 -4.95841e-05 	 -7.53116e-05 	 2.57275e-05 
1.044 	 -5.08913e-05 	 -7.62477e-05 	 2.53563e-05 
1.039 	 -5.21911e-05 	 -7.71839e-05 	 2.49928e-05 
1.035 	 -5.34836e-05 	 -7.81204e-05 	 2.46368e-05 
1.030 	 -5.47692e-05 	 -7.90573e-05 	 2.42881e-05 
1.025 	 -5.60481e-05 	 -7.99946e-05 	 2.39465e-05 
1.020 	 -5.73205e-05 	 -8.09324e-05 	 2.36119e-05 
1.016 	 -5.85868e-05 	 -8.18707e-05 	 2.32840e-05 
1.011 	 -5.98471e-05 	 -8.28097e-05 	 2.29626e-05 
1.007 	 -6.11017e-05 	 -8.37494e-05 	 2.26477e-05 
1.002 	 -6.23508e-05 	 -8.46898e-05 	 2.23390e-05 
0.998 	 -6.35946e-05 	 -8.56310e-05 	 2.20365e-05 
0.993 	 -6.48333e-05 	 -8.65732e-05 	 2.17399e-05 
0.989 	 -6.60671e-05 	 -8.75162e-05 	 2.14491e-05 
0.985 	 -6.72963e-05 	 -8.84602e-05 	 2.11639e-05 
0.980 	 -6.85210e-05 	 -8.94053e-05 	 2.08843e-05 
0.976 	 -6.97414e-05 	 -9.03515e-05 	 2.06101e-05 
0.972 	 -7.09577e-05 	 -9.12987e-05 	 2.03411e-05 
0.968 	 -7.21700e-05 	 -9.22472e-05 	 2.00772e-05 
0.963 	 -7.33785e-05 	 -9.31969e-05 	 1.98184e-05 
0.959 	 -7.45834e-05 	 -9.41479e-05 	 1.95645e-05 
0.955 	 -7.57849e-05 	 -9.51002e-05 	 1.93153e-05 
0.951 	 -7.69831e-05 	 -9.60538e-05 	 1.90708e-05 
0.947 	 -7.81781e-05 	 -9.70089e-05 	 1.88308e-05 
0.943 	 -7.93701e-05 	 -9.79654e-05 	 1.85953e-05 
0.939 	 -8.05592e-05 	 -9.89233e-05 	 1.83641e-05 
0.935 	 -8.17456e-05 	 -9.98828e-05 	 1.81372e-05 
0.931 	 -8.29295e-05 	 -1.00844e-04 	 1.79144e-05 
0.928 	 -8.41108e-05 	 -1.01806e-04 	 1.76956e-05 
0.924 	 -8.52899e-05 	 -1.02771e-04 	 1.74808e-05 
0.920 	 -8.64667e-05 	 -1.03737e-04 	 1.72699e-05 
0.916 	 -8.76414e-05 	 -1.04704e-04 	 1.70628e-05 
0.913 	 -8.88142e-05 	 -1.05674e-04 	 1.68593e-05 
0.909 	 -8.99851e-05 	 -1.06645e-04 	 1.66595e-05 
0.905 	 -9.11543e-05 	 -1.07617e-04 	 1.64632e-05 
0.902 	 -9.23218e-05 	 -1.08592e-04 	 1.62703e-05 
0.898 	 -9.34877e-05 	 -1.09569e-04 	 1.60808e-05 
0.894 	 -9.46522e-05 	 -1.10547e-04 	 1.58946e-05 
0.891 	 -9.58154e-05 	 -1.11527e-04 	 1.57117e-05 
0.887 	 -9.69773e-05 	 -1.12509e-04 	 1.55318e-05 
0.884 	 -9.81380e-05 	 -1.13493e-04 	 1.53551e-05 
0.880 	 -9.92977e-05 	 -1.14479e-04 	 1.51814e-05 
0.877 	 -1.00456e-04 	 -1.15467e-04 	 1.50107e-05 
0.873 	 -1.01614e-04 	 -1.16457e-04 	 1.48428e-05 
0.870 	 -1.02771e-04 	 -1.17449e-04 	 1.46778e-05 
0.867 	 -1.03927e-04 	 -1.18443e-04 	 1.45156e-05 
0.863 	 -1.05083e-04 	 -1.19439e-04 	 1.43560e-05 
0.860 	 -1.06238e-04 	 -1.20437e-04 	 1.41992e-05 
0.857 	 -1.07393e-04 	 -1.21438e-04 	 1.40449e-05 
0.853 	 -1.08547e-04 	 -1.22440e-04 	 1.38931e-05 
0.850 	 -1.09701e-04 	 -1.23445e-04 	 1.37439e-05 
0.847 	 -1.10855e-04 	 -1.24452e-04 	 1.35971e-05 
0.844 	 -1.12008e-04 	 -1.25461e-04 	 1.34527e-05 
0.841 	 -1.13162e-04 	 -1.26472e-04 	 1.33106e-05 
0.838 	 -1.14315e-04 	 -1.27486e-04 	 1.31709e-05 
0.834 	 -1.15468e-04 	 -1.28502e-04 	 1.30333e-05 
0.831 	 -1.16622e-04 	 -1.29520e-04 	 1.28980e-05 
0.828 	 -1.17775e-04 	 -1.30540e-04 	 1.27648e-05 
0.825 	 -1.18929e-04 	 -1.31563e-04 	 1.26338e-05 
0.822 	 -1.20083e-04 	 -1.32588e-04 	 1.25048e-05 
0.819 	 -1.21237e-04 	 -1.33615e-04 	 1.23778e-05 
0.816 	 -1.22392e-04 	 -1.34645e-04 	 1.22528e-05 
0.813 	 -1.23547e-04 	 -1.35677e-04 	 1.21298e-05 
0.810 	 -1.24702e-04 	 -1.36711e-04 	 1.20087e-05 
0.807 	 -1.25858e-04 	 -1.37747e-04 	 1.18894e-05 
0.804 	 -1.27014e-04 	 -1.38786e-04 	 1.17720e-05 
0.802 	 -1.28171e-04 	 -1.39827e-04 	 1.16564e-05 
0.799 	 -1.29328e-04 	 -1.40871e-04 	 1.15425e-05 
0.796 	 -1.30487e-04 	 -1.41917e-04 	 1.14304e-05 
0.793 	 -1.31646e-04 	 -1.42966e-04 	 1.13200e-05 
0.790 	 -1.32805e-04 	 -1.44016e-04 	 1.12112e-05 
0.788 	 -1.33966e-04 	 -1.45070e-04 	 1.11041e-05 
0.785 	 -1.35127e-04 	 -1.46126e-04 	 1.09985e-05 
0.782 	 -1.36290e-04 	 -1.47184e-04 	 1.08946e-05 
0.779 	 -1.37453e-04 	 -1.48245e-04 	 1.07921e-05 
0.777 	 -1.38617e-04 	 -1.49308e-04 	 1.06912e-05 
0.774 	 -1.39783e-04 	 -1.50374e-04 	 1.05918e-05 
0.771 	 -1.40949e-04 	 -1.51443e-04 	 1.04939e-05 
0.769 	 -1.42117e-04 	 -1.52514e-04 	 1.03973e-05 
0.766 	 -1.43285e-04 	 -1.53587e-04 	 1.03022e-05 
0.763 	 -1.44455e-04 	 -1.54664e-04 	 1.02084e-05 
0.761 	 -1.45626e-04 	 -1.55742e-04 	 1.01160e-05 
0.758 	 -1.46799e-04 	 -1.56823e-04 	 1.00250e-05 
0.756 	 -1.47972e-04 	 -1.57907e-04 	 9.93519e-06 
0.753 	 -1.49147e-04 	 -1.58994e-04 	 9.84669e-06 
0.751 	 -1.50323e-04 	 -1.60083e-04 	 9.75945e-06 
0.748 	 -1.51501e-04 	 -1.61174e-04 	 9.67344e-06 
0.746 	 -1.52680e-04 	 -1.62268e-04 	 9.58863e-06 
0.743 	 -1.53860e-04 	 -1.63365e-04 	 9.50502e-06 
0.741 	 -1.55042e-04 	 -1.64464e-04 	 9.42257e-06 
0.738 	 -1.56225e-04 	 -1.65566e-04 	 9.34126e-06 
0.736 	 -1.57409e-04 	 -1.66671e-04 	 9.26108e-06 
0.733 	 -1.58596e-04 	 -1.67778e-04 	 9.18201e-06 
0.731 	 -1.59783e-04 	 -1.68887e-04 	 9.10402e-06 
0.729 	 -1.60973e-04 	 -1.70000e-04 	 9.02710e-06 
0.726 	 -1.62163e-04 	 -1.71115e-04 	 8.95123e-06 
0.724 	 -1.63356e-04 	 -1.72232e-04 	 8.87639e-06 
0.722 	 -1.64550e-04 	 -1.73353e-04 	 8.80256e-06 
0.719 	 -1.65746e-04 	 -1.74476e-04 	 8.72972e-06 
0.717 	 -1.66944e-04 	 -1.75601e-04 	 8.65786e-06 
0.715 	 -1.68143e-04 	 -1.76730e-04 	 8.58697e-06 
0.712 	 -1.69344e-04 	 -1.77861e-04 	 8.51702e-06 
0.710 	 -1.70547e-04 	 -1.78995e-04 	 8.44800e-06 
0.708 	 -1.71751e-04 	 -1.80131e-04 	 8.37989e-06 
0.706 	 -1.72958e-04 	 -1.81270e-04 	 8.31268e-06 
0.704 	 -1.74166e-04 	 -1.82412e-04 	 8.24635e-06 
0.701 	 -1.75376e-04 	 -1.83557e-04 	 8.18089e-06 
0.699 	 -1.76588e-04 	 -1.84704e-04 	 8.11628e-06 
0.697 	 -1.77802e-04 	 -1.85854e-04 	 8.05251e-06 
0.695 	 -1.79017e-04 	 -1.87007e-04 	 7.98957e-06 
0.693 	 -1.80235e-04 	 -1.88163e-04 	 7.92744e-06 
0.691 	 -1.81455e-04 	 -1.89321e-04 	 7.86610e-06 
0.688 	 -1.82676e-04 	 -1.90482e-04 	 7.80555e-06 
0.686 	 -1.83900e-04 	 -1.91646e-04 	 7.74577e-06 
0.684 	 -1.85125e-04 	 -1.92812e-04 	 7.68675e-06 
0.682 	 -1.86353e-04 	 -1.93981e-04 	 7.62847e-06 
0.680 	 -1.87582e-04 	 -1.95153e-04 	 7.57093e-06 
0.678 	 -1.88814e-04 	 -1.96328e-04 	 7.51411e-06 
0.676 	 -1.90048e-04 	 -1.97506e-04 	 7.45800e-06 
0.674 	 -1.91283e-04 	 -1.98686e-04 	 7.40259e-06 
0.672 	 -1.92521e-04 	 -1.99869e-04 	 7.34787e-06 
0.670 	 -1.93761e-04 	 -2.01055e-04 	 7.29382e-06 
0.668 	 -1.95003e-04 	 -2.02243e-04 	 7.24044e-06 
0.666 	 -1.96247e-04 	 -2.03435e-04 	 7.18772e-06 
0.664 	 -1.97493e-04 	 -2.04629e-04 	 7.13564e-06 
0.662 	 -1.98741e-04 	 -2.05826e-04 	 7.08419e-06 
0.660 	 -1.99992e-04 	 -2.07025e-04 	 7.03337e-06 
0.658 	 -2.01244e-04 	 -2.08228e-04 	 6.98316e-06 
0.656 	 -2.02499e-04 	 -2.09433e-04 	 6.93356e-06 
0.654 	 -2.03756e-04 	 -2.10641e-04 	 6.88456e-06 
0.652 	 -2.05015e-04 	 -2.11851e-04 	 6.83614e-06 
0.650 	 -2.06277e-04 	 -2.13065e-04 	 6.78830e-06 
0.649 	 -2.07540e-04 	 -2.14281e-04 	 6.74103e-06 
0.647 	 -2.08806e-04 	 -2.15500e-04 	 6.69431e-06 
0.645 	 -2.10074e-04 	 -2.16722e-04 	 6.64815e-06 
0.643 	 -2.11344e-04 	 -2.17947e-04 	 6.60253e-06 
0.641 	 -2.12617e-04 	 -2.19174e-04 	 6.55745e-06 
0.639 	 -2.13891e-04 	 -2.20404e-04 	 6.51289e-06 
0.638 	 -2.15169e-04 	 -2.21637e-04 	 6.46885e-06 
0.636 	 -2.16448e-04 	 -2.22873e-04 	 6.42532e-06 
0.634 	 -2.17729e-04 	 -2.24112e-04 	 6.38229e-06 
0.632 	 -2.19013e-04 	 -2.25353e-04 	 6.33976e-06 
0.630 	 -2.20300e-04 	 -2.26597e-04 	 6.29772e-06 
0.629 	 -2.21588e-04 	 -2.27844e-04 	 6.25615e-06 
0.627 	 -2.22879e-04 	 -2.29094e-04 	 6.21507e-06 
0.625 	 -2.24172e-04 	 -2.30347e-04 	 6.17444e-06 
0.623 	 -2.25468e-04 	 -2.31602e-04 	 6.13428e-06 
0.622 	 -2.26766e-04 	 -2.32861e-04 	 6.09457e-06 
0.620 	 -2.28066e-04 	 -2.34122e-04 	 6.05531e-06 
0.618 	 -2.29369e-04 	 -2.35386e-04 	 6.01649e-06 
0.616 	 -2.30674e-04 	 -2.36652e-04 	 5.97810e-06 
0.615 	 -2.31982e-04 	 -2.37922e-04 	 5.94014e-06 
0.613 	 -2.33292e-04 	 -2.39194e-04 	 5.90260e-06 
0.611 	 -2.34604e-04 	 -2.40470e-04 	 5.86548e-06 
0.610 	 -2.35919e-04 	 -2.41748e-04 	 5.82877e-06 
0.608 	 -2.37236e-04 	 -2.43028e-04 	 5.79246e-06 
0.606 	 -2.38556e-04 	 -2.44312e-04 	 5.75654e-06 
0.605 	 -2.39878e-04 	 -2.45599e-04 	 5.72102e-06 
0.603 	 -2.41202e-04 	 -2.46888e-04 	 5.68589e-06 
0.602 	 -2.42529e-04 	 -2.48181e-04 	 5.65114e-06 
0.600 	 -2.43859e-04 	 -2.49476e-04 	 5.61676e-06 
