Energy [eV] Ext Cross [um^2] Abs Cross [um^2] Sca Cross [um^2] 
3.000 	 2.56603e-04 	 2.55192e-04 	 1.41074e-06 
2.960 	 2.66244e-04 	 2.62600e-04 	 3.64377e-06 
2.922 	 2.76573e-04 	 2.69358e-04 	 7.21535e-06 
2.884 	 2.89006e-04 	 2.76942e-04 	 1.20642e-05 
2.848 	 3.02296e-04 	 2.84310e-04 	 1.79853e-05 
2.812 	 3.16322e-04 	 2.91366e-04 	 2.49561e-05 
2.777 	 3.32395e-04 	 2.99555e-04 	 3.28401e-05 
2.743 	 3.49942e-04 	 3.08349e-04 	 4.15933e-05 
2.710 	 3.68203e-04 	 3.17008e-04 	 5.11949e-05 
2.678 	 3.86784e-04 	 3.25337e-04 	 6.14470e-05 
2.646 	 4.06721e-04 	 3.34383e-04 	 7.23385e-05 
2.615 	 4.27780e-04 	 3.43936e-04 	 8.38446e-05 
2.585 	 4.49842e-04 	 3.53917e-04 	 9.59242e-05 
2.556 	 4.72834e-04 	 3.64291e-04 	 1.08542e-04 
2.527 	 4.96718e-04 	 3.75052e-04 	 1.21667e-04 
2.499 	 5.21478e-04 	 3.86210e-04 	 1.35269e-04 
2.471 	 5.47108e-04 	 3.97785e-04 	 1.49323e-04 
2.444 	 5.73611e-04 	 4.09799e-04 	 1.63812e-04 
2.418 	 6.00922e-04 	 4.22207e-04 	 1.78715e-04 
2.392 	 6.28904e-04 	 4.34879e-04 	 1.94025e-04 
2.367 	 6.57770e-04 	 4.48031e-04 	 2.09739e-04 
2.342 	 6.87568e-04 	 4.61721e-04 	 2.25847e-04 
2.318 	 7.18353e-04 	 4.76011e-04 	 2.42342e-04 
2.294 	 7.50279e-04 	 4.91063e-04 	 2.59216e-04 
2.271 	 7.83266e-04 	 5.06821e-04 	 2.76445e-04 
2.248 	 8.16240e-04 	 5.22209e-04 	 2.94031e-04 
2.226 	 8.49688e-04 	 5.37646e-04 	 3.12042e-04 
2.204 	 8.84343e-04 	 5.53871e-04 	 3.30472e-04 
2.182 	 9.20142e-04 	 5.70827e-04 	 3.49315e-04 
2.161 	 9.57004e-04 	 5.88425e-04 	 3.68579e-04 
2.141 	 9.94902e-04 	 6.06623e-04 	 3.88279e-04 
2.121 	 1.03382e-03 	 6.25390e-04 	 4.08434e-04 
2.101 	 1.07376e-03 	 6.44691e-04 	 4.29064e-04 
2.081 	 1.11467e-03 	 6.64467e-04 	 4.50198e-04 
2.062 	 1.15647e-03 	 6.84603e-04 	 4.71869e-04 
2.043 	 1.19900e-03 	 7.04883e-04 	 4.94118e-04 
2.025 	 1.24189e-03 	 7.24896e-04 	 5.16989e-04 
2.007 	 1.28437e-03 	 7.43853e-04 	 5.40512e-04 
1.989 	 1.32500e-03 	 7.60391e-04 	 5.64608e-04 
1.971 	 1.36209e-03 	 7.73358e-04 	 5.88735e-04 
1.954 	 1.39955e-03 	 7.88121e-04 	 6.11432e-04 
1.937 	 1.45352e-03 	 8.20788e-04 	 6.32729e-04 
1.921 	 1.52296e-03 	 8.66788e-04 	 6.56175e-04 
1.904 	 1.59247e-03 	 9.10145e-04 	 6.82326e-04 
1.888 	 1.65910e-03 	 9.49131e-04 	 7.09967e-04 
1.873 	 1.72467e-03 	 9.86125e-04 	 7.38543e-04 
1.857 	 1.79069e-03 	 1.02276e-03 	 7.67927e-04 
1.842 	 1.85805e-03 	 1.05992e-03 	 7.98130e-04 
1.827 	 1.92727e-03 	 1.09807e-03 	 8.29202e-04 
1.812 	 1.99870e-03 	 1.13750e-03 	 8.61203e-04 
1.798 	 2.07261e-03 	 1.17842e-03 	 8.94194e-04 
1.783 	 2.14922e-03 	 1.22098e-03 	 9.28238e-04 
1.769 	 2.22874e-03 	 1.26534e-03 	 9.63402e-04 
1.755 	 2.31137e-03 	 1.31161e-03 	 9.99761e-04 
1.742 	 2.39731e-03 	 1.35992e-03 	 1.03739e-03 
1.728 	 2.48678e-03 	 1.41041e-03 	 1.07636e-03 
1.715 	 2.57999e-03 	 1.46322e-03 	 1.11677e-03 
1.702 	 2.67718e-03 	 1.51848e-03 	 1.15869e-03 
1.689 	 2.77859e-03 	 1.57636e-03 	 1.20223e-03 
1.677 	 2.88449e-03 	 1.63700e-03 	 1.24748e-03 
1.664 	 2.99516e-03 	 1.70060e-03 	 1.29456e-03 
1.652 	 3.11093e-03 	 1.76735e-03 	 1.34358e-03 
1.640 	 3.23212e-03 	 1.83745e-03 	 1.39467e-03 
1.628 	 3.35908e-03 	 1.91112e-03 	 1.44796e-03 
1.616 	 3.49219e-03 	 1.98859e-03 	 1.50360e-03 
1.605 	 3.63185e-03 	 2.07011e-03 	 1.56174e-03 
1.593 	 3.77852e-03 	 2.15596e-03 	 1.62256e-03 
1.582 	 3.93269e-03 	 2.24644e-03 	 1.68624e-03 
1.571 	 4.09488e-03 	 2.34189e-03 	 1.75300e-03 
1.560 	 4.26568e-03 	 2.44265e-03 	 1.82303e-03 
1.549 	 4.44571e-03 	 2.54911e-03 	 1.89659e-03 
1.539 	 4.63563e-03 	 2.66171e-03 	 1.97393e-03 
1.528 	 4.83621e-03 	 2.78088e-03 	 2.05533e-03 
1.518 	 5.04825e-03 	 2.90716e-03 	 2.14109e-03 
1.508 	 5.27265e-03 	 3.04108e-03 	 2.23157e-03 
1.497 	 5.51038e-03 	 3.18326e-03 	 2.32712e-03 
1.488 	 5.76251e-03 	 3.33436e-03 	 2.42815e-03 
1.478 	 6.03023e-03 	 3.49513e-03 	 2.53511e-03 
1.468 	 6.31485e-03 	 3.66636e-03 	 2.64848e-03 
1.459 	 6.61779e-03 	 3.84897e-03 	 2.76882e-03 
1.449 	 6.94066e-03 	 4.04394e-03 	 2.89672e-03 
1.440 	 7.28522e-03 	 4.25238e-03 	 3.03283e-03 
1.431 	 7.65343e-03 	 4.47552e-03 	 3.17791e-03 
1.422 	 8.04748e-03 	 4.71472e-03 	 3.33276e-03 
1.413 	 8.46982e-03 	 4.97151e-03 	 3.49831e-03 
1.404 	 8.92318e-03 	 5.24760e-03 	 3.67558e-03 
1.395 	 9.41061e-03 	 5.54490e-03 	 3.86571e-03 
1.386 	 9.93555e-03 	 5.86557e-03 	 4.06998e-03 
1.378 	 1.05019e-02 	 6.21203e-03 	 4.28983e-03 
1.369 	 1.11139e-02 	 6.58701e-03 	 4.52689e-03 
1.361 	 1.17766e-02 	 6.99362e-03 	 4.78298e-03 
1.353 	 1.24956e-02 	 7.43538e-03 	 5.06020e-03 
1.345 	 1.32772e-02 	 7.91630e-03 	 5.36092e-03 
1.337 	 1.41288e-02 	 8.44095e-03 	 5.68784e-03 
1.329 	 1.50586e-02 	 9.01459e-03 	 6.04404e-03 
1.321 	 1.60763e-02 	 9.64323e-03 	 6.43306e-03 
1.313 	 1.71928e-02 	 1.03338e-02 	 6.85897e-03 
1.306 	 1.84208e-02 	 1.10943e-02 	 7.32646e-03 
1.298 	 1.97751e-02 	 1.19341e-02 	 7.84096e-03 
1.291 	 2.12727e-02 	 1.28639e-02 	 8.40876e-03 
1.283 	 2.29336e-02 	 1.38964e-02 	 9.03720e-03 
1.276 	 2.47812e-02 	 1.50463e-02 	 9.73486e-03 
1.269 	 2.68427e-02 	 1.63310e-02 	 1.05118e-02 
1.262 	 2.91504e-02 	 1.77707e-02 	 1.13797e-02 
1.255 	 3.17422e-02 	 1.93897e-02 	 1.23525e-02 
1.248 	 3.46628e-02 	 2.12162e-02 	 1.34466e-02 
1.241 	 3.79651e-02 	 2.32840e-02 	 1.46812e-02 
1.234 	 4.17117e-02 	 2.56328e-02 	 1.60789e-02 
1.227 	 4.59764e-02 	 2.83097e-02 	 1.76668e-02 
1.220 	 5.08462e-02 	 3.13701e-02 	 1.94760e-02 
1.214 	 5.64226e-02 	 3.48791e-02 	 2.15435e-02 
1.207 	 6.28232e-02 	 3.89119e-02 	 2.39112e-02 
1.201 	 7.01811e-02 	 4.35541e-02 	 2.66270e-02 
1.194 	 7.86431e-02 	 4.89003e-02 	 2.97429e-02 
1.188 	 8.83622e-02 	 5.50495e-02 	 3.33127e-02 
1.182 	 9.94832e-02 	 6.20966e-02 	 3.73866e-02 
1.176 	 1.12116e-01 	 7.01153e-02 	 4.20010e-02 
1.169 	 1.26292e-01 	 7.91296e-02 	 4.71620e-02 
1.163 	 1.41891e-01 	 8.90708e-02 	 5.28206e-02 
1.157 	 1.58559e-01 	 9.97194e-02 	 5.88398e-02 
1.151 	 1.75599e-01 	 1.10640e-01 	 6.49588e-02 
1.146 	 1.91907e-01 	 1.21138e-01 	 7.07698e-02 
1.140 	 2.06008e-01 	 1.30275e-01 	 7.57328e-02 
1.134 	 2.16258e-01 	 1.37004e-01 	 7.92542e-02 
1.128 	 2.21243e-01 	 1.40413e-01 	 8.08302e-02 
1.123 	 2.20217e-01 	 1.40009e-01 	 8.02073e-02 
1.117 	 2.13369e-01 	 1.35894e-01 	 7.74750e-02 
1.112 	 2.01754e-01 	 1.28720e-01 	 7.30337e-02 
1.106 	 1.86918e-01 	 1.19461e-01 	 6.74578e-02 
1.101 	 1.70462e-01 	 1.09129e-01 	 6.13330e-02 
1.095 	 1.53716e-01 	 9.85749e-02 	 5.51415e-02 
1.090 	 1.37613e-01 	 8.83954e-02 	 4.92172e-02 
1.085 	 1.22701e-01 	 7.89474e-02 	 4.37538e-02 
1.079 	 1.09236e-01 	 7.03989e-02 	 3.88376e-02 
1.074 	 9.72746e-02 	 6.27913e-02 	 3.44833e-02 
1.069 	 8.67544e-02 	 5.60899e-02 	 3.06645e-02 
1.064 	 7.75552e-02 	 5.02214e-02 	 2.73338e-02 
1.059 	 6.95325e-02 	 4.50965e-02 	 2.44360e-02 
1.054 	 6.25401e-02 	 4.06239e-02 	 2.19162e-02 
1.049 	 5.64402e-02 	 3.67173e-02 	 1.97229e-02 
1.044 	 5.11090e-02 	 3.32990e-02 	 1.78100e-02 
1.039 	 4.64378e-02 	 3.03004e-02 	 1.61375e-02 
1.035 	 4.23330e-02 	 2.76623e-02 	 1.46707e-02 
1.030 	 3.87144e-02 	 2.53341e-02 	 1.33802e-02 
1.025 	 3.55137e-02 	 2.32726e-02 	 1.22411e-02 
1.020 	 3.26732e-02 	 2.14411e-02 	 1.12321e-02 
1.016 	 3.01439e-02 	 1.98086e-02 	 1.03353e-02 
1.011 	 2.78842e-02 	 1.83485e-02 	 9.53571e-03 
1.007 	 2.58589e-02 	 1.70385e-02 	 8.82039e-03 
1.002 	 2.40379e-02 	 1.58594e-02 	 8.17846e-03 
0.998 	 2.23956e-02 	 1.47950e-02 	 7.60064e-03 
0.993 	 2.09103e-02 	 1.38312e-02 	 7.07901e-03 
0.989 	 1.95630e-02 	 1.29562e-02 	 6.60678e-03 
0.985 	 1.83377e-02 	 1.21596e-02 	 6.17811e-03 
0.980 	 1.72205e-02 	 1.14325e-02 	 5.78799e-03 
0.976 	 1.61993e-02 	 1.07672e-02 	 5.43206e-03 
0.972 	 1.52636e-02 	 1.01570e-02 	 5.10657e-03 
0.968 	 1.44043e-02 	 9.59608e-03 	 4.80824e-03 
0.963 	 1.36135e-02 	 9.07933e-03 	 4.53421e-03 
0.959 	 1.28843e-02 	 8.60228e-03 	 4.28198e-03 
0.955 	 1.22103e-02 	 8.16100e-03 	 4.04935e-03 
0.951 	 1.15864e-02 	 7.75204e-03 	 3.83439e-03 
0.947 	 1.10077e-02 	 7.37232e-03 	 3.63539e-03 
0.943 	 1.04700e-02 	 7.01914e-03 	 3.45086e-03 
0.939 	 9.96954e-03 	 6.69009e-03 	 3.27945e-03 
0.935 	 9.50299e-03 	 6.38302e-03 	 3.11997e-03 
0.931 	 9.06738e-03 	 6.09601e-03 	 2.97137e-03 
0.928 	 8.66006e-03 	 5.82736e-03 	 2.83270e-03 
0.924 	 8.27862e-03 	 5.57552e-03 	 2.70310e-03 
0.920 	 7.92095e-03 	 5.33912e-03 	 2.58182e-03 
0.916 	 7.58510e-03 	 5.11692e-03 	 2.46819e-03 
0.913 	 7.26935e-03 	 4.90778e-03 	 2.36157e-03 
0.909 	 6.97213e-03 	 4.71071e-03 	 2.26142e-03 
0.905 	 6.69201e-03 	 4.52478e-03 	 2.16723e-03 
0.902 	 6.42771e-03 	 4.34916e-03 	 2.07855e-03 
0.898 	 6.17806e-03 	 4.18310e-03 	 1.99496e-03 
0.894 	 5.94200e-03 	 4.02591e-03 	 1.91609e-03 
0.891 	 5.71855e-03 	 3.87695e-03 	 1.84160e-03 
0.887 	 5.50683e-03 	 3.73566e-03 	 1.77118e-03 
0.884 	 5.30603e-03 	 3.60150e-03 	 1.70453e-03 
0.880 	 5.11541e-03 	 3.47401e-03 	 1.64141e-03 
0.877 	 4.93429e-03 	 3.35273e-03 	 1.58156e-03 
0.873 	 4.76204e-03 	 3.23727e-03 	 1.52478e-03 
0.870 	 4.59809e-03 	 3.12724e-03 	 1.47085e-03 
0.867 	 4.44191e-03 	 3.02231e-03 	 1.41960e-03 
0.863 	 4.29301e-03 	 2.92215e-03 	 1.37086e-03 
0.860 	 4.15094e-03 	 2.82649e-03 	 1.32446e-03 
0.857 	 4.01529e-03 	 2.73503e-03 	 1.28026e-03 
0.853 	 3.88566e-03 	 2.64754e-03 	 1.23812e-03 
0.850 	 3.76171e-03 	 2.56378e-03 	 1.19793e-03 
0.847 	 3.64310e-03 	 2.48353e-03 	 1.15957e-03 
0.844 	 3.52952e-03 	 2.40660e-03 	 1.12292e-03 
0.841 	 3.42070e-03 	 2.33280e-03 	 1.08790e-03 
0.838 	 3.31636e-03 	 2.26196e-03 	 1.05440e-03 
0.834 	 3.21626e-03 	 2.19391e-03 	 1.02235e-03 
0.831 	 3.12017e-03 	 2.12851e-03 	 9.91658e-04 
0.828 	 3.02787e-03 	 2.06562e-03 	 9.62255e-04 
0.825 	 2.93917e-03 	 2.00510e-03 	 9.34072e-04 
0.822 	 2.85387e-03 	 1.94683e-03 	 9.07042e-04 
0.819 	 2.77180e-03 	 1.89070e-03 	 8.81104e-04 
0.816 	 2.69280e-03 	 1.83660e-03 	 8.56203e-04 
0.813 	 2.61671e-03 	 1.78443e-03 	 8.32284e-04 
0.810 	 2.54339e-03 	 1.73409e-03 	 8.09298e-04 
0.807 	 2.47270e-03 	 1.68550e-03 	 7.87198e-04 
0.804 	 2.40451e-03 	 1.63857e-03 	 7.65939e-04 
0.802 	 2.33870e-03 	 1.59322e-03 	 7.45481e-04 
0.799 	 2.27516e-03 	 1.54937e-03 	 7.25785e-04 
0.796 	 2.21378e-03 	 1.50697e-03 	 7.06814e-04 
0.793 	 2.15447e-03 	 1.46593e-03 	 6.88534e-04 
0.790 	 2.09712e-03 	 1.42621e-03 	 6.70912e-04 
0.788 	 2.04165e-03 	 1.38773e-03 	 6.53918e-04 
0.785 	 1.98797e-03 	 1.35045e-03 	 6.37523e-04 
0.782 	 1.93601e-03 	 1.31431e-03 	 6.21700e-04 
0.779 	 1.88568e-03 	 1.27926e-03 	 6.06422e-04 
0.777 	 1.83692e-03 	 1.24526e-03 	 5.91667e-04 
0.774 	 1.78967e-03 	 1.21226e-03 	 5.77411e-04 
0.771 	 1.74385e-03 	 1.18021e-03 	 5.63632e-04 
0.769 	 1.69940e-03 	 1.14909e-03 	 5.50310e-04 
0.766 	 1.65628e-03 	 1.11885e-03 	 5.37425e-04 
0.763 	 1.61442e-03 	 1.08946e-03 	 5.24958e-04 
0.761 	 1.57378e-03 	 1.06088e-03 	 5.12894e-04 
0.758 	 1.53430e-03 	 1.03308e-03 	 5.01214e-04 
0.756 	 1.49594e-03 	 1.00603e-03 	 4.89903e-04 
0.753 	 1.45865e-03 	 9.79704e-04 	 4.78946e-04 
0.751 	 1.42240e-03 	 9.54068e-04 	 4.68329e-04 
0.748 	 1.38714e-03 	 9.29098e-04 	 4.58038e-04 
0.746 	 1.35283e-03 	 9.04769e-04 	 4.48060e-04 
0.743 	 1.31944e-03 	 8.81058e-04 	 4.38384e-04 
0.741 	 1.28694e-03 	 8.57941e-04 	 4.28997e-04 
0.738 	 1.25529e-03 	 8.35397e-04 	 4.19889e-04 
0.736 	 1.22445e-03 	 8.13403e-04 	 4.11048e-04 
0.733 	 1.19441e-03 	 7.91941e-04 	 4.02465e-04 
0.731 	 1.16512e-03 	 7.70991e-04 	 3.94130e-04 
0.729 	 1.13657e-03 	 7.50535e-04 	 3.86033e-04 
0.726 	 1.10872e-03 	 7.30555e-04 	 3.78167e-04 
0.724 	 1.08156e-03 	 7.11035e-04 	 3.70522e-04 
0.722 	 1.05505e-03 	 6.91959e-04 	 3.63091e-04 
0.719 	 1.02918e-03 	 6.73311e-04 	 3.55866e-04 
0.717 	 1.00392e-03 	 6.55077e-04 	 3.48839e-04 
0.715 	 9.79246e-04 	 6.37242e-04 	 3.42004e-04 
0.712 	 9.55148e-04 	 6.19794e-04 	 3.35354e-04 
0.710 	 9.31602e-04 	 6.02719e-04 	 3.28882e-04 
0.708 	 9.08589e-04 	 5.86006e-04 	 3.22583e-04 
0.706 	 8.86092e-04 	 5.69642e-04 	 3.16450e-04 
0.704 	 8.64094e-04 	 5.53615e-04 	 3.10479e-04 
0.701 	 8.42579e-04 	 5.37916e-04 	 3.04662e-04 
0.699 	 8.21530e-04 	 5.22534e-04 	 2.98996e-04 
0.697 	 8.00934e-04 	 5.07459e-04 	 2.93475e-04 
0.695 	 7.80775e-04 	 4.92681e-04 	 2.88095e-04 
0.693 	 7.61041e-04 	 4.78190e-04 	 2.82850e-04 
0.691 	 7.41717e-04 	 4.63979e-04 	 2.77738e-04 
0.688 	 7.22790e-04 	 4.50038e-04 	 2.72752e-04 
0.686 	 7.04250e-04 	 4.36360e-04 	 2.67890e-04 
0.684 	 6.86083e-04 	 4.22936e-04 	 2.63147e-04 
0.682 	 6.68278e-04 	 4.09758e-04 	 2.58520e-04 
0.680 	 6.50825e-04 	 3.96820e-04 	 2.54005e-04 
0.678 	 6.33713e-04 	 3.84115e-04 	 2.49598e-04 
0.676 	 6.16931e-04 	 3.71635e-04 	 2.45297e-04 
0.674 	 6.00471e-04 	 3.59374e-04 	 2.41097e-04 
0.672 	 5.84322e-04 	 3.47325e-04 	 2.36997e-04 
0.670 	 5.68475e-04 	 3.35483e-04 	 2.32992e-04 
0.668 	 5.52923e-04 	 3.23842e-04 	 2.29081e-04 
0.666 	 5.37655e-04 	 3.12396e-04 	 2.25259e-04 
0.664 	 5.22664e-04 	 3.01139e-04 	 2.21526e-04 
0.662 	 5.07943e-04 	 2.90066e-04 	 2.17877e-04 
0.660 	 4.93484e-04 	 2.79172e-04 	 2.14311e-04 
0.658 	 4.79278e-04 	 2.68453e-04 	 2.10826e-04 
0.656 	 4.65320e-04 	 2.57902e-04 	 2.07418e-04 
0.654 	 4.51602e-04 	 2.47517e-04 	 2.04086e-04 
0.652 	 4.38119e-04 	 2.37291e-04 	 2.00827e-04 
0.650 	 4.24862e-04 	 2.27222e-04 	 1.97640e-04 
0.649 	 4.11827e-04 	 2.17304e-04 	 1.94523e-04 
0.647 	 3.99006e-04 	 2.07534e-04 	 1.91473e-04 
0.645 	 3.86396e-04 	 1.97908e-04 	 1.88488e-04 
0.643 	 3.73989e-04 	 1.88421e-04 	 1.85568e-04 
0.641 	 3.61781e-04 	 1.79072e-04 	 1.82709e-04 
0.639 	 3.49766e-04 	 1.69855e-04 	 1.79911e-04 
0.638 	 3.37939e-04 	 1.60767e-04 	 1.77172e-04 
0.636 	 3.26296e-04 	 1.51806e-04 	 1.74490e-04 
0.634 	 3.14831e-04 	 1.42967e-04 	 1.71864e-04 
0.632 	 3.03540e-04 	 1.34248e-04 	 1.69292e-04 
0.630 	 2.92418e-04 	 1.25646e-04 	 1.66773e-04 
0.629 	 2.81462e-04 	 1.17157e-04 	 1.64305e-04 
0.627 	 2.70667e-04 	 1.08780e-04 	 1.61887e-04 
0.625 	 2.60028e-04 	 1.00510e-04 	 1.59518e-04 
0.623 	 2.49543e-04 	 9.23461e-05 	 1.57197e-04 
0.622 	 2.39207e-04 	 8.42849e-05 	 1.54922e-04 
0.620 	 2.29016e-04 	 7.63240e-05 	 1.52692e-04 
0.618 	 2.18967e-04 	 6.84610e-05 	 1.50506e-04 
0.616 	 2.09056e-04 	 6.06935e-05 	 1.48363e-04 
0.615 	 1.99281e-04 	 5.30192e-05 	 1.46262e-04 
0.613 	 1.89637e-04 	 4.54358e-05 	 1.44201e-04 
0.611 	 1.80122e-04 	 3.79413e-05 	 1.42181e-04 
0.610 	 1.70732e-04 	 3.05333e-05 	 1.40199e-04 
0.608 	 1.61465e-04 	 2.32100e-05 	 1.38255e-04 
0.606 	 1.52317e-04 	 1.59693e-05 	 1.36348e-04 
0.605 	 1.43286e-04 	 8.80933e-06 	 1.34477e-04 
0.603 	 1.34369e-04 	 1.72812e-06 	 1.32641e-04 
0.602 	 1.25563e-04 	 -5.27612e-06 	 1.30839e-04 
0.600 	 1.16866e-04 	 -1.22051e-05 	 1.29071e-04 
