Energy [eV] Ext Cross [um^2] Abs Cross [um^2] Sca Cross [um^2] 
3.000 	 2.56127e-04 	 2.54615e-04 	 1.51217e-06 
2.960 	 2.66014e-04 	 2.62084e-04 	 3.92994e-06 
2.922 	 2.76741e-04 	 2.68949e-04 	 7.79175e-06 
2.884 	 2.89735e-04 	 2.76718e-04 	 1.30174e-05 
2.848 	 3.03669e-04 	 2.84295e-04 	 1.93743e-05 
2.812 	 3.18396e-04 	 2.91560e-04 	 2.68361e-05 
2.777 	 3.35459e-04 	 3.00204e-04 	 3.52552e-05 
2.743 	 3.54526e-04 	 3.09951e-04 	 4.45745e-05 
2.710 	 3.72712e-04 	 3.17993e-04 	 5.47194e-05 
2.678 	 3.91086e-04 	 3.25531e-04 	 6.55548e-05 
2.646 	 4.11325e-04 	 3.34263e-04 	 7.70624e-05 
2.615 	 4.32871e-04 	 3.43674e-04 	 8.91970e-05 
2.585 	 4.55499e-04 	 3.53585e-04 	 1.01913e-04 
2.556 	 4.79102e-04 	 3.63927e-04 	 1.15176e-04 
2.527 	 5.03634e-04 	 3.74683e-04 	 1.28951e-04 
2.499 	 5.29072e-04 	 3.85861e-04 	 1.43211e-04 
2.471 	 5.55405e-04 	 3.97475e-04 	 1.57930e-04 
2.444 	 5.82631e-04 	 4.09537e-04 	 1.73095e-04 
2.418 	 6.10700e-04 	 4.22015e-04 	 1.88685e-04 
2.392 	 6.39554e-04 	 4.34857e-04 	 2.04697e-04 
2.367 	 6.69347e-04 	 4.48219e-04 	 2.21128e-04 
2.342 	 7.00126e-04 	 4.62156e-04 	 2.37970e-04 
2.318 	 7.31985e-04 	 4.76764e-04 	 2.55221e-04 
2.294 	 7.65091e-04 	 4.92216e-04 	 2.72875e-04 
2.271 	 7.99032e-04 	 5.08108e-04 	 2.90924e-04 
2.248 	 8.32977e-04 	 5.23580e-04 	 3.09396e-04 
2.226 	 8.67915e-04 	 5.39593e-04 	 3.28323e-04 
2.204 	 9.04182e-04 	 5.56475e-04 	 3.47707e-04 
2.182 	 9.41705e-04 	 5.74139e-04 	 3.67565e-04 
2.161 	 9.80470e-04 	 5.92551e-04 	 3.87919e-04 
2.141 	 1.02052e-03 	 6.11720e-04 	 4.08799e-04 
2.121 	 1.06193e-03 	 6.31685e-04 	 4.30244e-04 
2.101 	 1.10482e-03 	 6.52513e-04 	 4.52302e-04 
2.081 	 1.14935e-03 	 6.74312e-04 	 4.75036e-04 
2.062 	 1.19580e-03 	 6.97273e-04 	 4.98523e-04 
2.043 	 1.24462e-03 	 7.21769e-04 	 5.22846e-04 
2.025 	 1.29662e-03 	 7.48595e-04 	 5.48026e-04 
2.007 	 1.35318e-03 	 7.79465e-04 	 5.73719e-04 
1.989 	 1.41536e-03 	 8.17231e-04 	 5.98133e-04 
1.971 	 1.47757e-03 	 8.60346e-04 	 6.17222e-04 
1.954 	 1.52670e-03 	 8.93557e-04 	 6.33146e-04 
1.937 	 1.57004e-03 	 9.15081e-04 	 6.54960e-04 
1.921 	 1.61912e-03 	 9.37062e-04 	 6.82056e-04 
1.904 	 1.67440e-03 	 9.63028e-04 	 7.11371e-04 
1.888 	 1.73424e-03 	 9.92487e-04 	 7.41751e-04 
1.873 	 1.79766e-03 	 1.02472e-03 	 7.72942e-04 
1.857 	 1.86425e-03 	 1.05930e-03 	 8.04949e-04 
1.842 	 1.93386e-03 	 1.09601e-03 	 8.37846e-04 
1.827 	 2.00648e-03 	 1.13477e-03 	 8.71718e-04 
1.812 	 2.08221e-03 	 1.17556e-03 	 9.06653e-04 
1.798 	 2.16116e-03 	 1.21843e-03 	 9.42735e-04 
1.783 	 2.24349e-03 	 1.26344e-03 	 9.80050e-04 
1.769 	 2.32937e-03 	 1.31068e-03 	 1.01869e-03 
1.755 	 2.41902e-03 	 1.36027e-03 	 1.05875e-03 
1.742 	 2.51264e-03 	 1.41232e-03 	 1.10032e-03 
1.728 	 2.61049e-03 	 1.46698e-03 	 1.14351e-03 
1.715 	 2.71282e-03 	 1.52438e-03 	 1.18844e-03 
1.702 	 2.81992e-03 	 1.58472e-03 	 1.23520e-03 
1.689 	 2.93210e-03 	 1.64816e-03 	 1.28394e-03 
1.677 	 3.04969e-03 	 1.71492e-03 	 1.33478e-03 
1.664 	 3.17308e-03 	 1.78522e-03 	 1.38787e-03 
1.652 	 3.30264e-03 	 1.85929e-03 	 1.44335e-03 
1.640 	 3.43880e-03 	 1.93738e-03 	 1.50142e-03 
1.628 	 3.58200e-03 	 2.01977e-03 	 1.56223e-03 
1.616 	 3.73277e-03 	 2.10677e-03 	 1.62600e-03 
1.605 	 3.89164e-03 	 2.19871e-03 	 1.69293e-03 
1.593 	 4.05922e-03 	 2.29595e-03 	 1.76327e-03 
1.582 	 4.23617e-03 	 2.39890e-03 	 1.83726e-03 
1.571 	 4.42320e-03 	 2.50801e-03 	 1.91520e-03 
1.560 	 4.62111e-03 	 2.62373e-03 	 1.99738e-03 
1.549 	 4.83075e-03 	 2.74662e-03 	 2.08414e-03 
1.539 	 5.05307e-03 	 2.87722e-03 	 2.17584e-03 
1.528 	 5.28909e-03 	 3.01620e-03 	 2.27289e-03 
1.518 	 5.53998e-03 	 3.16424e-03 	 2.37574e-03 
1.508 	 5.80700e-03 	 3.32213e-03 	 2.48487e-03 
1.497 	 6.09156e-03 	 3.49074e-03 	 2.60083e-03 
1.488 	 6.39522e-03 	 3.67101e-03 	 2.72421e-03 
1.478 	 6.71971e-03 	 3.86401e-03 	 2.85570e-03 
1.468 	 7.06694e-03 	 4.07092e-03 	 2.99602e-03 
1.459 	 7.43908e-03 	 4.29307e-03 	 3.14602e-03 
1.449 	 7.83853e-03 	 4.53193e-03 	 3.30660e-03 
1.440 	 8.26799e-03 	 4.78918e-03 	 3.47881e-03 
1.431 	 8.73049e-03 	 5.06667e-03 	 3.66382e-03 
1.422 	 9.22944e-03 	 5.36652e-03 	 3.86292e-03 
1.413 	 9.76872e-03 	 5.69111e-03 	 4.07761e-03 
1.404 	 1.03527e-02 	 6.04315e-03 	 4.30956e-03 
1.395 	 1.09864e-02 	 6.42569e-03 	 4.56066e-03 
1.386 	 1.16753e-02 	 6.84224e-03 	 4.83308e-03 
1.378 	 1.24261e-02 	 7.29679e-03 	 5.12927e-03 
1.369 	 1.32460e-02 	 7.79391e-03 	 5.45205e-03 
1.361 	 1.41435e-02 	 8.33887e-03 	 5.80465e-03 
1.353 	 1.51285e-02 	 8.93774e-03 	 6.19080e-03 
1.345 	 1.62124e-02 	 9.59756e-03 	 6.61480e-03 
1.337 	 1.74082e-02 	 1.03265e-02 	 7.08164e-03 
1.329 	 1.87312e-02 	 1.11341e-02 	 7.59714e-03 
1.321 	 2.01995e-02 	 1.20314e-02 	 8.16806e-03 
1.313 	 2.18339e-02 	 1.30316e-02 	 8.80233e-03 
1.306 	 2.36592e-02 	 1.41500e-02 	 9.50926e-03 
1.298 	 2.57045e-02 	 1.54047e-02 	 1.02998e-02 
1.291 	 2.80042e-02 	 1.68172e-02 	 1.11870e-02 
1.283 	 3.05993e-02 	 1.84132e-02 	 1.21861e-02 
1.276 	 3.35385e-02 	 2.02230e-02 	 1.33156e-02 
1.269 	 3.68798e-02 	 2.22829e-02 	 1.45969e-02 
1.262 	 4.06923e-02 	 2.46362e-02 	 1.60561e-02 
1.255 	 4.50580e-02 	 2.73344e-02 	 1.77236e-02 
1.248 	 5.00744e-02 	 3.04387e-02 	 1.96356e-02 
1.241 	 5.58557e-02 	 3.40211e-02 	 2.18347e-02 
1.234 	 6.25348e-02 	 3.81651e-02 	 2.43696e-02 
1.227 	 7.02620e-02 	 4.29662e-02 	 2.72958e-02 
1.220 	 7.92018e-02 	 4.85285e-02 	 3.06732e-02 
1.214 	 8.95218e-02 	 5.49595e-02 	 3.45624e-02 
1.207 	 1.01372e-01 	 6.23556e-02 	 3.90159e-02 
1.201 	 1.14842e-01 	 7.07787e-02 	 4.40637e-02 
1.194 	 1.29904e-01 	 8.02152e-02 	 4.96885e-02 
1.188 	 1.46306e-01 	 9.05163e-02 	 5.57899e-02 
1.182 	 1.63465e-01 	 1.01324e-01 	 6.21411e-02 
1.176 	 1.80352e-01 	 1.12002e-01 	 6.83503e-02 
1.169 	 1.95477e-01 	 1.21621e-01 	 7.38558e-02 
1.163 	 2.07055e-01 	 1.29063e-01 	 7.79919e-02 
1.157 	 2.13413e-01 	 1.33270e-01 	 8.01425e-02 
1.151 	 2.13523e-01 	 1.33582e-01 	 7.99414e-02 
1.146 	 2.07396e-01 	 1.29982e-01 	 7.74138e-02 
1.140 	 1.96071e-01 	 1.23104e-01 	 7.29674e-02 
1.134 	 1.81218e-01 	 1.13979e-01 	 6.72387e-02 
1.128 	 1.64602e-01 	 1.03710e-01 	 6.08926e-02 
1.123 	 1.47693e-01 	 9.32169e-02 	 5.44764e-02 
1.117 	 1.31504e-01 	 8.31407e-02 	 4.83628e-02 
1.112 	 1.16611e-01 	 7.38498e-02 	 4.27610e-02 
1.106 	 1.03264e-01 	 6.55064e-02 	 3.77572e-02 
1.101 	 9.14975e-02 	 5.81384e-02 	 3.33591e-02 
1.095 	 8.12271e-02 	 5.16967e-02 	 2.95303e-02 
1.090 	 7.23097e-02 	 4.60955e-02 	 2.62142e-02 
1.085 	 6.45837e-02 	 4.12360e-02 	 2.33478e-02 
1.079 	 5.78901e-02 	 3.70202e-02 	 2.08699e-02 
1.074 	 5.20826e-02 	 3.33580e-02 	 1.87246e-02 
1.069 	 4.70318e-02 	 3.01691e-02 	 1.68627e-02 
1.064 	 4.26260e-02 	 2.73841e-02 	 1.52419e-02 
1.059 	 3.87698e-02 	 2.49438e-02 	 1.38260e-02 
1.054 	 3.53826e-02 	 2.27978e-02 	 1.25848e-02 
1.049 	 3.23964e-02 	 2.09038e-02 	 1.14927e-02 
1.044 	 2.97542e-02 	 1.92260e-02 	 1.05281e-02 
1.039 	 2.74077e-02 	 1.77345e-02 	 9.67318e-03 
1.035 	 2.53166e-02 	 1.64039e-02 	 8.91269e-03 
1.030 	 2.34465e-02 	 1.52127e-02 	 8.23388e-03 
1.025 	 2.17687e-02 	 1.41428e-02 	 7.62595e-03 
1.020 	 2.02585e-02 	 1.31787e-02 	 7.07976e-03 
1.016 	 1.88949e-02 	 1.23074e-02 	 6.58753e-03 
1.011 	 1.76602e-02 	 1.15176e-02 	 6.14262e-03 
1.007 	 1.65390e-02 	 1.07997e-02 	 5.73936e-03 
1.002 	 1.55181e-02 	 1.01452e-02 	 5.37285e-03 
0.998 	 1.45861e-02 	 9.54719e-03 	 5.03890e-03 
0.993 	 1.37332e-02 	 8.99931e-03 	 4.73385e-03 
0.989 	 1.29508e-02 	 8.49620e-03 	 4.45456e-03 
0.985 	 1.22314e-02 	 8.03316e-03 	 4.19828e-03 
0.980 	 1.15687e-02 	 7.60609e-03 	 3.96260e-03 
0.976 	 1.09568e-02 	 7.21137e-03 	 3.74543e-03 
0.972 	 1.03908e-02 	 6.84585e-03 	 3.54493e-03 
0.968 	 9.86617e-03 	 6.50672e-03 	 3.35946e-03 
0.963 	 9.37910e-03 	 6.19150e-03 	 3.18759e-03 
0.959 	 8.92608e-03 	 5.89802e-03 	 3.02806e-03 
0.955 	 8.50403e-03 	 5.62431e-03 	 2.87973e-03 
0.951 	 8.11022e-03 	 5.36863e-03 	 2.74159e-03 
0.947 	 7.74220e-03 	 5.12943e-03 	 2.61277e-03 
0.943 	 7.39776e-03 	 4.90532e-03 	 2.49244e-03 
0.939 	 7.07494e-03 	 4.69505e-03 	 2.37990e-03 
0.935 	 6.77198e-03 	 4.49749e-03 	 2.27449e-03 
0.931 	 6.48728e-03 	 4.31163e-03 	 2.17565e-03 
0.928 	 6.21941e-03 	 4.13657e-03 	 2.08284e-03 
0.924 	 5.96705e-03 	 3.97146e-03 	 1.99559e-03 
0.920 	 5.72904e-03 	 3.81556e-03 	 1.91348e-03 
0.916 	 5.50431e-03 	 3.66819e-03 	 1.83612e-03 
0.913 	 5.29188e-03 	 3.52873e-03 	 1.76315e-03 
0.909 	 5.09087e-03 	 3.39662e-03 	 1.69426e-03 
0.905 	 4.90048e-03 	 3.27133e-03 	 1.62914e-03 
0.902 	 4.71996e-03 	 3.15241e-03 	 1.56755e-03 
0.898 	 4.54864e-03 	 3.03942e-03 	 1.50922e-03 
0.894 	 4.38590e-03 	 2.93196e-03 	 1.45394e-03 
0.891 	 4.23117e-03 	 2.82967e-03 	 1.40150e-03 
0.887 	 4.08394e-03 	 2.73222e-03 	 1.35172e-03 
0.884 	 3.94372e-03 	 2.63930e-03 	 1.30442e-03 
0.880 	 3.81007e-03 	 2.55062e-03 	 1.25945e-03 
0.877 	 3.68258e-03 	 2.46593e-03 	 1.21664e-03 
0.873 	 3.56087e-03 	 2.38499e-03 	 1.17588e-03 
0.870 	 3.44459e-03 	 2.30756e-03 	 1.13704e-03 
0.867 	 3.33343e-03 	 2.23344e-03 	 1.09999e-03 
0.863 	 3.22708e-03 	 2.16244e-03 	 1.06463e-03 
0.860 	 3.12525e-03 	 2.09439e-03 	 1.03087e-03 
0.857 	 3.02771e-03 	 2.02910e-03 	 9.98604e-04 
0.853 	 2.93419e-03 	 1.96644e-03 	 9.67753e-04 
0.850 	 2.84449e-03 	 1.90625e-03 	 9.38237e-04 
0.847 	 2.75839e-03 	 1.84841e-03 	 9.09980e-04 
0.844 	 2.67569e-03 	 1.79278e-03 	 8.82914e-04 
0.841 	 2.59623e-03 	 1.73925e-03 	 8.56974e-04 
0.838 	 2.51982e-03 	 1.68772e-03 	 8.32099e-04 
0.834 	 2.44631e-03 	 1.63807e-03 	 8.08234e-04 
0.831 	 2.37555e-03 	 1.59022e-03 	 7.85325e-04 
0.828 	 2.30740e-03 	 1.54408e-03 	 7.63324e-04 
0.825 	 2.24174e-03 	 1.49955e-03 	 7.42184e-04 
0.822 	 2.17843e-03 	 1.45657e-03 	 7.21861e-04 
0.819 	 2.11737e-03 	 1.41506e-03 	 7.02315e-04 
0.816 	 2.05845e-03 	 1.37494e-03 	 6.83508e-04 
0.813 	 2.00156e-03 	 1.33616e-03 	 6.65404e-04 
0.810 	 1.94662e-03 	 1.29865e-03 	 6.47969e-04 
0.807 	 1.89352e-03 	 1.26235e-03 	 6.31171e-04 
0.804 	 1.84218e-03 	 1.22720e-03 	 6.14980e-04 
0.802 	 1.79253e-03 	 1.19316e-03 	 5.99368e-04 
0.799 	 1.74449e-03 	 1.16018e-03 	 5.84308e-04 
0.796 	 1.69798e-03 	 1.12820e-03 	 5.69775e-04 
0.793 	 1.65294e-03 	 1.09719e-03 	 5.55745e-04 
0.790 	 1.60930e-03 	 1.06710e-03 	 5.42196e-04 
0.788 	 1.56701e-03 	 1.03790e-03 	 5.29107e-04 
0.785 	 1.52600e-03 	 1.00954e-03 	 5.16457e-04 
0.782 	 1.48622e-03 	 9.81994e-04 	 5.04228e-04 
0.779 	 1.44763e-03 	 9.55224e-04 	 4.92402e-04 
0.777 	 1.41016e-03 	 9.29199e-04 	 4.80961e-04 
0.774 	 1.37378e-03 	 9.03890e-04 	 4.69889e-04 
0.771 	 1.33844e-03 	 8.79269e-04 	 4.59171e-04 
0.769 	 1.30410e-03 	 8.55307e-04 	 4.48793e-04 
0.766 	 1.27072e-03 	 8.31980e-04 	 4.38741e-04 
0.763 	 1.23826e-03 	 8.09262e-04 	 4.29001e-04 
0.761 	 1.20669e-03 	 7.87131e-04 	 4.19561e-04 
0.758 	 1.17597e-03 	 7.65564e-04 	 4.10410e-04 
0.756 	 1.14608e-03 	 7.44540e-04 	 4.01535e-04 
0.753 	 1.11697e-03 	 7.24040e-04 	 3.92927e-04 
0.751 	 1.08862e-03 	 7.04042e-04 	 3.84574e-04 
0.748 	 1.06100e-03 	 6.84530e-04 	 3.76468e-04 
0.746 	 1.03408e-03 	 6.65486e-04 	 3.68598e-04 
0.743 	 1.00785e-03 	 6.46893e-04 	 3.60957e-04 
0.741 	 9.82268e-04 	 6.28734e-04 	 3.53534e-04 
0.738 	 9.57318e-04 	 6.10995e-04 	 3.46324e-04 
0.736 	 9.32977e-04 	 5.93660e-04 	 3.39317e-04 
0.733 	 9.09222e-04 	 5.76716e-04 	 3.32506e-04 
0.731 	 8.86033e-04 	 5.60148e-04 	 3.25884e-04 
0.729 	 8.63390e-04 	 5.43945e-04 	 3.19445e-04 
0.726 	 8.41276e-04 	 5.28093e-04 	 3.13182e-04 
0.724 	 8.19671e-04 	 5.12581e-04 	 3.07089e-04 
0.722 	 7.98558e-04 	 4.97398e-04 	 3.01160e-04 
0.719 	 7.77921e-04 	 4.82532e-04 	 2.95389e-04 
0.717 	 7.57744e-04 	 4.67973e-04 	 2.89771e-04 
0.715 	 7.38011e-04 	 4.53711e-04 	 2.84301e-04 
0.712 	 7.18709e-04 	 4.39736e-04 	 2.78973e-04 
0.710 	 6.99823e-04 	 4.26039e-04 	 2.73783e-04 
0.708 	 6.81339e-04 	 4.12612e-04 	 2.68727e-04 
0.706 	 6.63245e-04 	 3.99446e-04 	 2.63800e-04 
0.704 	 6.45529e-04 	 3.86532e-04 	 2.58997e-04 
0.701 	 6.28178e-04 	 3.73863e-04 	 2.54315e-04 
0.699 	 6.11181e-04 	 3.61431e-04 	 2.49750e-04 
0.697 	 5.94527e-04 	 3.49229e-04 	 2.45298e-04 
0.695 	 5.78206e-04 	 3.37250e-04 	 2.40956e-04 
0.693 	 5.62207e-04 	 3.25488e-04 	 2.36719e-04 
0.691 	 5.46521e-04 	 3.13936e-04 	 2.32586e-04 
0.688 	 5.31139e-04 	 3.02587e-04 	 2.28552e-04 
0.686 	 5.16050e-04 	 2.91436e-04 	 2.24614e-04 
0.684 	 5.01247e-04 	 2.80477e-04 	 2.20770e-04 
0.682 	 4.86721e-04 	 2.69704e-04 	 2.17017e-04 
0.680 	 4.72464e-04 	 2.59113e-04 	 2.13352e-04 
0.678 	 4.58468e-04 	 2.48697e-04 	 2.09772e-04 
0.676 	 4.44726e-04 	 2.38451e-04 	 2.06274e-04 
0.674 	 4.31230e-04 	 2.28372e-04 	 2.02858e-04 
0.672 	 4.17973e-04 	 2.18454e-04 	 1.99519e-04 
0.670 	 4.04949e-04 	 2.08693e-04 	 1.96256e-04 
0.668 	 3.92151e-04 	 1.99084e-04 	 1.93066e-04 
0.666 	 3.79572e-04 	 1.89624e-04 	 1.89948e-04 
0.664 	 3.67207e-04 	 1.80308e-04 	 1.86900e-04 
0.662 	 3.55050e-04 	 1.71132e-04 	 1.83918e-04 
0.660 	 3.43095e-04 	 1.62092e-04 	 1.81002e-04 
0.658 	 3.31336e-04 	 1.53185e-04 	 1.78150e-04 
0.656 	 3.19768e-04 	 1.44408e-04 	 1.75360e-04 
0.654 	 3.08386e-04 	 1.35756e-04 	 1.72630e-04 
0.652 	 2.97185e-04 	 1.27227e-04 	 1.69958e-04 
0.650 	 2.86160e-04 	 1.18817e-04 	 1.67343e-04 
0.649 	 2.75307e-04 	 1.10523e-04 	 1.64784e-04 
0.647 	 2.64621e-04 	 1.02343e-04 	 1.62279e-04 
0.645 	 2.54098e-04 	 9.42721e-05 	 1.59826e-04 
0.643 	 2.43733e-04 	 8.63091e-05 	 1.57424e-04 
0.641 	 2.33522e-04 	 7.84507e-05 	 1.55071e-04 
0.639 	 2.23462e-04 	 7.06943e-05 	 1.52767e-04 
0.638 	 2.13548e-04 	 6.30373e-05 	 1.50511e-04 
0.636 	 2.03777e-04 	 5.54772e-05 	 1.48300e-04 
0.634 	 1.94145e-04 	 4.80116e-05 	 1.46133e-04 
0.632 	 1.84649e-04 	 4.06382e-05 	 1.44011e-04 
0.630 	 1.75285e-04 	 3.33545e-05 	 1.41930e-04 
0.629 	 1.66050e-04 	 2.61585e-05 	 1.39891e-04 
0.627 	 1.56940e-04 	 1.90480e-05 	 1.37893e-04 
0.625 	 1.47954e-04 	 1.20208e-05 	 1.35933e-04 
0.623 	 1.39087e-04 	 5.07493e-06 	 1.34012e-04 
0.622 	 1.30337e-04 	 -1.79155e-06 	 1.32128e-04 
0.620 	 1.21700e-04 	 -8.58058e-06 	 1.30281e-04 
0.618 	 1.13175e-04 	 -1.52940e-05 	 1.28469e-04 
0.616 	 1.04758e-04 	 -2.19336e-05 	 1.26692e-04 
0.615 	 9.64470e-05 	 -2.85012e-05 	 1.24948e-04 
0.613 	 8.82393e-05 	 -3.49985e-05 	 1.23238e-04 
0.611 	 8.01325e-05 	 -4.14271e-05 	 1.21560e-04 
0.610 	 7.21242e-05 	 -4.77886e-05 	 1.19913e-04 
0.608 	 6.42120e-05 	 -5.40847e-05 	 1.18297e-04 
0.606 	 5.63938e-05 	 -6.03167e-05 	 1.16711e-04 
0.605 	 4.86673e-05 	 -6.64863e-05 	 1.15154e-04 
0.603 	 4.10304e-05 	 -7.25948e-05 	 1.13625e-04 
0.602 	 3.34811e-05 	 -7.86437e-05 	 1.12125e-04 
0.600 	 2.60173e-05 	 -8.46342e-05 	 1.10651e-04 
