Energy [eV] Ext Cross [um^2] Abs Cross [um^2] Sca Cross [um^2] 
3.000 	 8.33140e-05 	 8.31587e-05 	 1.55336e-07 
2.960 	 9.04131e-05 	 8.99862e-05 	 4.26886e-07 
2.922 	 9.81816e-05 	 9.72889e-05 	 8.92736e-07 
2.884 	 1.07400e-04 	 1.05825e-04 	 1.57495e-06 
2.848 	 1.17822e-04 	 1.15343e-04 	 2.47833e-06 
2.812 	 1.29527e-04 	 1.25887e-04 	 3.64006e-06 
2.777 	 1.43319e-04 	 1.38234e-04 	 5.08502e-06 
2.743 	 1.59696e-04 	 1.52842e-04 	 6.85402e-06 
2.710 	 1.79705e-04 	 1.70727e-04 	 8.97848e-06 
2.678 	 1.99180e-04 	 1.87681e-04 	 1.14994e-05 
2.646 	 2.19931e-04 	 2.05368e-04 	 1.45628e-05 
2.615 	 2.46110e-04 	 2.27857e-04 	 1.82521e-05 
2.585 	 2.77884e-04 	 2.55200e-04 	 2.26844e-05 
2.556 	 3.16195e-04 	 2.88197e-04 	 2.79974e-05 
2.527 	 3.60058e-04 	 3.25692e-04 	 3.43668e-05 
2.499 	 4.11841e-04 	 3.69634e-04 	 4.22068e-05 
2.471 	 4.75617e-04 	 4.23728e-04 	 5.18886e-05 
2.444 	 5.54347e-04 	 4.90418e-04 	 6.39291e-05 
2.418 	 6.52448e-04 	 5.73365e-04 	 7.90835e-05 
2.392 	 7.76404e-04 	 6.77970e-04 	 9.84332e-05 
2.367 	 9.35767e-04 	 8.12201e-04 	 1.23566e-04 
2.342 	 1.14485e-03 	 9.87985e-04 	 1.56870e-04 
2.318 	 1.42582e-03 	 1.22376e-03 	 2.02058e-04 
2.294 	 1.81421e-03 	 1.54910e-03 	 2.65111e-04 
2.271 	 2.36961e-03 	 2.01350e-03 	 3.56117e-04 
2.248 	 3.19643e-03 	 2.70358e-03 	 4.92848e-04 
2.226 	 4.48685e-03 	 3.77862e-03 	 7.08226e-04 
2.204 	 6.61049e-03 	 5.54442e-03 	 1.06608e-03 
2.182 	 1.02760e-02 	 8.58586e-03 	 1.69014e-03 
2.161 	 1.65790e-02 	 1.38026e-02 	 2.77643e-03 
2.141 	 2.52164e-02 	 2.09232e-02 	 4.29324e-03 
2.121 	 2.87738e-02 	 2.38002e-02 	 4.97361e-03 
2.101 	 2.21858e-02 	 1.82974e-02 	 3.88837e-03 
2.081 	 1.42609e-02 	 1.17296e-02 	 2.53134e-03 
2.062 	 9.13734e-03 	 7.49651e-03 	 1.64082e-03 
2.043 	 6.14968e-03 	 5.03359e-03 	 1.11609e-03 
2.025 	 4.36227e-03 	 3.56288e-03 	 7.99391e-04 
2.007 	 3.23658e-03 	 2.63822e-03 	 5.98356e-04 
1.989 	 2.49083e-03 	 2.02663e-03 	 4.64192e-04 
1.971 	 1.97458e-03 	 1.60391e-03 	 3.70670e-04 
1.954 	 1.60370e-03 	 1.30067e-03 	 3.03032e-04 
1.937 	 1.32876e-03 	 1.07619e-03 	 2.52572e-04 
1.921 	 1.11947e-03 	 9.05548e-04 	 2.13926e-04 
1.904 	 9.56556e-04 	 7.72890e-04 	 1.83666e-04 
1.888 	 8.27286e-04 	 6.67768e-04 	 1.59518e-04 
1.873 	 7.22993e-04 	 5.83063e-04 	 1.39929e-04 
1.857 	 6.37615e-04 	 5.13806e-04 	 1.23809e-04 
1.842 	 5.66823e-04 	 4.56448e-04 	 1.10375e-04 
1.827 	 5.07455e-04 	 4.08401e-04 	 9.90540e-05 
1.812 	 4.57164e-04 	 3.67745e-04 	 8.94198e-05 
1.798 	 4.14180e-04 	 3.33032e-04 	 8.11483e-05 
1.783 	 3.77142e-04 	 3.03152e-04 	 7.39905e-05 
1.769 	 3.44992e-04 	 2.77240e-04 	 6.77518e-05 
1.755 	 3.16897e-04 	 2.54618e-04 	 6.22787e-05 
1.742 	 2.92195e-04 	 2.34746e-04 	 5.74487e-05 
1.728 	 2.70354e-04 	 2.17191e-04 	 5.31633e-05 
1.715 	 2.50945e-04 	 2.01603e-04 	 4.93421e-05 
1.702 	 2.33614e-04 	 1.87695e-04 	 4.59195e-05 
1.689 	 2.18072e-04 	 1.75231e-04 	 4.28408e-05 
1.677 	 2.04077e-04 	 1.64016e-04 	 4.00608e-05 
1.664 	 1.91427e-04 	 1.53886e-04 	 3.75414e-05 
1.652 	 1.79953e-04 	 1.44703e-04 	 3.52505e-05 
1.640 	 1.69511e-04 	 1.36350e-04 	 3.31608e-05 
1.628 	 1.59979e-04 	 1.28729e-04 	 3.12492e-05 
1.616 	 1.51252e-04 	 1.21756e-04 	 2.94956e-05 
1.605 	 1.43241e-04 	 1.15358e-04 	 2.78829e-05 
1.593 	 1.35867e-04 	 1.09471e-04 	 2.63962e-05 
1.582 	 1.29065e-04 	 1.04042e-04 	 2.50225e-05 
1.571 	 1.22774e-04 	 9.90239e-05 	 2.37505e-05 
1.560 	 1.16945e-04 	 9.43746e-05 	 2.25704e-05 
1.549 	 1.11532e-04 	 9.00585e-05 	 2.14733e-05 
1.539 	 1.06495e-04 	 8.60436e-05 	 2.04517e-05 
1.528 	 1.01801e-04 	 8.23019e-05 	 1.94987e-05 
1.518 	 9.74170e-05 	 7.88087e-05 	 1.86083e-05 
1.508 	 9.33169e-05 	 7.55418e-05 	 1.77751e-05 
1.497 	 8.94757e-05 	 7.24815e-05 	 1.69942e-05 
1.488 	 8.58717e-05 	 6.96103e-05 	 1.62614e-05 
1.478 	 8.24852e-05 	 6.69124e-05 	 1.55728e-05 
1.468 	 7.92986e-05 	 6.43737e-05 	 1.49248e-05 
1.459 	 7.62961e-05 	 6.19817e-05 	 1.43144e-05 
1.449 	 7.34635e-05 	 5.97247e-05 	 1.37387e-05 
1.440 	 7.07879e-05 	 5.75927e-05 	 1.31952e-05 
1.431 	 6.82576e-05 	 5.55762e-05 	 1.26814e-05 
1.422 	 6.58620e-05 	 5.36667e-05 	 1.21954e-05 
1.413 	 6.35914e-05 	 5.18564e-05 	 1.17350e-05 
1.404 	 6.14369e-05 	 5.01383e-05 	 1.12986e-05 
1.395 	 5.93905e-05 	 4.85060e-05 	 1.08845e-05 
1.386 	 5.74450e-05 	 4.69537e-05 	 1.04913e-05 
1.378 	 5.55936e-05 	 4.54760e-05 	 1.01175e-05 
1.369 	 5.38302e-05 	 4.40682e-05 	 9.76201e-06 
1.361 	 5.21491e-05 	 4.27255e-05 	 9.42359e-06 
1.353 	 5.05451e-05 	 4.14439e-05 	 9.10118e-06 
1.345 	 4.90134e-05 	 4.02196e-05 	 8.79382e-06 
1.337 	 4.75496e-05 	 3.90490e-05 	 8.50059e-06 
1.329 	 4.61495e-05 	 3.79288e-05 	 8.22065e-06 
1.321 	 4.48094e-05 	 3.68561e-05 	 7.95323e-06 
1.313 	 4.35257e-05 	 3.58281e-05 	 7.69761e-06 
1.306 	 4.22953e-05 	 3.48422e-05 	 7.45311e-06 
1.298 	 4.11152e-05 	 3.38960e-05 	 7.21912e-06 
1.291 	 3.99824e-05 	 3.29874e-05 	 6.99506e-06 
1.283 	 3.88945e-05 	 3.21141e-05 	 6.78038e-06 
1.276 	 3.78488e-05 	 3.12743e-05 	 6.57457e-06 
1.269 	 3.68433e-05 	 3.04662e-05 	 6.37718e-06 
1.262 	 3.58758e-05 	 2.96880e-05 	 6.18775e-06 
1.255 	 3.49443e-05 	 2.89384e-05 	 6.00589e-06 
1.248 	 3.40469e-05 	 2.82157e-05 	 5.83119e-06 
1.241 	 3.31819e-05 	 2.75186e-05 	 5.66330e-06 
1.234 	 3.23477e-05 	 2.68458e-05 	 5.50189e-06 
1.227 	 3.15429e-05 	 2.61962e-05 	 5.34663e-06 
1.220 	 3.07658e-05 	 2.55686e-05 	 5.19722e-06 
1.214 	 3.00153e-05 	 2.49620e-05 	 5.05339e-06 
1.207 	 2.92901e-05 	 2.43752e-05 	 4.91486e-06 
1.201 	 2.85889e-05 	 2.38075e-05 	 4.78140e-06 
1.194 	 2.79107e-05 	 2.32579e-05 	 4.65276e-06 
1.188 	 2.72543e-05 	 2.27256e-05 	 4.52872e-06 
1.182 	 2.66189e-05 	 2.22098e-05 	 4.40908e-06 
1.176 	 2.60034e-05 	 2.17098e-05 	 4.29364e-06 
1.169 	 2.54070e-05 	 2.12248e-05 	 4.18220e-06 
1.163 	 2.48289e-05 	 2.07543e-05 	 4.07460e-06 
1.157 	 2.42682e-05 	 2.02975e-05 	 3.97067e-06 
1.151 	 2.37242e-05 	 1.98540e-05 	 3.87025e-06 
1.146 	 2.31963e-05 	 1.94231e-05 	 3.77319e-06 
1.140 	 2.26837e-05 	 1.90043e-05 	 3.67934e-06 
1.134 	 2.21857e-05 	 1.85971e-05 	 3.58858e-06 
1.128 	 2.17019e-05 	 1.82011e-05 	 3.50077e-06 
1.123 	 2.12316e-05 	 1.78158e-05 	 3.41579e-06 
1.117 	 2.07742e-05 	 1.74407e-05 	 3.33354e-06 
1.112 	 2.03293e-05 	 1.70754e-05 	 3.25389e-06 
1.106 	 1.98964e-05 	 1.67197e-05 	 3.17675e-06 
1.101 	 1.94750e-05 	 1.63730e-05 	 3.10202e-06 
1.095 	 1.90647e-05 	 1.60351e-05 	 3.02959e-06 
1.090 	 1.86650e-05 	 1.57056e-05 	 2.95939e-06 
1.085 	 1.82755e-05 	 1.53842e-05 	 2.89133e-06 
1.079 	 1.78959e-05 	 1.50706e-05 	 2.82532e-06 
1.074 	 1.75258e-05 	 1.47645e-05 	 2.76129e-06 
1.069 	 1.71648e-05 	 1.44657e-05 	 2.69916e-06 
1.064 	 1.68126e-05 	 1.41738e-05 	 2.63886e-06 
1.059 	 1.64689e-05 	 1.38886e-05 	 2.58033e-06 
1.054 	 1.61334e-05 	 1.36099e-05 	 2.52349e-06 
1.049 	 1.58058e-05 	 1.33375e-05 	 2.46830e-06 
1.044 	 1.54858e-05 	 1.30711e-05 	 2.41468e-06 
1.039 	 1.51731e-05 	 1.28105e-05 	 2.36259e-06 
1.035 	 1.48675e-05 	 1.25555e-05 	 2.31196e-06 
1.030 	 1.45688e-05 	 1.23060e-05 	 2.26275e-06 
1.025 	 1.42767e-05 	 1.20618e-05 	 2.21491e-06 
1.020 	 1.39910e-05 	 1.18226e-05 	 2.16839e-06 
1.016 	 1.37114e-05 	 1.15883e-05 	 2.12315e-06 
1.011 	 1.34379e-05 	 1.13588e-05 	 2.07913e-06 
1.007 	 1.31701e-05 	 1.11338e-05 	 2.03631e-06 
1.002 	 1.29079e-05 	 1.09133e-05 	 1.99463e-06 
0.998 	 1.26512e-05 	 1.06971e-05 	 1.95407e-06 
0.993 	 1.23996e-05 	 1.04851e-05 	 1.91458e-06 
0.989 	 1.21532e-05 	 1.02770e-05 	 1.87612e-06 
0.985 	 1.19116e-05 	 1.00729e-05 	 1.83868e-06 
0.980 	 1.16748e-05 	 9.87257e-06 	 1.80220e-06 
0.976 	 1.14425e-05 	 9.67588e-06 	 1.76667e-06 
0.972 	 1.12148e-05 	 9.48275e-06 	 1.73204e-06 
0.968 	 1.09914e-05 	 9.29305e-06 	 1.69830e-06 
0.963 	 1.07721e-05 	 9.10670e-06 	 1.66541e-06 
0.959 	 1.05569e-05 	 8.92359e-06 	 1.63335e-06 
0.955 	 1.03457e-05 	 8.74362e-06 	 1.60209e-06 
0.951 	 1.01383e-05 	 8.56670e-06 	 1.57161e-06 
0.947 	 9.93463e-06 	 8.39275e-06 	 1.54188e-06 
0.943 	 9.73454e-06 	 8.22166e-06 	 1.51288e-06 
0.939 	 9.53796e-06 	 8.05337e-06 	 1.48459e-06 
0.935 	 9.34477e-06 	 7.88779e-06 	 1.45698e-06 
0.931 	 9.15488e-06 	 7.72484e-06 	 1.43004e-06 
0.928 	 8.96819e-06 	 7.56445e-06 	 1.40374e-06 
0.924 	 8.78461e-06 	 7.40654e-06 	 1.37807e-06 
0.920 	 8.60405e-06 	 7.25105e-06 	 1.35301e-06 
0.916 	 8.42644e-06 	 7.09790e-06 	 1.32853e-06 
0.913 	 8.25167e-06 	 6.94704e-06 	 1.30463e-06 
0.909 	 8.07968e-06 	 6.79839e-06 	 1.28129e-06 
0.905 	 7.91040e-06 	 6.65191e-06 	 1.25849e-06 
0.902 	 7.74373e-06 	 6.50752e-06 	 1.23621e-06 
0.898 	 7.57962e-06 	 6.36518e-06 	 1.21445e-06 
0.894 	 7.41800e-06 	 6.22483e-06 	 1.19317e-06 
0.891 	 7.25880e-06 	 6.08641e-06 	 1.17238e-06 
0.887 	 7.10195e-06 	 5.94989e-06 	 1.15206e-06 
0.884 	 6.94739e-06 	 5.81519e-06 	 1.13220e-06 
0.880 	 6.79506e-06 	 5.68229e-06 	 1.11277e-06 
0.877 	 6.64491e-06 	 5.55113e-06 	 1.09378e-06 
0.873 	 6.49686e-06 	 5.42166e-06 	 1.07521e-06 
0.870 	 6.35088e-06 	 5.29384e-06 	 1.05704e-06 
0.867 	 6.20690e-06 	 5.16763e-06 	 1.03927e-06 
0.863 	 6.06487e-06 	 5.04298e-06 	 1.02188e-06 
0.860 	 5.92474e-06 	 4.91986e-06 	 1.00487e-06 
0.857 	 5.78646e-06 	 4.79823e-06 	 9.88230e-07 
0.853 	 5.64999e-06 	 4.67804e-06 	 9.71942e-07 
0.850 	 5.51527e-06 	 4.55927e-06 	 9.56000e-07 
0.847 	 5.38226e-06 	 4.44187e-06 	 9.40395e-07 
0.844 	 5.25093e-06 	 4.32581e-06 	 9.25119e-07 
0.841 	 5.12123e-06 	 4.21107e-06 	 9.10163e-07 
0.838 	 4.99312e-06 	 4.09760e-06 	 8.95519e-07 
0.834 	 4.86655e-06 	 3.98538e-06 	 8.81179e-07 
0.831 	 4.74151e-06 	 3.87437e-06 	 8.67135e-07 
0.828 	 4.61794e-06 	 3.76456e-06 	 8.53379e-07 
0.825 	 4.49582e-06 	 3.65591e-06 	 8.39905e-07 
0.822 	 4.37510e-06 	 3.54840e-06 	 8.26704e-07 
0.819 	 4.25576e-06 	 3.44199e-06 	 8.13772e-07 
0.816 	 4.13777e-06 	 3.33667e-06 	 8.01100e-07 
0.813 	 4.02109e-06 	 3.23241e-06 	 7.88682e-07 
0.810 	 3.90569e-06 	 3.12917e-06 	 7.76512e-07 
0.807 	 3.79153e-06 	 3.02695e-06 	 7.64584e-07 
0.804 	 3.67860e-06 	 2.92571e-06 	 7.52892e-07 
0.802 	 3.56686e-06 	 2.82543e-06 	 7.41431e-07 
0.799 	 3.45628e-06 	 2.72609e-06 	 7.30194e-07 
0.796 	 3.34684e-06 	 2.62766e-06 	 7.19176e-07 
0.793 	 3.23850e-06 	 2.53012e-06 	 7.08373e-07 
0.790 	 3.13124e-06 	 2.43346e-06 	 6.97778e-07 
0.788 	 3.02503e-06 	 2.33765e-06 	 6.87387e-07 
0.785 	 2.91986e-06 	 2.24266e-06 	 6.77196e-07 
0.782 	 2.81569e-06 	 2.14849e-06 	 6.67199e-07 
0.779 	 2.71250e-06 	 2.05511e-06 	 6.57392e-07 
0.777 	 2.61028e-06 	 1.96251e-06 	 6.47771e-07 
0.774 	 2.50899e-06 	 1.87066e-06 	 6.38330e-07 
0.771 	 2.40861e-06 	 1.77955e-06 	 6.29067e-07 
0.769 	 2.30914e-06 	 1.68916e-06 	 6.19977e-07 
0.766 	 2.21054e-06 	 1.59949e-06 	 6.11056e-07 
0.763 	 2.11280e-06 	 1.51050e-06 	 6.02300e-07 
0.761 	 2.01590e-06 	 1.42220e-06 	 5.93705e-07 
0.758 	 1.91982e-06 	 1.33456e-06 	 5.85268e-07 
0.756 	 1.82455e-06 	 1.24756e-06 	 5.76986e-07 
0.753 	 1.73006e-06 	 1.16121e-06 	 5.68854e-07 
0.751 	 1.63634e-06 	 1.07547e-06 	 5.60869e-07 
0.748 	 1.54338e-06 	 9.90348e-07 	 5.53029e-07 
0.746 	 1.45115e-06 	 9.05819e-07 	 5.45330e-07 
0.743 	 1.35964e-06 	 8.21874e-07 	 5.37768e-07 
0.741 	 1.26884e-06 	 7.38499e-07 	 5.30342e-07 
0.738 	 1.17873e-06 	 6.55683e-07 	 5.23047e-07 
0.736 	 1.08929e-06 	 5.73413e-07 	 5.15881e-07 
0.733 	 1.00052e-06 	 4.91676e-07 	 5.08842e-07 
0.731 	 9.12387e-07 	 4.10461e-07 	 5.01926e-07 
0.729 	 8.24888e-07 	 3.29757e-07 	 4.95131e-07 
0.726 	 7.38006e-07 	 2.49551e-07 	 4.88454e-07 
0.724 	 6.51728e-07 	 1.69834e-07 	 4.81893e-07 
0.722 	 5.66040e-07 	 9.05943e-08 	 4.75446e-07 
0.719 	 4.80930e-07 	 1.18212e-08 	 4.69109e-07 
0.717 	 3.96386e-07 	 -6.64953e-08 	 4.62881e-07 
0.715 	 3.12394e-07 	 -1.44365e-07 	 4.56759e-07 
0.712 	 2.28942e-07 	 -2.21799e-07 	 4.50741e-07 
0.710 	 1.46020e-07 	 -2.98805e-07 	 4.44826e-07 
0.708 	 6.36156e-08 	 -3.75394e-07 	 4.39010e-07 
0.706 	 -1.82825e-08 	 -4.51574e-07 	 4.33291e-07 
0.704 	 -9.96845e-08 	 -5.27353e-07 	 4.27669e-07 
0.701 	 -1.80601e-07 	 -6.02741e-07 	 4.22140e-07 
0.699 	 -2.61041e-07 	 -6.77744e-07 	 4.16703e-07 
0.697 	 -3.41016e-07 	 -7.52372e-07 	 4.11357e-07 
0.695 	 -4.20534e-07 	 -8.26632e-07 	 4.06098e-07 
0.693 	 -4.99605e-07 	 -9.00531e-07 	 4.00926e-07 
0.691 	 -5.78239e-07 	 -9.74078e-07 	 3.95838e-07 
0.688 	 -6.56445e-07 	 -1.04728e-06 	 3.90834e-07 
0.686 	 -7.34230e-07 	 -1.12014e-06 	 3.85911e-07 
0.684 	 -8.11605e-07 	 -1.19267e-06 	 3.81067e-07 
0.682 	 -8.88576e-07 	 -1.26488e-06 	 3.76302e-07 
0.680 	 -9.65153e-07 	 -1.33677e-06 	 3.71613e-07 
0.678 	 -1.04134e-06 	 -1.40834e-06 	 3.67000e-07 
0.676 	 -1.11716e-06 	 -1.47962e-06 	 3.62460e-07 
0.674 	 -1.19260e-06 	 -1.55059e-06 	 3.57992e-07 
0.672 	 -1.26768e-06 	 -1.62127e-06 	 3.53595e-07 
0.670 	 -1.34240e-06 	 -1.69167e-06 	 3.49268e-07 
0.668 	 -1.41677e-06 	 -1.76178e-06 	 3.45008e-07 
0.666 	 -1.49081e-06 	 -1.83162e-06 	 3.40816e-07 
0.664 	 -1.56451e-06 	 -1.90120e-06 	 3.36688e-07 
0.662 	 -1.63788e-06 	 -1.97051e-06 	 3.32626e-07 
0.660 	 -1.71093e-06 	 -2.03956e-06 	 3.28626e-07 
0.658 	 -1.78367e-06 	 -2.10836e-06 	 3.24688e-07 
0.656 	 -1.85610e-06 	 -2.17691e-06 	 3.20810e-07 
0.654 	 -1.92823e-06 	 -2.24522e-06 	 3.16992e-07 
0.652 	 -2.00006e-06 	 -2.31329e-06 	 3.13233e-07 
0.650 	 -2.07161e-06 	 -2.38114e-06 	 3.09531e-07 
0.649 	 -2.14287e-06 	 -2.44875e-06 	 3.05885e-07 
0.647 	 -2.21385e-06 	 -2.51615e-06 	 3.02295e-07 
0.645 	 -2.28457e-06 	 -2.58332e-06 	 2.98758e-07 
0.643 	 -2.35501e-06 	 -2.65029e-06 	 2.95275e-07 
0.641 	 -2.42520e-06 	 -2.71705e-06 	 2.91844e-07 
0.639 	 -2.49513e-06 	 -2.78360e-06 	 2.88464e-07 
0.638 	 -2.56482e-06 	 -2.84995e-06 	 2.85135e-07 
0.636 	 -2.63425e-06 	 -2.91611e-06 	 2.81855e-07 
0.634 	 -2.70345e-06 	 -2.98208e-06 	 2.78623e-07 
0.632 	 -2.77242e-06 	 -3.04786e-06 	 2.75440e-07 
0.630 	 -2.84115e-06 	 -3.11346e-06 	 2.72303e-07 
0.629 	 -2.90967e-06 	 -3.17888e-06 	 2.69212e-07 
0.627 	 -2.97796e-06 	 -3.24412e-06 	 2.66166e-07 
0.625 	 -3.04604e-06 	 -3.30920e-06 	 2.63164e-07 
0.623 	 -3.11390e-06 	 -3.37411e-06 	 2.60206e-07 
0.622 	 -3.18157e-06 	 -3.43886e-06 	 2.57291e-07 
0.620 	 -3.24903e-06 	 -3.50345e-06 	 2.54417e-07 
0.618 	 -3.31629e-06 	 -3.56788e-06 	 2.51585e-07 
0.616 	 -3.38337e-06 	 -3.63216e-06 	 2.48794e-07 
0.615 	 -3.45025e-06 	 -3.69629e-06 	 2.46042e-07 
0.613 	 -3.51695e-06 	 -3.76028e-06 	 2.43330e-07 
0.611 	 -3.58347e-06 	 -3.82413e-06 	 2.40656e-07 
0.610 	 -3.64982e-06 	 -3.88784e-06 	 2.38020e-07 
0.608 	 -3.71599e-06 	 -3.95141e-06 	 2.35421e-07 
0.606 	 -3.78200e-06 	 -4.01485e-06 	 2.32858e-07 
0.605 	 -3.84784e-06 	 -4.07817e-06 	 2.30332e-07 
0.603 	 -3.91352e-06 	 -4.14136e-06 	 2.27840e-07 
0.602 	 -3.97904e-06 	 -4.20442e-06 	 2.25384e-07 
0.600 	 -4.04441e-06 	 -4.26737e-06 	 2.22961e-07 
