Energy [eV] Ext Cross [um^2] Abs Cross [um^2] Sca Cross [um^2] 
3.000 	 2.55290e-04 	 2.53820e-04 	 1.46987e-06 
2.960 	 2.65332e-04 	 2.61505e-04 	 3.82752e-06 
2.922 	 2.76167e-04 	 2.68569e-04 	 7.59852e-06 
2.884 	 2.89213e-04 	 2.76506e-04 	 1.27071e-05 
2.848 	 3.03082e-04 	 2.84155e-04 	 1.89273e-05 
2.812 	 3.17609e-04 	 2.91374e-04 	 2.62351e-05 
2.777 	 3.34266e-04 	 2.99780e-04 	 3.44868e-05 
2.743 	 3.52650e-04 	 3.09016e-04 	 4.36345e-05 
2.710 	 3.71075e-04 	 3.17445e-04 	 5.36296e-05 
2.678 	 3.89652e-04 	 3.25362e-04 	 6.42902e-05 
2.646 	 4.09838e-04 	 3.34229e-04 	 7.56092e-05 
2.615 	 4.31241e-04 	 3.43690e-04 	 8.75513e-05 
2.585 	 4.53686e-04 	 3.53614e-04 	 1.00072e-04 
2.556 	 4.77086e-04 	 3.63950e-04 	 1.13136e-04 
2.527 	 5.01394e-04 	 3.74686e-04 	 1.26708e-04 
2.499 	 5.26593e-04 	 3.85831e-04 	 1.40762e-04 
2.471 	 5.52675e-04 	 3.97404e-04 	 1.55271e-04 
2.444 	 5.79637e-04 	 4.09419e-04 	 1.70218e-04 
2.418 	 6.07425e-04 	 4.21841e-04 	 1.85584e-04 
2.392 	 6.35940e-04 	 4.34576e-04 	 2.01364e-04 
2.367 	 6.65364e-04 	 4.47811e-04 	 2.17553e-04 
2.342 	 6.95743e-04 	 4.61599e-04 	 2.34144e-04 
2.318 	 7.27146e-04 	 4.76014e-04 	 2.51132e-04 
2.294 	 7.59733e-04 	 4.91223e-04 	 2.68510e-04 
2.271 	 7.93305e-04 	 5.07042e-04 	 2.86263e-04 
2.248 	 8.26875e-04 	 5.22467e-04 	 3.04407e-04 
2.226 	 8.61179e-04 	 5.38190e-04 	 3.22989e-04 
2.204 	 8.96746e-04 	 5.54738e-04 	 3.42008e-04 
2.182 	 9.33503e-04 	 5.72033e-04 	 3.61469e-04 
2.161 	 9.71404e-04 	 5.90016e-04 	 3.81388e-04 
2.141 	 1.01045e-03 	 6.08666e-04 	 4.01788e-04 
2.121 	 1.05068e-03 	 6.27981e-04 	 4.22696e-04 
2.101 	 1.09211e-03 	 6.47967e-04 	 4.44147e-04 
2.081 	 1.13481e-03 	 6.68625e-04 	 4.66184e-04 
2.062 	 1.17881e-03 	 6.89945e-04 	 4.88863e-04 
2.043 	 1.22416e-03 	 7.11908e-04 	 5.12249e-04 
2.025 	 1.27089e-03 	 7.34493e-04 	 5.36398e-04 
2.007 	 1.31900e-03 	 7.57740e-04 	 5.61261e-04 
1.989 	 1.36839e-03 	 7.82105e-04 	 5.86286e-04 
1.971 	 1.41891e-03 	 8.09527e-04 	 6.09385e-04 
1.954 	 1.47108e-03 	 8.42706e-04 	 6.28373e-04 
1.937 	 1.52610e-03 	 8.77754e-04 	 6.48346e-04 
1.921 	 1.58368e-03 	 9.10366e-04 	 6.73312e-04 
1.904 	 1.64324e-03 	 9.42042e-04 	 7.01201e-04 
1.888 	 1.70478e-03 	 9.74350e-04 	 7.30430e-04 
1.873 	 1.76844e-03 	 1.00790e-03 	 7.60535e-04 
1.857 	 1.83437e-03 	 1.04292e-03 	 7.91450e-04 
1.842 	 1.90274e-03 	 1.07953e-03 	 8.23216e-04 
1.827 	 1.97371e-03 	 1.11781e-03 	 8.55905e-04 
1.812 	 2.04743e-03 	 1.15784e-03 	 8.89591e-04 
1.798 	 2.12407e-03 	 1.19971e-03 	 9.24351e-04 
1.783 	 2.20379e-03 	 1.24353e-03 	 9.60259e-04 
1.769 	 2.28678e-03 	 1.28939e-03 	 9.97397e-04 
1.755 	 2.37325e-03 	 1.33740e-03 	 1.03585e-03 
1.742 	 2.46340e-03 	 1.38770e-03 	 1.07571e-03 
1.728 	 2.55746e-03 	 1.44040e-03 	 1.11706e-03 
1.715 	 2.65567e-03 	 1.49566e-03 	 1.16000e-03 
1.702 	 2.75827e-03 	 1.55363e-03 	 1.20464e-03 
1.689 	 2.86557e-03 	 1.61448e-03 	 1.25109e-03 
1.677 	 2.97785e-03 	 1.67839e-03 	 1.29946e-03 
1.664 	 3.09546e-03 	 1.74557e-03 	 1.34989e-03 
1.652 	 3.21874e-03 	 1.81624e-03 	 1.40250e-03 
1.640 	 3.34808e-03 	 1.89062e-03 	 1.45746e-03 
1.628 	 3.48388e-03 	 1.96896e-03 	 1.51492e-03 
1.616 	 3.62657e-03 	 2.05152e-03 	 1.57505e-03 
1.605 	 3.77665e-03 	 2.13861e-03 	 1.63804e-03 
1.593 	 3.93464e-03 	 2.23054e-03 	 1.70410e-03 
1.582 	 4.10113e-03 	 2.32768e-03 	 1.77344e-03 
1.571 	 4.27674e-03 	 2.43041e-03 	 1.84633e-03 
1.560 	 4.46215e-03 	 2.53915e-03 	 1.92301e-03 
1.549 	 4.65812e-03 	 2.65435e-03 	 2.00377e-03 
1.539 	 4.86545e-03 	 2.77651e-03 	 2.08894e-03 
1.528 	 5.08505e-03 	 2.90620e-03 	 2.17885e-03 
1.518 	 5.31790e-03 	 3.04402e-03 	 2.27388e-03 
1.508 	 5.56510e-03 	 3.19064e-03 	 2.37446e-03 
1.497 	 5.82783e-03 	 3.34680e-03 	 2.48103e-03 
1.488 	 6.10741e-03 	 3.51330e-03 	 2.59411e-03 
1.478 	 6.40532e-03 	 3.69107e-03 	 2.71425e-03 
1.468 	 6.72317e-03 	 3.88108e-03 	 2.84208e-03 
1.459 	 7.06275e-03 	 4.08447e-03 	 2.97829e-03 
1.449 	 7.42609e-03 	 4.30246e-03 	 3.12362e-03 
1.440 	 7.81540e-03 	 4.53645e-03 	 3.27895e-03 
1.431 	 8.23320e-03 	 4.78799e-03 	 3.44522e-03 
1.422 	 8.68229e-03 	 5.05880e-03 	 3.62349e-03 
1.413 	 9.16583e-03 	 5.35086e-03 	 3.81497e-03 
1.404 	 9.68736e-03 	 5.66635e-03 	 4.02100e-03 
1.395 	 1.02509e-02 	 6.00777e-03 	 4.24311e-03 
1.386 	 1.08609e-02 	 6.37793e-03 	 4.48301e-03 
1.378 	 1.15226e-02 	 6.78002e-03 	 4.74263e-03 
1.369 	 1.22419e-02 	 7.21768e-03 	 5.02419e-03 
1.361 	 1.30253e-02 	 7.69507e-03 	 5.33020e-03 
1.353 	 1.38805e-02 	 8.21695e-03 	 5.66355e-03 
1.345 	 1.48163e-02 	 8.78878e-03 	 6.02754e-03 
1.337 	 1.58429e-02 	 9.41688e-03 	 6.42598e-03 
1.329 	 1.69718e-02 	 1.01085e-02 	 6.86326e-03 
1.321 	 1.82166e-02 	 1.08722e-02 	 7.34445e-03 
1.313 	 1.95931e-02 	 1.17177e-02 	 7.87546e-03 
1.306 	 2.11197e-02 	 1.26565e-02 	 8.46315e-03 
1.298 	 2.28177e-02 	 1.37021e-02 	 9.11556e-03 
1.291 	 2.47124e-02 	 1.48703e-02 	 9.84211e-03 
1.283 	 2.68337e-02 	 1.61798e-02 	 1.06539e-02 
1.276 	 2.92165e-02 	 1.76525e-02 	 1.15640e-02 
1.269 	 3.19025e-02 	 1.93147e-02 	 1.25878e-02 
1.262 	 3.49410e-02 	 2.11973e-02 	 1.37438e-02 
1.255 	 3.83906e-02 	 2.33372e-02 	 1.50535e-02 
1.248 	 4.23208e-02 	 2.57782e-02 	 1.65426e-02 
1.241 	 4.68139e-02 	 2.85724e-02 	 1.82415e-02 
1.234 	 5.19669e-02 	 3.17810e-02 	 2.01860e-02 
1.227 	 5.78935e-02 	 3.54760e-02 	 2.24175e-02 
1.220 	 6.47243e-02 	 3.97405e-02 	 2.49838e-02 
1.214 	 7.26067e-02 	 4.46682e-02 	 2.79385e-02 
1.207 	 8.16997e-02 	 5.03609e-02 	 3.13388e-02 
1.201 	 9.21631e-02 	 5.69215e-02 	 3.52416e-02 
1.194 	 1.04136e-01 	 6.44406e-02 	 3.96950e-02 
1.188 	 1.17696e-01 	 7.29721e-02 	 4.47238e-02 
1.182 	 1.32799e-01 	 8.24937e-02 	 5.03056e-02 
1.176 	 1.49188e-01 	 9.28500e-02 	 5.63378e-02 
1.169 	 1.66279e-01 	 1.03682e-01 	 6.25972e-02 
1.163 	 1.83073e-01 	 1.14367e-01 	 6.87058e-02 
1.157 	 1.98131e-01 	 1.24003e-01 	 7.41277e-02 
1.151 	 2.09743e-01 	 1.31512e-01 	 7.82308e-02 
1.146 	 2.16295e-01 	 1.35867e-01 	 8.04275e-02 
1.140 	 2.16769e-01 	 1.36411e-01 	 8.03581e-02 
1.134 	 2.11116e-01 	 1.33091e-01 	 7.80247e-02 
1.128 	 2.00268e-01 	 1.26476e-01 	 7.37917e-02 
1.123 	 1.85791e-01 	 1.17539e-01 	 6.82518e-02 
1.117 	 1.69393e-01 	 1.07351e-01 	 6.20418e-02 
1.112 	 1.52533e-01 	 9.68325e-02 	 5.57007e-02 
1.106 	 1.36249e-01 	 8.66418e-02 	 4.96073e-02 
1.101 	 1.21158e-01 	 7.71749e-02 	 4.39833e-02 
1.095 	 1.07549e-01 	 6.86199e-02 	 3.89290e-02 
1.090 	 9.54888e-02 	 6.10252e-02 	 3.44636e-02 
1.085 	 8.49156e-02 	 5.43560e-02 	 3.05595e-02 
1.079 	 7.57016e-02 	 4.85357e-02 	 2.71659e-02 
1.074 	 6.76943e-02 	 4.34705e-02 	 2.42238e-02 
1.069 	 6.07392e-02 	 3.90652e-02 	 2.16741e-02 
1.064 	 5.46919e-02 	 3.52300e-02 	 1.94620e-02 
1.059 	 4.94231e-02 	 3.18845e-02 	 1.75387e-02 
1.054 	 4.48202e-02 	 2.89583e-02 	 1.58619e-02 
1.049 	 4.07862e-02 	 2.63909e-02 	 1.43954e-02 
1.044 	 3.72391e-02 	 2.41308e-02 	 1.31083e-02 
1.039 	 3.41091e-02 	 2.21342e-02 	 1.19748e-02 
1.035 	 3.13373e-02 	 2.03643e-02 	 1.09730e-02 
1.030 	 2.88743e-02 	 1.87898e-02 	 1.00845e-02 
1.025 	 2.66779e-02 	 1.73842e-02 	 9.29364e-03 
1.020 	 2.47127e-02 	 1.61253e-02 	 8.58739e-03 
1.016 	 2.29487e-02 	 1.49941e-02 	 7.95461e-03 
1.011 	 2.13603e-02 	 1.39744e-02 	 7.38589e-03 
1.007 	 1.99257e-02 	 1.30525e-02 	 6.87318e-03 
1.002 	 1.86261e-02 	 1.22165e-02 	 6.40963e-03 
0.998 	 1.74457e-02 	 1.14563e-02 	 5.98935e-03 
0.993 	 1.63706e-02 	 1.07633e-02 	 5.60729e-03 
0.989 	 1.53889e-02 	 1.01298e-02 	 5.25910e-03 
0.985 	 1.44903e-02 	 9.54935e-03 	 4.94099e-03 
0.980 	 1.36660e-02 	 9.01626e-03 	 4.64969e-03 
0.976 	 1.29079e-02 	 8.52558e-03 	 4.38236e-03 
0.972 	 1.22095e-02 	 8.07297e-03 	 4.13649e-03 
0.968 	 1.15645e-02 	 7.65461e-03 	 3.90990e-03 
0.963 	 1.09679e-02 	 7.26717e-03 	 3.70069e-03 
0.959 	 1.04148e-02 	 6.90768e-03 	 3.50714e-03 
0.955 	 9.90132e-03 	 6.57353e-03 	 3.32778e-03 
0.951 	 9.42368e-03 	 6.26240e-03 	 3.16128e-03 
0.947 	 8.97868e-03 	 5.97222e-03 	 3.00647e-03 
0.943 	 8.56343e-03 	 5.70115e-03 	 2.86229e-03 
0.939 	 8.17535e-03 	 5.44754e-03 	 2.72781e-03 
0.935 	 7.81214e-03 	 5.20993e-03 	 2.60221e-03 
0.931 	 7.47171e-03 	 4.98699e-03 	 2.48472e-03 
0.928 	 7.15221e-03 	 4.77752e-03 	 2.37469e-03 
0.924 	 6.85196e-03 	 4.58046e-03 	 2.27150e-03 
0.920 	 6.56944e-03 	 4.39484e-03 	 2.17460e-03 
0.916 	 6.30330e-03 	 4.21978e-03 	 2.08352e-03 
0.913 	 6.05228e-03 	 4.05449e-03 	 1.99779e-03 
0.909 	 5.81526e-03 	 3.89824e-03 	 1.91702e-03 
0.905 	 5.59122e-03 	 3.75038e-03 	 1.84083e-03 
0.902 	 5.37922e-03 	 3.61031e-03 	 1.76890e-03 
0.898 	 5.17841e-03 	 3.47749e-03 	 1.70092e-03 
0.894 	 4.98802e-03 	 3.35142e-03 	 1.63661e-03 
0.891 	 4.80734e-03 	 3.23163e-03 	 1.57571e-03 
0.887 	 4.63571e-03 	 3.11772e-03 	 1.51799e-03 
0.884 	 4.47253e-03 	 3.00929e-03 	 1.46324e-03 
0.880 	 4.31725e-03 	 2.90599e-03 	 1.41126e-03 
0.877 	 4.16937e-03 	 2.80749e-03 	 1.36188e-03 
0.873 	 4.02842e-03 	 2.71350e-03 	 1.31491e-03 
0.870 	 3.89397e-03 	 2.62374e-03 	 1.27022e-03 
0.867 	 3.76561e-03 	 2.53795e-03 	 1.22766e-03 
0.863 	 3.64299e-03 	 2.45589e-03 	 1.18710e-03 
0.860 	 3.52576e-03 	 2.37735e-03 	 1.14842e-03 
0.857 	 3.41361e-03 	 2.30211e-03 	 1.11150e-03 
0.853 	 3.30624e-03 	 2.22999e-03 	 1.07625e-03 
0.850 	 3.20337e-03 	 2.16081e-03 	 1.04256e-03 
0.847 	 3.10476e-03 	 2.09442e-03 	 1.01035e-03 
0.844 	 3.01018e-03 	 2.03065e-03 	 9.79526e-04 
0.841 	 2.91939e-03 	 1.96937e-03 	 9.50022e-04 
0.838 	 2.83220e-03 	 1.91044e-03 	 9.21762e-04 
0.834 	 2.74841e-03 	 1.85374e-03 	 8.94677e-04 
0.831 	 2.66786e-03 	 1.79915e-03 	 8.68705e-04 
0.828 	 2.59036e-03 	 1.74657e-03 	 8.43786e-04 
0.825 	 2.51577e-03 	 1.69590e-03 	 8.19867e-04 
0.822 	 2.44393e-03 	 1.64703e-03 	 7.96895e-04 
0.819 	 2.37471e-03 	 1.59989e-03 	 7.74823e-04 
0.816 	 2.30798e-03 	 1.55438e-03 	 7.53604e-04 
0.813 	 2.24363e-03 	 1.51043e-03 	 7.33196e-04 
0.810 	 2.18152e-03 	 1.46796e-03 	 7.13560e-04 
0.807 	 2.12157e-03 	 1.42691e-03 	 6.94658e-04 
0.804 	 2.06366e-03 	 1.38721e-03 	 6.76454e-04 
0.802 	 2.00770e-03 	 1.34879e-03 	 6.58915e-04 
0.799 	 1.95360e-03 	 1.31159e-03 	 6.42010e-04 
0.796 	 1.90128e-03 	 1.27557e-03 	 6.25709e-04 
0.793 	 1.85065e-03 	 1.24067e-03 	 6.09985e-04 
0.790 	 1.80165e-03 	 1.20684e-03 	 5.94811e-04 
0.788 	 1.75419e-03 	 1.17403e-03 	 5.80163e-04 
0.785 	 1.70821e-03 	 1.14220e-03 	 5.66016e-04 
0.782 	 1.66365e-03 	 1.11130e-03 	 5.52350e-04 
0.779 	 1.62045e-03 	 1.08131e-03 	 5.39142e-04 
0.777 	 1.57855e-03 	 1.05217e-03 	 5.26374e-04 
0.774 	 1.53789e-03 	 1.02386e-03 	 5.14026e-04 
0.771 	 1.49842e-03 	 9.96344e-04 	 5.02080e-04 
0.769 	 1.46010e-03 	 9.69584e-04 	 4.90520e-04 
0.766 	 1.42288e-03 	 9.43555e-04 	 4.79330e-04 
0.763 	 1.38672e-03 	 9.18226e-04 	 4.68494e-04 
0.761 	 1.35157e-03 	 8.93570e-04 	 4.57999e-04 
0.758 	 1.31739e-03 	 8.69562e-04 	 4.47829e-04 
0.756 	 1.28415e-03 	 8.46176e-04 	 4.37974e-04 
0.753 	 1.25181e-03 	 8.23389e-04 	 4.28419e-04 
0.751 	 1.22033e-03 	 8.01179e-04 	 4.19153e-04 
0.748 	 1.18969e-03 	 7.79523e-04 	 4.10165e-04 
0.746 	 1.15985e-03 	 7.58403e-04 	 4.01444e-04 
0.743 	 1.13078e-03 	 7.37797e-04 	 3.92981e-04 
0.741 	 1.10245e-03 	 7.17688e-04 	 3.84764e-04 
0.738 	 1.07484e-03 	 6.98057e-04 	 3.76786e-04 
0.736 	 1.04792e-03 	 6.78887e-04 	 3.69037e-04 
0.733 	 1.02167e-03 	 6.60162e-04 	 3.61508e-04 
0.731 	 9.96059e-04 	 6.41866e-04 	 3.54192e-04 
0.729 	 9.71066e-04 	 6.23985e-04 	 3.47081e-04 
0.726 	 9.46671e-04 	 6.06503e-04 	 3.40168e-04 
0.724 	 9.22853e-04 	 5.89408e-04 	 3.33445e-04 
0.722 	 8.99592e-04 	 5.72686e-04 	 3.26906e-04 
0.719 	 8.76869e-04 	 5.56324e-04 	 3.20544e-04 
0.717 	 8.54665e-04 	 5.40311e-04 	 3.14354e-04 
0.715 	 8.32963e-04 	 5.24635e-04 	 3.08328e-04 
0.712 	 8.11747e-04 	 5.09284e-04 	 3.02463e-04 
0.710 	 7.91000e-04 	 4.94249e-04 	 2.96751e-04 
0.708 	 7.70707e-04 	 4.79518e-04 	 2.91189e-04 
0.706 	 7.50853e-04 	 4.65083e-04 	 2.85770e-04 
0.704 	 7.31424e-04 	 4.50933e-04 	 2.80491e-04 
0.701 	 7.12407e-04 	 4.37061e-04 	 2.75346e-04 
0.699 	 6.93788e-04 	 4.23456e-04 	 2.70332e-04 
0.697 	 6.75555e-04 	 4.10112e-04 	 2.65443e-04 
0.695 	 6.57696e-04 	 3.97019e-04 	 2.60677e-04 
0.693 	 6.40200e-04 	 3.84171e-04 	 2.56029e-04 
0.691 	 6.23055e-04 	 3.71560e-04 	 2.51495e-04 
0.688 	 6.06250e-04 	 3.59178e-04 	 2.47072e-04 
0.686 	 5.89775e-04 	 3.47019e-04 	 2.42756e-04 
0.684 	 5.73621e-04 	 3.35077e-04 	 2.38544e-04 
0.682 	 5.57777e-04 	 3.23344e-04 	 2.34433e-04 
0.680 	 5.42235e-04 	 3.11816e-04 	 2.30419e-04 
0.678 	 5.26985e-04 	 3.00485e-04 	 2.26501e-04 
0.676 	 5.12020e-04 	 2.89346e-04 	 2.22674e-04 
0.674 	 4.97330e-04 	 2.78394e-04 	 2.18936e-04 
0.672 	 4.82908e-04 	 2.67623e-04 	 2.15285e-04 
0.670 	 4.68746e-04 	 2.57029e-04 	 2.11717e-04 
0.668 	 4.54837e-04 	 2.46606e-04 	 2.08231e-04 
0.666 	 4.41173e-04 	 2.36349e-04 	 2.04824e-04 
0.664 	 4.27749e-04 	 2.26255e-04 	 2.01494e-04 
0.662 	 4.14556e-04 	 2.16317e-04 	 1.98238e-04 
0.660 	 4.01588e-04 	 2.06533e-04 	 1.95055e-04 
0.658 	 3.88840e-04 	 1.96898e-04 	 1.91942e-04 
0.656 	 3.76306e-04 	 1.87408e-04 	 1.88898e-04 
0.654 	 3.63978e-04 	 1.78059e-04 	 1.85920e-04 
0.652 	 3.51853e-04 	 1.68847e-04 	 1.83006e-04 
0.650 	 3.39924e-04 	 1.59769e-04 	 1.80156e-04 
0.649 	 3.28187e-04 	 1.50821e-04 	 1.77366e-04 
0.647 	 3.16635e-04 	 1.41999e-04 	 1.74636e-04 
0.645 	 3.05265e-04 	 1.33301e-04 	 1.71964e-04 
0.643 	 2.94071e-04 	 1.24723e-04 	 1.69348e-04 
0.641 	 2.83049e-04 	 1.16263e-04 	 1.66787e-04 
0.639 	 2.72195e-04 	 1.07916e-04 	 1.64279e-04 
0.638 	 2.61503e-04 	 9.96808e-05 	 1.61823e-04 
0.636 	 2.50971e-04 	 9.15538e-05 	 1.59417e-04 
0.634 	 2.40593e-04 	 8.35325e-05 	 1.57061e-04 
0.632 	 2.30366e-04 	 7.56140e-05 	 1.54752e-04 
0.630 	 2.20286e-04 	 6.77960e-05 	 1.52490e-04 
0.629 	 2.10349e-04 	 6.00759e-05 	 1.50274e-04 
0.627 	 2.00553e-04 	 5.24512e-05 	 1.48101e-04 
0.625 	 1.90892e-04 	 4.49196e-05 	 1.45972e-04 
0.623 	 1.81364e-04 	 3.74788e-05 	 1.43885e-04 
0.622 	 1.71966e-04 	 3.01267e-05 	 1.41840e-04 
0.620 	 1.62695e-04 	 2.28610e-05 	 1.39834e-04 
0.618 	 1.53546e-04 	 1.56797e-05 	 1.37867e-04 
0.616 	 1.44518e-04 	 8.58069e-06 	 1.35938e-04 
0.615 	 1.35608e-04 	 1.56206e-06 	 1.34046e-04 
0.613 	 1.26812e-04 	 -5.37811e-06 	 1.32190e-04 
0.611 	 1.18128e-04 	 -1.22417e-05 	 1.30370e-04 
0.610 	 1.09553e-04 	 -1.90305e-05 	 1.28584e-04 
0.608 	 1.01085e-04 	 -2.57463e-05 	 1.26831e-04 
0.606 	 9.27212e-05 	 -3.23907e-05 	 1.25112e-04 
0.605 	 8.44589e-05 	 -3.89655e-05 	 1.23424e-04 
0.603 	 7.62959e-05 	 -4.54723e-05 	 1.21768e-04 
0.602 	 6.82300e-05 	 -5.19125e-05 	 1.20143e-04 
0.600 	 6.02588e-05 	 -5.82878e-05 	 1.18547e-04 
