Energy [eV] Ext Cross [um^2] Abs Cross [um^2] Sca Cross [um^2] 
3.000 	 2.55942e-04 	 2.54748e-04 	 1.19378e-06 
2.960 	 2.65478e-04 	 2.62400e-04 	 3.07768e-06 
2.922 	 2.75447e-04 	 2.69340e-04 	 6.10743e-06 
2.884 	 2.87281e-04 	 2.77032e-04 	 1.02488e-05 
2.848 	 2.99795e-04 	 2.84452e-04 	 1.53429e-05 
2.812 	 3.12953e-04 	 2.91575e-04 	 2.13784e-05 
2.777 	 3.28049e-04 	 2.99804e-04 	 2.82451e-05 
2.743 	 3.44416e-04 	 3.08511e-04 	 3.59054e-05 
2.710 	 3.61722e-04 	 3.17366e-04 	 4.43556e-05 
2.678 	 3.79520e-04 	 3.26076e-04 	 5.34440e-05 
2.646 	 3.98513e-04 	 3.35368e-04 	 6.31444e-05 
2.615 	 4.18549e-04 	 3.45109e-04 	 7.34397e-05 
2.585 	 4.39552e-04 	 3.55255e-04 	 8.42969e-05 
2.556 	 4.61466e-04 	 3.65779e-04 	 9.56869e-05 
2.527 	 4.84262e-04 	 3.76680e-04 	 1.07582e-04 
2.499 	 5.07927e-04 	 3.87970e-04 	 1.19957e-04 
2.471 	 5.32458e-04 	 3.99669e-04 	 1.32789e-04 
2.444 	 5.57862e-04 	 4.11798e-04 	 1.46064e-04 
2.418 	 5.84075e-04 	 4.24316e-04 	 1.59760e-04 
2.392 	 6.10952e-04 	 4.37082e-04 	 1.73871e-04 
2.367 	 6.38713e-04 	 4.50320e-04 	 1.88394e-04 
2.342 	 6.67412e-04 	 4.64094e-04 	 2.03318e-04 
2.318 	 6.97113e-04 	 4.78477e-04 	 2.18635e-04 
2.294 	 7.27994e-04 	 4.93659e-04 	 2.34335e-04 
2.271 	 7.60006e-04 	 5.09620e-04 	 2.50386e-04 
2.248 	 7.91839e-04 	 5.25060e-04 	 2.66779e-04 
2.226 	 8.23917e-04 	 5.40314e-04 	 2.83603e-04 
2.204 	 8.57232e-04 	 5.56383e-04 	 3.00849e-04 
2.182 	 8.91712e-04 	 5.73213e-04 	 3.18500e-04 
2.161 	 9.27238e-04 	 5.90682e-04 	 3.36556e-04 
2.141 	 9.63756e-04 	 6.08729e-04 	 3.55028e-04 
2.121 	 1.00123e-03 	 6.27307e-04 	 3.73926e-04 
2.101 	 1.03963e-03 	 6.46367e-04 	 3.93265e-04 
2.081 	 1.07889e-03 	 6.65832e-04 	 4.13061e-04 
2.062 	 1.11889e-03 	 6.85558e-04 	 4.33333e-04 
2.043 	 1.15939e-03 	 7.05281e-04 	 4.54106e-04 
2.025 	 1.19991e-03 	 7.24503e-04 	 4.75406e-04 
2.007 	 1.23951e-03 	 7.42249e-04 	 4.97260e-04 
1.989 	 1.27634e-03 	 7.56665e-04 	 5.19679e-04 
1.971 	 1.30750e-03 	 7.64929e-04 	 5.42569e-04 
1.954 	 1.33337e-03 	 7.67826e-04 	 5.65540e-04 
1.937 	 1.37303e-03 	 7.84878e-04 	 5.88153e-04 
1.921 	 1.44308e-03 	 8.31709e-04 	 6.11368e-04 
1.904 	 1.52069e-03 	 8.84617e-04 	 6.36068e-04 
1.888 	 1.59263e-03 	 9.30712e-04 	 6.61913e-04 
1.873 	 1.66030e-03 	 9.71692e-04 	 6.88606e-04 
1.857 	 1.72645e-03 	 1.01038e-03 	 7.16069e-04 
1.842 	 1.79278e-03 	 1.04846e-03 	 7.44315e-04 
1.827 	 1.86023e-03 	 1.08685e-03 	 7.73382e-04 
1.812 	 1.92938e-03 	 1.12607e-03 	 8.03315e-04 
1.798 	 2.00060e-03 	 1.16644e-03 	 8.34162e-04 
1.783 	 2.07417e-03 	 1.20820e-03 	 8.65975e-04 
1.769 	 2.15032e-03 	 1.25151e-03 	 8.98809e-04 
1.755 	 2.22927e-03 	 1.29654e-03 	 9.32725e-04 
1.742 	 2.31121e-03 	 1.34342e-03 	 9.67786e-04 
1.728 	 2.39635e-03 	 1.39229e-03 	 1.00406e-03 
1.715 	 2.48488e-03 	 1.44327e-03 	 1.04161e-03 
1.702 	 2.57702e-03 	 1.49650e-03 	 1.08052e-03 
1.689 	 2.67298e-03 	 1.55213e-03 	 1.12086e-03 
1.677 	 2.77301e-03 	 1.61030e-03 	 1.16272e-03 
1.664 	 2.87736e-03 	 1.67117e-03 	 1.20619e-03 
1.652 	 2.98629e-03 	 1.73491e-03 	 1.25138e-03 
1.640 	 3.10011e-03 	 1.80172e-03 	 1.29839e-03 
1.628 	 3.21911e-03 	 1.87178e-03 	 1.34733e-03 
1.616 	 3.34362e-03 	 1.94530e-03 	 1.39832e-03 
1.605 	 3.47399e-03 	 2.02250e-03 	 1.45149e-03 
1.593 	 3.61061e-03 	 2.10362e-03 	 1.50699e-03 
1.582 	 3.75390e-03 	 2.18892e-03 	 1.56498e-03 
1.571 	 3.90430e-03 	 2.27869e-03 	 1.62561e-03 
1.560 	 4.06231e-03 	 2.37323e-03 	 1.68907e-03 
1.549 	 4.22844e-03 	 2.47288e-03 	 1.75556e-03 
1.539 	 4.40328e-03 	 2.57799e-03 	 1.82528e-03 
1.528 	 4.58744e-03 	 2.68897e-03 	 1.89847e-03 
1.518 	 4.78160e-03 	 2.80623e-03 	 1.97537e-03 
1.508 	 4.98650e-03 	 2.93024e-03 	 2.05626e-03 
1.497 	 5.20296e-03 	 3.06152e-03 	 2.14143e-03 
1.488 	 5.43184e-03 	 3.20063e-03 	 2.23121e-03 
1.478 	 5.67413e-03 	 3.34817e-03 	 2.32596e-03 
1.468 	 5.93089e-03 	 3.50482e-03 	 2.42607e-03 
1.459 	 6.20327e-03 	 3.67132e-03 	 2.53195e-03 
1.449 	 6.49257e-03 	 3.84847e-03 	 2.64410e-03 
1.440 	 6.80019e-03 	 4.03719e-03 	 2.76301e-03 
1.431 	 7.12772e-03 	 4.23846e-03 	 2.88926e-03 
1.422 	 7.47688e-03 	 4.45338e-03 	 3.02350e-03 
1.413 	 7.84959e-03 	 4.68318e-03 	 3.16641e-03 
1.404 	 8.24801e-03 	 4.92922e-03 	 3.31879e-03 
1.395 	 8.67451e-03 	 5.19300e-03 	 3.48150e-03 
1.386 	 9.13174e-03 	 5.47623e-03 	 3.65551e-03 
1.378 	 9.62267e-03 	 5.78078e-03 	 3.84189e-03 
1.369 	 1.01506e-02 	 6.10877e-03 	 4.04185e-03 
1.361 	 1.07193e-02 	 6.46258e-03 	 4.25674e-03 
1.353 	 1.13330e-02 	 6.84490e-03 	 4.48809e-03 
1.345 	 1.19964e-02 	 7.25875e-03 	 4.73761e-03 
1.337 	 1.27148e-02 	 7.70758e-03 	 5.00727e-03 
1.329 	 1.34945e-02 	 8.19527e-03 	 5.29925e-03 
1.321 	 1.43423e-02 	 8.72627e-03 	 5.61607e-03 
1.313 	 1.52662e-02 	 9.30562e-03 	 5.96058e-03 
1.306 	 1.62752e-02 	 9.93913e-03 	 6.33603e-03 
1.298 	 1.73796e-02 	 1.06335e-02 	 6.74615e-03 
1.291 	 1.85915e-02 	 1.13962e-02 	 7.19526e-03 
1.283 	 1.99247e-02 	 1.22364e-02 	 7.68830e-03 
1.276 	 2.13951e-02 	 1.31641e-02 	 8.23101e-03 
1.269 	 2.30213e-02 	 1.41913e-02 	 8.83003e-03 
1.262 	 2.48250e-02 	 1.53319e-02 	 9.49309e-03 
1.255 	 2.68314e-02 	 1.66022e-02 	 1.02292e-02 
1.248 	 2.90701e-02 	 1.80212e-02 	 1.10489e-02 
1.241 	 3.15756e-02 	 1.96111e-02 	 1.19645e-02 
1.234 	 3.43890e-02 	 2.13984e-02 	 1.29906e-02 
1.227 	 3.75581e-02 	 2.34140e-02 	 1.41441e-02 
1.220 	 4.11396e-02 	 2.56945e-02 	 1.54451e-02 
1.214 	 4.52001e-02 	 2.82830e-02 	 1.69171e-02 
1.207 	 4.98180e-02 	 3.12302e-02 	 1.85878e-02 
1.201 	 5.50847e-02 	 3.45955e-02 	 2.04892e-02 
1.194 	 6.11062e-02 	 3.84477e-02 	 2.26585e-02 
1.188 	 6.80035e-02 	 4.28657e-02 	 2.51378e-02 
1.182 	 7.59117e-02 	 4.79377e-02 	 2.79740e-02 
1.176 	 8.49756e-02 	 5.37587e-02 	 3.12169e-02 
1.169 	 9.53407e-02 	 6.04247e-02 	 3.49161e-02 
1.163 	 1.07135e-01 	 6.80213e-02 	 3.91138e-02 
1.157 	 1.20438e-01 	 7.66035e-02 	 4.38343e-02 
1.151 	 1.35229e-01 	 8.61637e-02 	 4.90656e-02 
1.146 	 1.51319e-01 	 9.65852e-02 	 5.47340e-02 
1.140 	 1.68258e-01 	 1.07584e-01 	 6.06733e-02 
1.134 	 1.85247e-01 	 1.18653e-01 	 6.65941e-02 
1.128 	 2.01103e-01 	 1.29030e-01 	 7.20725e-02 
1.123 	 2.14332e-01 	 1.37753e-01 	 7.65788e-02 
1.117 	 2.23377e-01 	 1.43810e-01 	 7.95671e-02 
1.112 	 2.27006e-01 	 1.46392e-01 	 8.06141e-02 
1.106 	 2.24703e-01 	 1.45148e-01 	 7.95547e-02 
1.101 	 2.16845e-01 	 1.40304e-01 	 7.65410e-02 
1.095 	 2.04564e-01 	 1.32575e-01 	 7.19894e-02 
1.090 	 1.89382e-01 	 1.22935e-01 	 6.64473e-02 
1.085 	 1.72808e-01 	 1.12356e-01 	 6.04516e-02 
1.079 	 1.56071e-01 	 1.01636e-01 	 5.44353e-02 
1.074 	 1.40026e-01 	 9.13305e-02 	 4.86950e-02 
1.069 	 1.25171e-01 	 8.17691e-02 	 4.34018e-02 
1.064 	 1.11738e-01 	 7.31064e-02 	 3.86312e-02 
1.059 	 9.97743e-02 	 6.53789e-02 	 3.43954e-02 
1.054 	 8.92217e-02 	 5.85524e-02 	 3.06693e-02 
1.049 	 7.99646e-02 	 5.25557e-02 	 2.74088e-02 
1.044 	 7.18655e-02 	 4.73024e-02 	 2.45630e-02 
1.039 	 6.47841e-02 	 4.27036e-02 	 2.20805e-02 
1.035 	 5.85879e-02 	 3.86750e-02 	 1.99130e-02 
1.030 	 5.31570e-02 	 3.51399e-02 	 1.80171e-02 
1.025 	 4.83857e-02 	 3.20308e-02 	 1.63550e-02 
1.020 	 4.41824e-02 	 2.92887e-02 	 1.48936e-02 
1.016 	 4.04681e-02 	 2.68633e-02 	 1.36048e-02 
1.011 	 3.71757e-02 	 2.47111e-02 	 1.24646e-02 
1.007 	 3.42478e-02 	 2.27952e-02 	 1.14526e-02 
1.002 	 3.16358e-02 	 2.10843e-02 	 1.05515e-02 
0.998 	 2.92980e-02 	 1.95515e-02 	 9.74652e-03 
0.993 	 2.71993e-02 	 1.81741e-02 	 9.02521e-03 
0.989 	 2.53094e-02 	 1.69325e-02 	 8.37690e-03 
0.985 	 2.36027e-02 	 1.58102e-02 	 7.79249e-03 
0.980 	 2.20569e-02 	 1.47927e-02 	 7.26419e-03 
0.976 	 2.06531e-02 	 1.38678e-02 	 6.78532e-03 
0.972 	 1.93750e-02 	 1.30249e-02 	 6.35011e-03 
0.968 	 1.82083e-02 	 1.22547e-02 	 5.95359e-03 
0.963 	 1.71407e-02 	 1.15493e-02 	 5.59146e-03 
0.959 	 1.61617e-02 	 1.09017e-02 	 5.25995e-03 
0.955 	 1.52618e-02 	 1.03060e-02 	 4.95583e-03 
0.951 	 1.44329e-02 	 9.75670e-03 	 4.67623e-03 
0.947 	 1.36679e-02 	 9.24925e-03 	 4.41865e-03 
0.943 	 1.29604e-02 	 8.77952e-03 	 4.18090e-03 
0.939 	 1.23049e-02 	 8.34389e-03 	 3.96104e-03 
0.935 	 1.16965e-02 	 7.93916e-03 	 3.75737e-03 
0.931 	 1.11309e-02 	 7.56249e-03 	 3.56836e-03 
0.928 	 1.06040e-02 	 7.21135e-03 	 3.39268e-03 
0.924 	 1.01126e-02 	 6.88350e-03 	 3.22913e-03 
0.920 	 9.65355e-03 	 6.57691e-03 	 3.07664e-03 
0.916 	 9.22405e-03 	 6.28979e-03 	 2.93425e-03 
0.913 	 8.82164e-03 	 6.02052e-03 	 2.80111e-03 
0.909 	 8.44411e-03 	 5.76765e-03 	 2.67646e-03 
0.905 	 8.08946e-03 	 5.52987e-03 	 2.55959e-03 
0.902 	 7.75589e-03 	 5.30599e-03 	 2.44989e-03 
0.898 	 7.44175e-03 	 5.09495e-03 	 2.34680e-03 
0.894 	 7.14557e-03 	 4.89577e-03 	 2.24980e-03 
0.891 	 6.86601e-03 	 4.70758e-03 	 2.15843e-03 
0.887 	 6.60185e-03 	 4.52957e-03 	 2.07228e-03 
0.884 	 6.35197e-03 	 4.36102e-03 	 1.99095e-03 
0.880 	 6.11537e-03 	 4.20126e-03 	 1.91411e-03 
0.877 	 5.89111e-03 	 4.04967e-03 	 1.84144e-03 
0.873 	 5.67834e-03 	 3.90571e-03 	 1.77264e-03 
0.870 	 5.47630e-03 	 3.76886e-03 	 1.70745e-03 
0.867 	 5.28427e-03 	 3.63865e-03 	 1.64562e-03 
0.863 	 5.10159e-03 	 3.51465e-03 	 1.58694e-03 
0.860 	 4.92766e-03 	 3.39647e-03 	 1.53119e-03 
0.857 	 4.76193e-03 	 3.28373e-03 	 1.47820e-03 
0.853 	 4.60388e-03 	 3.17611e-03 	 1.42777e-03 
0.850 	 4.45304e-03 	 3.07329e-03 	 1.37976e-03 
0.847 	 4.30898e-03 	 2.97498e-03 	 1.33401e-03 
0.844 	 4.17130e-03 	 2.88091e-03 	 1.29039e-03 
0.841 	 4.03961e-03 	 2.79084e-03 	 1.24876e-03 
0.838 	 3.91357e-03 	 2.70455e-03 	 1.20902e-03 
0.834 	 3.79285e-03 	 2.62181e-03 	 1.17105e-03 
0.831 	 3.67717e-03 	 2.54242e-03 	 1.13475e-03 
0.828 	 3.56624e-03 	 2.46621e-03 	 1.10002e-03 
0.825 	 3.45979e-03 	 2.39301e-03 	 1.06678e-03 
0.822 	 3.35759e-03 	 2.32264e-03 	 1.03495e-03 
0.819 	 3.25941e-03 	 2.25496e-03 	 1.00445e-03 
0.816 	 3.16504e-03 	 2.18984e-03 	 9.75204e-04 
0.813 	 3.07428e-03 	 2.12713e-03 	 9.47149e-04 
0.810 	 2.98694e-03 	 2.06672e-03 	 9.20223e-04 
0.807 	 2.90286e-03 	 2.00849e-03 	 8.94366e-04 
0.804 	 2.82186e-03 	 1.95233e-03 	 8.69524e-04 
0.802 	 2.74379e-03 	 1.89815e-03 	 8.45646e-04 
0.799 	 2.66852e-03 	 1.84583e-03 	 8.22683e-04 
0.796 	 2.59590e-03 	 1.79531e-03 	 8.00590e-04 
0.793 	 2.52580e-03 	 1.74648e-03 	 7.79325e-04 
0.790 	 2.45812e-03 	 1.69927e-03 	 7.58848e-04 
0.788 	 2.39273e-03 	 1.65361e-03 	 7.39120e-04 
0.785 	 2.32953e-03 	 1.60942e-03 	 7.20107e-04 
0.782 	 2.26842e-03 	 1.56664e-03 	 7.01776e-04 
0.779 	 2.20930e-03 	 1.52520e-03 	 6.84094e-04 
0.777 	 2.15209e-03 	 1.48506e-03 	 6.67033e-04 
0.774 	 2.09670e-03 	 1.44614e-03 	 6.50563e-04 
0.771 	 2.04305e-03 	 1.40839e-03 	 6.34660e-04 
0.769 	 1.99107e-03 	 1.37178e-03 	 6.19297e-04 
0.766 	 1.94069e-03 	 1.33624e-03 	 6.04451e-04 
0.763 	 1.89184e-03 	 1.30174e-03 	 5.90100e-04 
0.761 	 1.84445e-03 	 1.26823e-03 	 5.76223e-04 
0.758 	 1.79847e-03 	 1.23567e-03 	 5.62799e-04 
0.756 	 1.75383e-03 	 1.20402e-03 	 5.49809e-04 
0.753 	 1.71049e-03 	 1.17325e-03 	 5.37236e-04 
0.751 	 1.66838e-03 	 1.14332e-03 	 5.25062e-04 
0.748 	 1.62747e-03 	 1.11420e-03 	 5.13270e-04 
0.746 	 1.58771e-03 	 1.08586e-03 	 5.01846e-04 
0.743 	 1.54904e-03 	 1.05827e-03 	 4.90775e-04 
0.741 	 1.51144e-03 	 1.03139e-03 	 4.80043e-04 
0.738 	 1.47485e-03 	 1.00521e-03 	 4.69636e-04 
0.736 	 1.43924e-03 	 9.79694e-04 	 4.59541e-04 
0.733 	 1.40457e-03 	 9.54818e-04 	 4.49747e-04 
0.731 	 1.37080e-03 	 9.30560e-04 	 4.40243e-04 
0.729 	 1.33791e-03 	 9.06896e-04 	 4.31016e-04 
0.726 	 1.30586e-03 	 8.83806e-04 	 4.22057e-04 
0.724 	 1.27462e-03 	 8.61269e-04 	 4.13356e-04 
0.722 	 1.24417e-03 	 8.39264e-04 	 4.04903e-04 
0.719 	 1.21446e-03 	 8.17774e-04 	 3.96689e-04 
0.717 	 1.18549e-03 	 7.96781e-04 	 3.88705e-04 
0.715 	 1.15721e-03 	 7.76266e-04 	 3.80944e-04 
0.712 	 1.12961e-03 	 7.56214e-04 	 3.73396e-04 
0.710 	 1.10266e-03 	 7.36609e-04 	 3.66055e-04 
0.708 	 1.07635e-03 	 7.17436e-04 	 3.58914e-04 
0.706 	 1.05065e-03 	 6.98681e-04 	 3.51965e-04 
0.704 	 1.02553e-03 	 6.80329e-04 	 3.45202e-04 
0.701 	 1.00099e-03 	 6.62368e-04 	 3.38618e-04 
0.699 	 9.76991e-04 	 6.44784e-04 	 3.32207e-04 
0.697 	 9.53530e-04 	 6.27566e-04 	 3.25964e-04 
0.695 	 9.30585e-04 	 6.10702e-04 	 3.19883e-04 
0.693 	 9.08139e-04 	 5.94181e-04 	 3.13958e-04 
0.691 	 8.86176e-04 	 5.77991e-04 	 3.08184e-04 
0.688 	 8.64681e-04 	 5.62124e-04 	 3.02557e-04 
0.686 	 8.43639e-04 	 5.46567e-04 	 2.97071e-04 
0.684 	 8.23036e-04 	 5.31313e-04 	 2.91723e-04 
0.682 	 8.02859e-04 	 5.16352e-04 	 2.86507e-04 
0.680 	 7.83094e-04 	 5.01674e-04 	 2.81419e-04 
0.678 	 7.63729e-04 	 4.87272e-04 	 2.76456e-04 
0.676 	 7.44751e-04 	 4.73137e-04 	 2.71614e-04 
0.674 	 7.26150e-04 	 4.59261e-04 	 2.66888e-04 
0.672 	 7.07913e-04 	 4.45637e-04 	 2.62276e-04 
0.670 	 6.90030e-04 	 4.32257e-04 	 2.57773e-04 
0.668 	 6.72491e-04 	 4.19115e-04 	 2.53376e-04 
0.666 	 6.55285e-04 	 4.06202e-04 	 2.49083e-04 
0.664 	 6.38403e-04 	 3.93514e-04 	 2.44889e-04 
0.662 	 6.21835e-04 	 3.81042e-04 	 2.40793e-04 
0.660 	 6.05573e-04 	 3.68782e-04 	 2.36791e-04 
0.658 	 5.89608e-04 	 3.56727e-04 	 2.32880e-04 
0.656 	 5.73931e-04 	 3.44872e-04 	 2.29059e-04 
0.654 	 5.58534e-04 	 3.33211e-04 	 2.25323e-04 
0.652 	 5.43409e-04 	 3.21738e-04 	 2.21671e-04 
0.650 	 5.28550e-04 	 3.10449e-04 	 2.18100e-04 
0.649 	 5.13947e-04 	 2.99339e-04 	 2.14609e-04 
0.647 	 4.99596e-04 	 2.88402e-04 	 2.11194e-04 
0.645 	 4.85488e-04 	 2.77635e-04 	 2.07853e-04 
0.643 	 4.71617e-04 	 2.67032e-04 	 2.04586e-04 
0.641 	 4.57977e-04 	 2.56589e-04 	 2.01388e-04 
0.639 	 4.44562e-04 	 2.46302e-04 	 1.98260e-04 
0.638 	 4.31365e-04 	 2.36167e-04 	 1.95198e-04 
0.636 	 4.18381e-04 	 2.26180e-04 	 1.92201e-04 
0.634 	 4.05604e-04 	 2.16337e-04 	 1.89267e-04 
0.632 	 3.93029e-04 	 2.06635e-04 	 1.86394e-04 
0.630 	 3.80650e-04 	 1.97069e-04 	 1.83581e-04 
0.629 	 3.68463e-04 	 1.87637e-04 	 1.80827e-04 
0.627 	 3.56463e-04 	 1.78334e-04 	 1.78129e-04 
0.625 	 3.44645e-04 	 1.69158e-04 	 1.75486e-04 
0.623 	 3.33003e-04 	 1.60106e-04 	 1.72897e-04 
0.622 	 3.21535e-04 	 1.51174e-04 	 1.70361e-04 
0.620 	 3.10235e-04 	 1.42359e-04 	 1.67875e-04 
0.618 	 2.99099e-04 	 1.33659e-04 	 1.65439e-04 
0.616 	 2.88123e-04 	 1.25071e-04 	 1.63052e-04 
0.615 	 2.77303e-04 	 1.16591e-04 	 1.60712e-04 
0.613 	 2.66636e-04 	 1.08218e-04 	 1.58418e-04 
0.611 	 2.56117e-04 	 9.99491e-05 	 1.56168e-04 
0.610 	 2.45744e-04 	 9.17810e-05 	 1.53963e-04 
0.608 	 2.35511e-04 	 8.37118e-05 	 1.51800e-04 
0.606 	 2.25417e-04 	 7.57391e-05 	 1.49678e-04 
0.605 	 2.15458e-04 	 6.78606e-05 	 1.47597e-04 
0.603 	 2.05630e-04 	 6.00741e-05 	 1.45556e-04 
0.602 	 1.95931e-04 	 5.23775e-05 	 1.43554e-04 
0.600 	 1.86358e-04 	 4.47686e-05 	 1.41589e-04 
