Energy [eV] Ext Cross [um^2] Abs Cross [um^2] Sca Cross [um^2] 
3.000 	 1.83456e-04 	 1.82661e-04 	 7.94549e-07 
2.960 	 1.91943e-04 	 1.89844e-04 	 2.09835e-06 
2.922 	 2.01050e-04 	 1.96842e-04 	 4.20842e-06 
2.884 	 2.12001e-04 	 2.04899e-04 	 7.10178e-06 
2.848 	 2.24043e-04 	 2.13372e-04 	 1.06714e-05 
2.812 	 2.37327e-04 	 2.22395e-04 	 1.49313e-05 
2.777 	 2.54187e-04 	 2.34375e-04 	 1.98127e-05 
2.743 	 2.72939e-04 	 2.47775e-04 	 2.51635e-05 
2.710 	 2.84674e-04 	 2.53644e-04 	 3.10298e-05 
2.678 	 2.97449e-04 	 2.59878e-04 	 3.75719e-05 
2.646 	 3.13643e-04 	 2.68963e-04 	 4.46801e-05 
2.615 	 3.31776e-04 	 2.79459e-04 	 5.23172e-05 
2.585 	 3.51367e-04 	 2.90889e-04 	 6.04784e-05 
2.556 	 3.72279e-04 	 3.03111e-04 	 6.91677e-05 
2.527 	 3.94502e-04 	 3.16109e-04 	 7.83927e-05 
2.499 	 4.18099e-04 	 3.29934e-04 	 8.81651e-05 
2.471 	 4.43206e-04 	 3.44705e-04 	 9.85009e-05 
2.444 	 4.69910e-04 	 3.60490e-04 	 1.09420e-04 
2.418 	 4.97915e-04 	 3.76961e-04 	 1.20954e-04 
2.392 	 5.27670e-04 	 3.94522e-04 	 1.33148e-04 
2.367 	 5.59649e-04 	 4.13598e-04 	 1.46051e-04 
2.342 	 5.94227e-04 	 4.34502e-04 	 1.59725e-04 
2.318 	 6.32139e-04 	 4.57885e-04 	 1.74253e-04 
2.294 	 6.74895e-04 	 4.85155e-04 	 1.89739e-04 
2.271 	 7.25780e-04 	 5.19530e-04 	 2.06250e-04 
2.248 	 7.91219e-04 	 5.67842e-04 	 2.23376e-04 
2.226 	 8.69752e-04 	 6.31172e-04 	 2.38580e-04 
2.204 	 9.11561e-04 	 6.61072e-04 	 2.50489e-04 
2.182 	 9.22969e-04 	 6.56223e-04 	 2.66746e-04 
2.161 	 9.51107e-04 	 6.63935e-04 	 2.87172e-04 
2.141 	 9.94667e-04 	 6.85240e-04 	 3.09427e-04 
2.121 	 1.04757e-03 	 7.14569e-04 	 3.33000e-04 
2.101 	 1.10716e-03 	 7.49229e-04 	 3.57927e-04 
2.081 	 1.17252e-03 	 7.88161e-04 	 3.84357e-04 
2.062 	 1.24348e-03 	 8.31016e-04 	 4.12466e-04 
2.043 	 1.32023e-03 	 8.77787e-04 	 4.42445e-04 
2.025 	 1.40315e-03 	 9.28650e-04 	 4.74502e-04 
2.007 	 1.49276e-03 	 9.83897e-04 	 5.08868e-04 
1.989 	 1.58971e-03 	 1.04391e-03 	 5.45799e-04 
1.971 	 1.69475e-03 	 1.10917e-03 	 5.85579e-04 
1.954 	 1.80874e-03 	 1.18021e-03 	 6.28523e-04 
1.937 	 1.93269e-03 	 1.25768e-03 	 6.75004e-04 
1.921 	 2.06778e-03 	 1.34233e-03 	 7.25451e-04 
1.904 	 2.21536e-03 	 1.43501e-03 	 7.80346e-04 
1.888 	 2.37698e-03 	 1.53674e-03 	 8.40240e-04 
1.873 	 2.55446e-03 	 1.64868e-03 	 9.05776e-04 
1.857 	 2.74988e-03 	 1.77218e-03 	 9.77704e-04 
1.842 	 2.96572e-03 	 1.90882e-03 	 1.05690e-03 
1.827 	 3.20489e-03 	 2.06049e-03 	 1.14441e-03 
1.812 	 3.47082e-03 	 2.22939e-03 	 1.24143e-03 
1.798 	 3.76757e-03 	 2.41816e-03 	 1.34941e-03 
1.783 	 4.10002e-03 	 2.62995e-03 	 1.47007e-03 
1.769 	 4.47400e-03 	 2.86855e-03 	 1.60545e-03 
1.755 	 4.89655e-03 	 3.13850e-03 	 1.75805e-03 
1.742 	 5.37623e-03 	 3.44533e-03 	 1.93091e-03 
1.728 	 5.92353e-03 	 3.79583e-03 	 2.12770e-03 
1.715 	 6.55141e-03 	 4.19840e-03 	 2.35301e-03 
1.702 	 7.27594e-03 	 4.66346e-03 	 2.61248e-03 
1.689 	 8.11730e-03 	 5.20409e-03 	 2.91321e-03 
1.677 	 9.10101e-03 	 5.83685e-03 	 3.26416e-03 
1.664 	 1.02596e-02 	 6.58286e-03 	 3.67674e-03 
1.652 	 1.16350e-02 	 7.46933e-03 	 4.16565e-03 
1.640 	 1.32815e-02 	 8.53160e-03 	 4.74993e-03 
1.628 	 1.52705e-02 	 9.81601e-03 	 5.45451e-03 
1.616 	 1.76960e-02 	 1.13838e-02 	 6.31225e-03 
1.605 	 2.06830e-02 	 1.33162e-02 	 7.36677e-03 
1.593 	 2.43980e-02 	 1.57219e-02 	 8.67605e-03 
1.582 	 2.90616e-02 	 1.87448e-02 	 1.03168e-02 
1.571 	 3.49612e-02 	 2.25725e-02 	 1.23887e-02 
1.560 	 4.24542e-02 	 2.74389e-02 	 1.50153e-02 
1.549 	 5.19410e-02 	 3.36070e-02 	 1.83339e-02 
1.539 	 6.37540e-02 	 4.12972e-02 	 2.24568e-02 
1.528 	 7.78692e-02 	 5.04996e-02 	 2.73695e-02 
1.518 	 9.33460e-02 	 6.06100e-02 	 3.27360e-02 
1.508 	 1.07665e-01 	 6.99944e-02 	 3.76704e-02 
1.497 	 1.16838e-01 	 7.60549e-02 	 4.07827e-02 
1.488 	 1.17415e-01 	 7.65307e-02 	 4.08844e-02 
1.478 	 1.09244e-01 	 7.12995e-02 	 3.79440e-02 
1.468 	 9.55782e-02 	 6.24653e-02 	 3.31129e-02 
1.459 	 8.04111e-02 	 5.26253e-02 	 2.77858e-02 
1.449 	 6.63675e-02 	 4.34952e-02 	 2.28722e-02 
1.440 	 5.44930e-02 	 3.57637e-02 	 1.87293e-02 
1.431 	 4.48825e-02 	 2.94986e-02 	 1.53839e-02 
1.422 	 3.72433e-02 	 2.45133e-02 	 1.27301e-02 
1.413 	 3.11953e-02 	 2.05625e-02 	 1.06328e-02 
1.404 	 2.63903e-02 	 1.74209e-02 	 8.96943e-03 
1.395 	 2.25449e-02 	 1.49045e-02 	 7.64044e-03 
1.386 	 1.94395e-02 	 1.28706e-02 	 6.56891e-03 
1.378 	 1.69074e-02 	 1.12108e-02 	 5.69653e-03 
1.369 	 1.48225e-02 	 9.84314e-03 	 4.97934e-03 
1.361 	 1.30897e-02 	 8.70550e-03 	 4.38417e-03 
1.353 	 1.16365e-02 	 7.75072e-03 	 3.88582e-03 
1.345 	 1.04077e-02 	 6.94269e-03 	 3.46503e-03 
1.337 	 9.36042e-03 	 6.25347e-03 	 3.10695e-03 
1.329 	 8.46132e-03 	 5.66130e-03 	 2.80001e-03 
1.321 	 7.68421e-03 	 5.14908e-03 	 2.53513e-03 
1.313 	 7.00832e-03 	 4.70321e-03 	 2.30511e-03 
1.306 	 6.41705e-03 	 4.31285e-03 	 2.10420e-03 
1.298 	 5.89699e-03 	 3.96922e-03 	 1.92777e-03 
1.291 	 5.43726e-03 	 3.66519e-03 	 1.77206e-03 
1.283 	 5.02894e-03 	 3.39494e-03 	 1.63400e-03 
1.276 	 4.66469e-03 	 3.15365e-03 	 1.51103e-03 
1.269 	 4.33841e-03 	 2.93733e-03 	 1.40108e-03 
1.262 	 4.04502e-03 	 2.74264e-03 	 1.30238e-03 
1.255 	 3.78027e-03 	 2.56680e-03 	 1.21347e-03 
1.248 	 3.54057e-03 	 2.40746e-03 	 1.13311e-03 
1.241 	 3.32288e-03 	 2.26263e-03 	 1.06025e-03 
1.234 	 3.12462e-03 	 2.13064e-03 	 9.93986e-04 
1.227 	 2.94356e-03 	 2.01000e-03 	 9.33566e-04 
1.220 	 2.77775e-03 	 1.89942e-03 	 8.78328e-04 
1.214 	 2.62550e-03 	 1.79780e-03 	 8.27702e-04 
1.207 	 2.48536e-03 	 1.70417e-03 	 7.81193e-04 
1.201 	 2.35607e-03 	 1.61771e-03 	 7.38370e-04 
1.194 	 2.23654e-03 	 1.53768e-03 	 6.98856e-04 
1.188 	 2.12579e-03 	 1.46347e-03 	 6.62323e-04 
1.182 	 2.02299e-03 	 1.39451e-03 	 6.28481e-04 
1.176 	 1.92739e-03 	 1.33032e-03 	 5.97075e-04 
1.169 	 1.83833e-03 	 1.27045e-03 	 5.67878e-04 
1.163 	 1.75522e-03 	 1.21453e-03 	 5.40690e-04 
1.157 	 1.67755e-03 	 1.16221e-03 	 5.15334e-04 
1.151 	 1.60483e-03 	 1.11318e-03 	 4.91649e-04 
1.146 	 1.53667e-03 	 1.06717e-03 	 4.69494e-04 
1.140 	 1.47267e-03 	 1.02393e-03 	 4.48741e-04 
1.134 	 1.41251e-03 	 9.83235e-04 	 4.29276e-04 
1.128 	 1.35588e-03 	 9.44887e-04 	 4.10995e-04 
1.123 	 1.30251e-03 	 9.08703e-04 	 3.93806e-04 
1.117 	 1.25215e-03 	 8.74522e-04 	 3.77624e-04 
1.112 	 1.20457e-03 	 8.42194e-04 	 3.62373e-04 
1.106 	 1.15957e-03 	 8.11585e-04 	 3.47984e-04 
1.101 	 1.11697e-03 	 7.82572e-04 	 3.34395e-04 
1.095 	 1.07659e-03 	 7.55042e-04 	 3.21547e-04 
1.090 	 1.03828e-03 	 7.28894e-04 	 3.09389e-04 
1.085 	 1.00191e-03 	 7.04033e-04 	 2.97873e-04 
1.079 	 9.67329e-04 	 6.80374e-04 	 2.86954e-04 
1.074 	 9.34432e-04 	 6.57838e-04 	 2.76594e-04 
1.069 	 9.03108e-04 	 6.36353e-04 	 2.66755e-04 
1.064 	 8.73254e-04 	 6.15851e-04 	 2.57403e-04 
1.059 	 8.44779e-04 	 5.96271e-04 	 2.48508e-04 
1.054 	 8.17597e-04 	 5.77557e-04 	 2.40040e-04 
1.049 	 7.91629e-04 	 5.59657e-04 	 2.31973e-04 
1.044 	 7.66803e-04 	 5.42521e-04 	 2.24282e-04 
1.039 	 7.43051e-04 	 5.26106e-04 	 2.16945e-04 
1.035 	 7.20311e-04 	 5.10370e-04 	 2.09942e-04 
1.030 	 6.98525e-04 	 4.95273e-04 	 2.03251e-04 
1.025 	 6.77638e-04 	 4.80782e-04 	 1.96857e-04 
1.020 	 6.57601e-04 	 4.66861e-04 	 1.90740e-04 
1.016 	 6.38367e-04 	 4.53480e-04 	 1.84887e-04 
1.011 	 6.19892e-04 	 4.40610e-04 	 1.79282e-04 
1.007 	 6.02135e-04 	 4.28223e-04 	 1.73912e-04 
1.002 	 5.85059e-04 	 4.16295e-04 	 1.68764e-04 
0.998 	 5.68628e-04 	 4.04801e-04 	 1.63827e-04 
0.993 	 5.52808e-04 	 3.93720e-04 	 1.59089e-04 
0.989 	 5.37569e-04 	 3.83030e-04 	 1.54539e-04 
0.985 	 5.22881e-04 	 3.72712e-04 	 1.50169e-04 
0.980 	 5.08718e-04 	 3.62749e-04 	 1.45969e-04 
0.976 	 4.95053e-04 	 3.53122e-04 	 1.41931e-04 
0.972 	 4.81863e-04 	 3.43816e-04 	 1.38047e-04 
0.968 	 4.69124e-04 	 3.34816e-04 	 1.34308e-04 
0.963 	 4.56816e-04 	 3.26107e-04 	 1.30709e-04 
0.959 	 4.44918e-04 	 3.17676e-04 	 1.27243e-04 
0.955 	 4.33413e-04 	 3.09511e-04 	 1.23902e-04 
0.951 	 4.22281e-04 	 3.01599e-04 	 1.20682e-04 
0.947 	 4.11506e-04 	 2.93929e-04 	 1.17577e-04 
0.943 	 4.01072e-04 	 2.86491e-04 	 1.14581e-04 
0.939 	 3.90964e-04 	 2.79274e-04 	 1.11690e-04 
0.935 	 3.81168e-04 	 2.72269e-04 	 1.08898e-04 
0.931 	 3.71670e-04 	 2.65467e-04 	 1.06202e-04 
0.928 	 3.62458e-04 	 2.58860e-04 	 1.03598e-04 
0.924 	 3.53519e-04 	 2.52438e-04 	 1.01081e-04 
0.920 	 3.44843e-04 	 2.46196e-04 	 9.86471e-05 
0.916 	 3.36418e-04 	 2.40124e-04 	 9.62936e-05 
0.913 	 3.28233e-04 	 2.34217e-04 	 9.40167e-05 
0.909 	 3.20281e-04 	 2.28467e-04 	 9.18134e-05 
0.905 	 3.12550e-04 	 2.22869e-04 	 8.96805e-05 
0.902 	 3.05032e-04 	 2.17417e-04 	 8.76152e-05 
0.898 	 2.97719e-04 	 2.12105e-04 	 8.56147e-05 
0.894 	 2.90603e-04 	 2.06927e-04 	 8.36765e-05 
0.891 	 2.83677e-04 	 2.01879e-04 	 8.17980e-05 
0.887 	 2.76932e-04 	 1.96955e-04 	 7.99770e-05 
0.884 	 2.70363e-04 	 1.92152e-04 	 7.82112e-05 
0.880 	 2.63963e-04 	 1.87464e-04 	 7.64984e-05 
0.877 	 2.57724e-04 	 1.82888e-04 	 7.48367e-05 
0.873 	 2.51643e-04 	 1.78418e-04 	 7.32240e-05 
0.870 	 2.45711e-04 	 1.74053e-04 	 7.16586e-05 
0.867 	 2.39925e-04 	 1.69787e-04 	 7.01386e-05 
0.863 	 2.34279e-04 	 1.65617e-04 	 6.86625e-05 
0.860 	 2.28768e-04 	 1.61540e-04 	 6.72285e-05 
0.857 	 2.23387e-04 	 1.57552e-04 	 6.58351e-05 
0.853 	 2.18132e-04 	 1.53651e-04 	 6.44810e-05 
0.850 	 2.12998e-04 	 1.49833e-04 	 6.31646e-05 
0.847 	 2.07981e-04 	 1.46097e-04 	 6.18847e-05 
0.844 	 2.03078e-04 	 1.42438e-04 	 6.06399e-05 
0.841 	 1.98283e-04 	 1.38854e-04 	 5.94290e-05 
0.838 	 1.93595e-04 	 1.35344e-04 	 5.82510e-05 
0.834 	 1.89008e-04 	 1.31904e-04 	 5.71045e-05 
0.831 	 1.84521e-04 	 1.28532e-04 	 5.59886e-05 
0.828 	 1.80129e-04 	 1.25227e-04 	 5.49022e-05 
0.825 	 1.75830e-04 	 1.21985e-04 	 5.38444e-05 
0.822 	 1.71620e-04 	 1.18806e-04 	 5.28141e-05 
0.819 	 1.67497e-04 	 1.15687e-04 	 5.18105e-05 
0.816 	 1.63458e-04 	 1.12626e-04 	 5.08327e-05 
0.813 	 1.59501e-04 	 1.09621e-04 	 4.98799e-05 
0.810 	 1.55623e-04 	 1.06672e-04 	 4.89512e-05 
0.807 	 1.51821e-04 	 1.03775e-04 	 4.80459e-05 
0.804 	 1.48093e-04 	 1.00930e-04 	 4.71632e-05 
0.802 	 1.44436e-04 	 9.81341e-05 	 4.63024e-05 
0.799 	 1.40850e-04 	 9.53870e-05 	 4.54628e-05 
0.796 	 1.37331e-04 	 9.26868e-05 	 4.46438e-05 
0.793 	 1.33877e-04 	 9.00321e-05 	 4.38447e-05 
0.790 	 1.30486e-04 	 8.74215e-05 	 4.30649e-05 
0.788 	 1.27158e-04 	 8.48538e-05 	 4.23038e-05 
0.785 	 1.23889e-04 	 8.23277e-05 	 4.15609e-05 
0.782 	 1.20678e-04 	 7.98420e-05 	 4.08356e-05 
0.779 	 1.17523e-04 	 7.73955e-05 	 4.01273e-05 
0.777 	 1.14423e-04 	 7.49871e-05 	 3.94356e-05 
0.774 	 1.11376e-04 	 7.26157e-05 	 3.87600e-05 
0.771 	 1.08380e-04 	 7.02804e-05 	 3.80999e-05 
0.769 	 1.05435e-04 	 6.79801e-05 	 3.74551e-05 
0.766 	 1.02539e-04 	 6.57138e-05 	 3.68249e-05 
0.763 	 9.96898e-05 	 6.34808e-05 	 3.62090e-05 
0.761 	 9.68870e-05 	 6.12800e-05 	 3.56070e-05 
0.758 	 9.41291e-05 	 5.91106e-05 	 3.50185e-05 
0.756 	 9.14149e-05 	 5.69718e-05 	 3.44431e-05 
0.753 	 8.87431e-05 	 5.48628e-05 	 3.38804e-05 
0.751 	 8.61128e-05 	 5.27827e-05 	 3.33300e-05 
0.748 	 8.35226e-05 	 5.07309e-05 	 3.27918e-05 
0.746 	 8.09717e-05 	 4.87065e-05 	 3.22652e-05 
0.743 	 7.84590e-05 	 4.67090e-05 	 3.17500e-05 
0.741 	 7.59834e-05 	 4.47375e-05 	 3.12459e-05 
0.738 	 7.35440e-05 	 4.27915e-05 	 3.07525e-05 
0.736 	 7.11398e-05 	 4.08702e-05 	 3.02697e-05 
0.733 	 6.87700e-05 	 3.89730e-05 	 2.97970e-05 
0.731 	 6.64335e-05 	 3.70993e-05 	 2.93342e-05 
0.729 	 6.41296e-05 	 3.52485e-05 	 2.88812e-05 
0.726 	 6.18575e-05 	 3.34200e-05 	 2.84375e-05 
0.724 	 5.96162e-05 	 3.16132e-05 	 2.80030e-05 
0.722 	 5.74051e-05 	 2.98276e-05 	 2.75774e-05 
0.719 	 5.52233e-05 	 2.80627e-05 	 2.71606e-05 
0.717 	 5.30701e-05 	 2.63179e-05 	 2.67522e-05 
0.715 	 5.09448e-05 	 2.45928e-05 	 2.63520e-05 
0.712 	 4.88468e-05 	 2.28869e-05 	 2.59599e-05 
0.710 	 4.67753e-05 	 2.11996e-05 	 2.55757e-05 
0.708 	 4.47296e-05 	 1.95305e-05 	 2.51991e-05 
0.706 	 4.27092e-05 	 1.78793e-05 	 2.48299e-05 
0.704 	 4.07134e-05 	 1.62454e-05 	 2.44680e-05 
0.701 	 3.87417e-05 	 1.46285e-05 	 2.41132e-05 
0.699 	 3.67935e-05 	 1.30281e-05 	 2.37653e-05 
0.697 	 3.48681e-05 	 1.14440e-05 	 2.34242e-05 
0.695 	 3.29652e-05 	 9.87556e-06 	 2.30896e-05 
0.693 	 3.10841e-05 	 8.32259e-06 	 2.27615e-05 
0.691 	 2.92243e-05 	 6.78469e-06 	 2.24396e-05 
0.688 	 2.73854e-05 	 5.26150e-06 	 2.21239e-05 
0.686 	 2.55668e-05 	 3.75270e-06 	 2.18141e-05 
0.684 	 2.37681e-05 	 2.25795e-06 	 2.15101e-05 
0.682 	 2.19888e-05 	 7.76938e-07 	 2.12118e-05 
0.680 	 2.02285e-05 	 -6.90657e-07 	 2.09191e-05 
0.678 	 1.84867e-05 	 -2.14513e-06 	 2.06318e-05 
0.676 	 1.67631e-05 	 -3.58679e-06 	 2.03499e-05 
0.674 	 1.50571e-05 	 -5.01591e-06 	 2.00730e-05 
0.672 	 1.33685e-05 	 -6.43278e-06 	 1.98013e-05 
0.670 	 1.16968e-05 	 -7.83767e-06 	 1.95345e-05 
0.668 	 1.00417e-05 	 -9.23085e-06 	 1.92725e-05 
0.666 	 8.40269e-06 	 -1.06126e-05 	 1.90153e-05 
0.664 	 6.77952e-06 	 -1.19831e-05 	 1.87626e-05 
0.662 	 5.17181e-06 	 -1.33427e-05 	 1.85145e-05 
0.660 	 3.57922e-06 	 -1.46915e-05 	 1.82708e-05 
0.658 	 2.00142e-06 	 -1.60299e-05 	 1.80313e-05 
0.656 	 4.38085e-07 	 -1.73581e-05 	 1.77961e-05 
0.654 	 -1.11111e-06 	 -1.86762e-05 	 1.75651e-05 
0.652 	 -2.64646e-06 	 -1.99845e-05 	 1.73380e-05 
0.650 	 -4.16827e-06 	 -2.12832e-05 	 1.71149e-05 
0.649 	 -5.67684e-06 	 -2.25725e-05 	 1.68957e-05 
0.647 	 -7.17245e-06 	 -2.38526e-05 	 1.66802e-05 
0.645 	 -8.65537e-06 	 -2.51238e-05 	 1.64684e-05 
0.643 	 -1.01259e-05 	 -2.63861e-05 	 1.62602e-05 
0.641 	 -1.15843e-05 	 -2.76399e-05 	 1.60556e-05 
0.639 	 -1.30307e-05 	 -2.88852e-05 	 1.58544e-05 
0.638 	 -1.44656e-05 	 -3.01222e-05 	 1.56566e-05 
0.636 	 -1.58891e-05 	 -3.13512e-05 	 1.54622e-05 
0.634 	 -1.73014e-05 	 -3.25723e-05 	 1.52709e-05 
0.632 	 -1.87028e-05 	 -3.37857e-05 	 1.50829e-05 
0.630 	 -2.00936e-05 	 -3.49915e-05 	 1.48980e-05 
0.629 	 -2.14738e-05 	 -3.61899e-05 	 1.47161e-05 
0.627 	 -2.28439e-05 	 -3.73811e-05 	 1.45372e-05 
0.625 	 -2.42040e-05 	 -3.85652e-05 	 1.43612e-05 
0.623 	 -2.55542e-05 	 -3.97423e-05 	 1.41881e-05 
0.622 	 -2.68949e-05 	 -4.09126e-05 	 1.40178e-05 
0.620 	 -2.82261e-05 	 -4.20763e-05 	 1.38502e-05 
0.618 	 -2.95481e-05 	 -4.32335e-05 	 1.36854e-05 
0.616 	 -3.08612e-05 	 -4.43843e-05 	 1.35231e-05 
0.615 	 -3.21654e-05 	 -4.55289e-05 	 1.33635e-05 
0.613 	 -3.34610e-05 	 -4.66673e-05 	 1.32064e-05 
0.611 	 -3.47481e-05 	 -4.77998e-05 	 1.30517e-05 
0.610 	 -3.60269e-05 	 -4.89264e-05 	 1.28996e-05 
0.608 	 -3.72976e-05 	 -5.00473e-05 	 1.27498e-05 
0.606 	 -3.85603e-05 	 -5.11626e-05 	 1.26023e-05 
0.605 	 -3.98153e-05 	 -5.22724e-05 	 1.24571e-05 
0.603 	 -4.10626e-05 	 -5.33768e-05 	 1.23142e-05 
0.602 	 -4.23025e-05 	 -5.44760e-05 	 1.21735e-05 
0.600 	 -4.35350e-05 	 -5.55699e-05 	 1.20349e-05 
