Energy [eV] Ext Cross [um^2] Abs Cross [um^2] Sca Cross [um^2] 
3.000 	 2.39121e-03 	 2.29190e-03 	 9.93106e-05 
2.960 	 2.63583e-03 	 2.37353e-03 	 2.62299e-04 
2.922 	 2.98114e-03 	 2.45497e-03 	 5.26168e-04 
2.884 	 3.44136e-03 	 2.55320e-03 	 8.88162e-04 
2.848 	 4.00061e-03 	 2.66498e-03 	 1.33563e-03 
2.812 	 4.67084e-03 	 2.79910e-03 	 1.87174e-03 
2.777 	 5.49621e-03 	 3.00604e-03 	 2.49017e-03 
2.743 	 6.50721e-03 	 3.33962e-03 	 3.16758e-03 
2.710 	 7.57713e-03 	 3.69157e-03 	 3.88556e-03 
2.678 	 8.51194e-03 	 3.82617e-03 	 4.68578e-03 
2.646 	 9.19647e-03 	 3.63554e-03 	 5.56093e-03 
2.615 	 1.00659e-02 	 3.56657e-03 	 6.49935e-03 
2.585 	 1.11463e-02 	 3.62783e-03 	 7.51842e-03 
2.556 	 1.23766e-02 	 3.76129e-03 	 8.61531e-03 
2.527 	 1.37532e-02 	 3.96047e-03 	 9.79270e-03 
2.499 	 1.52394e-02 	 4.16474e-03 	 1.10747e-02 
2.471 	 1.67221e-02 	 4.27821e-03 	 1.24439e-02 
2.444 	 1.83192e-02 	 4.43113e-03 	 1.38881e-02 
2.418 	 2.00544e-02 	 4.62654e-03 	 1.54279e-02 
2.392 	 2.19238e-02 	 4.84978e-03 	 1.70740e-02 
2.367 	 2.39321e-02 	 5.09639e-03 	 1.88358e-02 
2.342 	 2.60887e-02 	 5.36569e-03 	 2.07230e-02 
2.318 	 2.84053e-02 	 5.65855e-03 	 2.27468e-02 
2.294 	 3.08959e-02 	 5.97659e-03 	 2.49193e-02 
2.271 	 3.35767e-02 	 6.32183e-03 	 2.72549e-02 
2.248 	 3.64655e-02 	 6.69663e-03 	 2.97689e-02 
2.226 	 3.95815e-02 	 7.10368e-03 	 3.24778e-02 
2.204 	 4.29468e-02 	 7.54601e-03 	 3.54008e-02 
2.182 	 4.65853e-02 	 8.02684e-03 	 3.85584e-02 
2.161 	 5.05227e-02 	 8.54972e-03 	 4.19730e-02 
2.141 	 5.47870e-02 	 9.11848e-03 	 4.56685e-02 
2.121 	 5.94081e-02 	 9.73718e-03 	 4.96709e-02 
2.101 	 6.44171e-02 	 1.04101e-02 	 5.40070e-02 
2.081 	 6.98466e-02 	 1.11416e-02 	 5.87050e-02 
2.062 	 7.57293e-02 	 1.19361e-02 	 6.37932e-02 
2.043 	 8.20970e-02 	 1.27979e-02 	 6.92992e-02 
2.025 	 8.89787e-02 	 1.37307e-02 	 7.52480e-02 
2.007 	 9.63985e-02 	 1.47376e-02 	 8.16608e-02 
1.989 	 1.04372e-01 	 1.58206e-02 	 8.85517e-02 
1.971 	 1.12902e-01 	 1.69795e-02 	 9.59228e-02 
1.954 	 1.21973e-01 	 1.82120e-02 	 1.03761e-01 
1.937 	 1.31545e-01 	 1.95120e-02 	 1.12033e-01 
1.921 	 1.41550e-01 	 2.08693e-02 	 1.20680e-01 
1.904 	 1.51877e-01 	 2.22682e-02 	 1.29609e-01 
1.888 	 1.62373e-01 	 2.36868e-02 	 1.38686e-01 
1.873 	 1.72831e-01 	 2.50963e-02 	 1.47735e-01 
1.857 	 1.82999e-01 	 2.64608e-02 	 1.56538e-01 
1.842 	 1.92576e-01 	 2.77386e-02 	 1.64837e-01 
1.827 	 2.01232e-01 	 2.88837e-02 	 1.72348e-01 
1.812 	 2.08626e-01 	 2.98491e-02 	 1.78777e-01 
1.798 	 2.14439e-01 	 3.05911e-02 	 1.83848e-01 
1.783 	 2.18403e-01 	 3.10736e-02 	 1.87330e-01 
1.769 	 2.20335e-01 	 3.12721e-02 	 1.89063e-01 
1.755 	 2.20159e-01 	 3.11773e-02 	 1.88981e-01 
1.742 	 2.17912e-01 	 3.07960e-02 	 1.87116e-01 
1.728 	 2.13745e-01 	 3.01501e-02 	 1.83595e-01 
1.715 	 2.07894e-01 	 2.92736e-02 	 1.78620e-01 
1.702 	 2.00657e-01 	 2.82087e-02 	 1.72448e-01 
1.689 	 1.92359e-01 	 2.70013e-02 	 1.65358e-01 
1.677 	 1.83325e-01 	 2.56964e-02 	 1.57629e-01 
1.664 	 1.73854e-01 	 2.43356e-02 	 1.49518e-01 
1.652 	 1.64204e-01 	 2.29549e-02 	 1.41250e-01 
1.640 	 1.54591e-01 	 2.15836e-02 	 1.33007e-01 
1.628 	 1.45180e-01 	 2.02445e-02 	 1.24935e-01 
1.616 	 1.36093e-01 	 1.89539e-02 	 1.17139e-01 
1.605 	 1.27415e-01 	 1.77233e-02 	 1.09692e-01 
1.593 	 1.19198e-01 	 1.65594e-02 	 1.02639e-01 
1.582 	 1.11469e-01 	 1.54656e-02 	 9.60037e-02 
1.571 	 1.04237e-01 	 1.44428e-02 	 8.97946e-02 
1.560 	 9.74968e-02 	 1.34899e-02 	 8.40069e-02 
1.549 	 9.12327e-02 	 1.26045e-02 	 7.86281e-02 
1.539 	 8.54235e-02 	 1.17835e-02 	 7.36400e-02 
1.528 	 8.00442e-02 	 1.10232e-02 	 6.90210e-02 
1.518 	 7.50673e-02 	 1.03195e-02 	 6.47478e-02 
1.508 	 7.04649e-02 	 9.66848e-03 	 6.07964e-02 
1.497 	 6.62093e-02 	 9.06617e-03 	 5.71431e-02 
1.488 	 6.22738e-02 	 8.50876e-03 	 5.37650e-02 
1.478 	 5.86329e-02 	 7.99260e-03 	 5.06403e-02 
1.468 	 5.52626e-02 	 7.51432e-03 	 4.77483e-02 
1.459 	 5.21406e-02 	 7.07075e-03 	 4.50698e-02 
1.449 	 4.92462e-02 	 6.65898e-03 	 4.25872e-02 
1.440 	 4.65604e-02 	 6.27634e-03 	 4.02841e-02 
1.431 	 4.40658e-02 	 5.92037e-03 	 3.81454e-02 
1.422 	 4.17464e-02 	 5.58882e-03 	 3.61576e-02 
1.413 	 3.95875e-02 	 5.27964e-03 	 3.43079e-02 
1.404 	 3.75760e-02 	 4.99098e-03 	 3.25850e-02 
1.395 	 3.56997e-02 	 4.72113e-03 	 3.09785e-02 
1.386 	 3.39476e-02 	 4.46857e-03 	 2.94790e-02 
1.378 	 3.23097e-02 	 4.23190e-03 	 2.80778e-02 
1.369 	 3.07769e-02 	 4.00984e-03 	 2.67670e-02 
1.361 	 2.93409e-02 	 3.80124e-03 	 2.55397e-02 
1.353 	 2.79942e-02 	 3.60504e-03 	 2.43892e-02 
1.345 	 2.67298e-02 	 3.42028e-03 	 2.33096e-02 
1.337 	 2.55416e-02 	 3.24610e-03 	 2.22955e-02 
1.329 	 2.44237e-02 	 3.08168e-03 	 2.13421e-02 
1.321 	 2.33710e-02 	 2.92631e-03 	 2.04447e-02 
1.313 	 2.23787e-02 	 2.77932e-03 	 1.95994e-02 
1.306 	 2.14424e-02 	 2.64011e-03 	 1.88023e-02 
1.298 	 2.05582e-02 	 2.50813e-03 	 1.80501e-02 
1.291 	 1.97223e-02 	 2.38285e-03 	 1.73395e-02 
1.283 	 1.89315e-02 	 2.26382e-03 	 1.66676e-02 
1.276 	 1.81825e-02 	 2.15060e-03 	 1.60319e-02 
1.269 	 1.74727e-02 	 2.04281e-03 	 1.54299e-02 
1.262 	 1.67993e-02 	 1.94008e-03 	 1.48593e-02 
1.255 	 1.61601e-02 	 1.84208e-03 	 1.43180e-02 
1.248 	 1.55527e-02 	 1.74850e-03 	 1.38042e-02 
1.241 	 1.49752e-02 	 1.65905e-03 	 1.33161e-02 
1.234 	 1.44256e-02 	 1.57348e-03 	 1.28521e-02 
1.227 	 1.39022e-02 	 1.49155e-03 	 1.24106e-02 
1.220 	 1.34034e-02 	 1.41303e-03 	 1.19903e-02 
1.214 	 1.29277e-02 	 1.33771e-03 	 1.15900e-02 
1.207 	 1.24737e-02 	 1.26540e-03 	 1.12083e-02 
1.201 	 1.20401e-02 	 1.19593e-03 	 1.08442e-02 
1.194 	 1.16258e-02 	 1.12912e-03 	 1.04967e-02 
1.188 	 1.12296e-02 	 1.06482e-03 	 1.01647e-02 
1.182 	 1.08504e-02 	 1.00289e-03 	 9.84754e-03 
1.176 	 1.04874e-02 	 9.43198e-04 	 9.54422e-03 
1.169 	 1.01396e-02 	 8.85615e-04 	 9.25401e-03 
1.163 	 9.80622e-03 	 8.30028e-04 	 8.97619e-03 
1.157 	 9.48642e-03 	 7.76327e-04 	 8.71009e-03 
1.151 	 9.17949e-03 	 7.24410e-04 	 8.45508e-03 
1.146 	 8.88475e-03 	 6.74183e-04 	 8.21057e-03 
1.140 	 8.60157e-03 	 6.25556e-04 	 7.97601e-03 
1.134 	 8.32933e-03 	 5.78447e-04 	 7.75088e-03 
1.128 	 8.06748e-03 	 5.32777e-04 	 7.53470e-03 
1.123 	 7.81549e-03 	 4.88473e-04 	 7.32702e-03 
1.117 	 7.57287e-03 	 4.45467e-04 	 7.12740e-03 
1.112 	 7.33915e-03 	 4.03693e-04 	 6.93546e-03 
1.106 	 7.11390e-03 	 3.63091e-04 	 6.75081e-03 
1.101 	 6.89671e-03 	 3.23605e-04 	 6.57310e-03 
1.095 	 6.68718e-03 	 2.85180e-04 	 6.40200e-03 
1.090 	 6.48495e-03 	 2.47765e-04 	 6.23719e-03 
1.085 	 6.28969e-03 	 2.11313e-04 	 6.07838e-03 
1.079 	 6.10106e-03 	 1.75778e-04 	 5.92528e-03 
1.074 	 5.91877e-03 	 1.41119e-04 	 5.77765e-03 
1.069 	 5.74251e-03 	 1.07294e-04 	 5.63522e-03 
1.064 	 5.57203e-03 	 7.42646e-05 	 5.49776e-03 
1.059 	 5.40705e-03 	 4.19958e-05 	 5.36506e-03 
1.054 	 5.24735e-03 	 1.04531e-05 	 5.23689e-03 
1.049 	 5.09268e-03 	 -2.03957e-05 	 5.11307e-03 
1.044 	 4.94282e-03 	 -5.05810e-05 	 4.99340e-03 
1.039 	 4.79758e-03 	 -8.01318e-05 	 4.87771e-03 
1.035 	 4.65676e-03 	 -1.09075e-04 	 4.76583e-03 
1.030 	 4.52016e-03 	 -1.37438e-04 	 4.65760e-03 
1.025 	 4.38761e-03 	 -1.65244e-04 	 4.55285e-03 
1.020 	 4.25895e-03 	 -1.92518e-04 	 4.45146e-03 
1.016 	 4.13401e-03 	 -2.19281e-04 	 4.35329e-03 
1.011 	 4.01264e-03 	 -2.45555e-04 	 4.25819e-03 
1.007 	 3.89470e-03 	 -2.71360e-04 	 4.16606e-03 
1.002 	 3.78005e-03 	 -2.96716e-04 	 4.07677e-03 
0.998 	 3.66857e-03 	 -3.21641e-04 	 3.99021e-03 
0.993 	 3.56012e-03 	 -3.46152e-04 	 3.90627e-03 
0.989 	 3.45459e-03 	 -3.70266e-04 	 3.82485e-03 
0.985 	 3.35186e-03 	 -3.94000e-04 	 3.74586e-03 
0.980 	 3.25183e-03 	 -4.17367e-04 	 3.66920e-03 
0.976 	 3.15440e-03 	 -4.40384e-04 	 3.59478e-03 
0.972 	 3.05946e-03 	 -4.63062e-04 	 3.52252e-03 
0.968 	 2.96693e-03 	 -4.85417e-04 	 3.45235e-03 
0.963 	 2.87671e-03 	 -5.07459e-04 	 3.38417e-03 
0.959 	 2.78873e-03 	 -5.29202e-04 	 3.31793e-03 
0.955 	 2.70289e-03 	 -5.50657e-04 	 3.25355e-03 
0.951 	 2.61912e-03 	 -5.71834e-04 	 3.19095e-03 
0.947 	 2.53735e-03 	 -5.92745e-04 	 3.13009e-03 
0.943 	 2.45750e-03 	 -6.13399e-04 	 3.07090e-03 
0.939 	 2.37951e-03 	 -6.33806e-04 	 3.01331e-03 
0.935 	 2.30331e-03 	 -6.53976e-04 	 2.95728e-03 
0.931 	 2.22884e-03 	 -6.73918e-04 	 2.90275e-03 
0.928 	 2.15603e-03 	 -6.93639e-04 	 2.84967e-03 
0.924 	 2.08484e-03 	 -7.13149e-04 	 2.79799e-03 
0.920 	 2.01520e-03 	 -7.32455e-04 	 2.74766e-03 
0.916 	 1.94707e-03 	 -7.51565e-04 	 2.69863e-03 
0.913 	 1.88039e-03 	 -7.70485e-04 	 2.65087e-03 
0.909 	 1.81511e-03 	 -7.89223e-04 	 2.60433e-03 
0.905 	 1.75119e-03 	 -8.07786e-04 	 2.55898e-03 
0.902 	 1.68858e-03 	 -8.26180e-04 	 2.51476e-03 
0.898 	 1.62724e-03 	 -8.44410e-04 	 2.47165e-03 
0.894 	 1.56713e-03 	 -8.62484e-04 	 2.42962e-03 
0.891 	 1.50821e-03 	 -8.80406e-04 	 2.38861e-03 
0.887 	 1.45044e-03 	 -8.98182e-04 	 2.34862e-03 
0.884 	 1.39378e-03 	 -9.15818e-04 	 2.30959e-03 
0.880 	 1.33819e-03 	 -9.33318e-04 	 2.27151e-03 
0.877 	 1.28365e-03 	 -9.50687e-04 	 2.23434e-03 
0.873 	 1.23013e-03 	 -9.67931e-04 	 2.19806e-03 
0.870 	 1.17758e-03 	 -9.85054e-04 	 2.16263e-03 
0.867 	 1.12598e-03 	 -1.00206e-03 	 2.12804e-03 
0.863 	 1.07530e-03 	 -1.01895e-03 	 2.09425e-03 
0.860 	 1.02551e-03 	 -1.03574e-03 	 2.06125e-03 
0.857 	 9.76580e-04 	 -1.05242e-03 	 2.02900e-03 
0.853 	 9.28491e-04 	 -1.06900e-03 	 1.99749e-03 
0.850 	 8.81215e-04 	 -1.08549e-03 	 1.96670e-03 
0.847 	 8.34726e-04 	 -1.10188e-03 	 1.93661e-03 
0.844 	 7.89002e-04 	 -1.11819e-03 	 1.90719e-03 
0.841 	 7.44019e-04 	 -1.13440e-03 	 1.87842e-03 
0.838 	 6.99756e-04 	 -1.15054e-03 	 1.85029e-03 
0.834 	 6.56192e-04 	 -1.16659e-03 	 1.82278e-03 
0.831 	 6.13306e-04 	 -1.18257e-03 	 1.79587e-03 
0.828 	 5.71079e-04 	 -1.19847e-03 	 1.76955e-03 
0.825 	 5.29491e-04 	 -1.21430e-03 	 1.74379e-03 
0.822 	 4.88525e-04 	 -1.23006e-03 	 1.71858e-03 
0.819 	 4.48163e-04 	 -1.24575e-03 	 1.69392e-03 
0.816 	 4.08386e-04 	 -1.26138e-03 	 1.66977e-03 
0.813 	 3.69180e-04 	 -1.27695e-03 	 1.64613e-03 
0.810 	 3.30528e-04 	 -1.29246e-03 	 1.62299e-03 
0.807 	 2.92413e-04 	 -1.30791e-03 	 1.60032e-03 
0.804 	 2.54822e-04 	 -1.32331e-03 	 1.57813e-03 
0.802 	 2.17739e-04 	 -1.33865e-03 	 1.55639e-03 
0.799 	 1.81150e-04 	 -1.35394e-03 	 1.53509e-03 
0.796 	 1.45042e-04 	 -1.36919e-03 	 1.51423e-03 
0.793 	 1.09401e-04 	 -1.38438e-03 	 1.49379e-03 
0.790 	 7.42149e-05 	 -1.39954e-03 	 1.47375e-03 
0.788 	 3.94704e-05 	 -1.41465e-03 	 1.45412e-03 
0.785 	 5.15579e-06 	 -1.42972e-03 	 1.43488e-03 
0.782 	 -2.87407e-05 	 -1.44475e-03 	 1.41601e-03 
0.779 	 -6.22303e-05 	 -1.45975e-03 	 1.39752e-03 
0.777 	 -9.53242e-05 	 -1.47471e-03 	 1.37939e-03 
0.774 	 -1.28033e-04 	 -1.48964e-03 	 1.36160e-03 
0.771 	 -1.60366e-04 	 -1.50453e-03 	 1.34416e-03 
0.769 	 -1.92335e-04 	 -1.51940e-03 	 1.32706e-03 
0.766 	 -2.23948e-04 	 -1.53423e-03 	 1.31028e-03 
0.763 	 -2.55215e-04 	 -1.54904e-03 	 1.29382e-03 
0.761 	 -2.86145e-04 	 -1.56382e-03 	 1.27767e-03 
0.758 	 -3.16747e-04 	 -1.57857e-03 	 1.26182e-03 
0.756 	 -3.47030e-04 	 -1.59330e-03 	 1.24627e-03 
0.753 	 -3.77000e-04 	 -1.60801e-03 	 1.23101e-03 
0.751 	 -4.06668e-04 	 -1.62269e-03 	 1.21603e-03 
0.748 	 -4.36040e-04 	 -1.63736e-03 	 1.20132e-03 
0.746 	 -4.65125e-04 	 -1.65200e-03 	 1.18688e-03 
0.743 	 -4.93928e-04 	 -1.66663e-03 	 1.17270e-03 
0.741 	 -5.22459e-04 	 -1.68124e-03 	 1.15878e-03 
0.738 	 -5.50723e-04 	 -1.69583e-03 	 1.14511e-03 
0.736 	 -5.78727e-04 	 -1.71041e-03 	 1.13168e-03 
0.733 	 -6.06479e-04 	 -1.72497e-03 	 1.11849e-03 
0.731 	 -6.33985e-04 	 -1.73952e-03 	 1.10553e-03 
0.729 	 -6.61250e-04 	 -1.75405e-03 	 1.09280e-03 
0.726 	 -6.88281e-04 	 -1.76858e-03 	 1.08030e-03 
0.724 	 -7.15085e-04 	 -1.78309e-03 	 1.06801e-03 
0.722 	 -7.41666e-04 	 -1.79760e-03 	 1.05593e-03 
0.719 	 -7.68030e-04 	 -1.81210e-03 	 1.04407e-03 
0.717 	 -7.94184e-04 	 -1.82659e-03 	 1.03240e-03 
0.715 	 -8.20131e-04 	 -1.84107e-03 	 1.02094e-03 
0.712 	 -8.45878e-04 	 -1.85554e-03 	 1.00967e-03 
0.710 	 -8.71430e-04 	 -1.87001e-03 	 9.98585e-04 
0.708 	 -8.96791e-04 	 -1.88448e-03 	 9.87690e-04 
0.706 	 -9.21966e-04 	 -1.89894e-03 	 9.76978e-04 
0.704 	 -9.46959e-04 	 -1.91340e-03 	 9.66445e-04 
0.701 	 -9.71776e-04 	 -1.92786e-03 	 9.56085e-04 
0.699 	 -9.96421e-04 	 -1.94232e-03 	 9.45897e-04 
0.697 	 -1.02090e-03 	 -1.95677e-03 	 9.35875e-04 
0.695 	 -1.04521e-03 	 -1.97123e-03 	 9.26017e-04 
0.693 	 -1.06936e-03 	 -1.98568e-03 	 9.16319e-04 
0.691 	 -1.09336e-03 	 -2.00014e-03 	 9.06778e-04 
0.688 	 -1.11720e-03 	 -2.01459e-03 	 8.97390e-04 
0.686 	 -1.14090e-03 	 -2.02905e-03 	 8.88153e-04 
0.684 	 -1.16445e-03 	 -2.04351e-03 	 8.79062e-04 
0.682 	 -1.18786e-03 	 -2.05798e-03 	 8.70116e-04 
0.680 	 -1.21113e-03 	 -2.07245e-03 	 8.61311e-04 
0.678 	 -1.23427e-03 	 -2.08692e-03 	 8.52644e-04 
0.676 	 -1.25728e-03 	 -2.10139e-03 	 8.44112e-04 
0.674 	 -1.28016e-03 	 -2.11587e-03 	 8.35714e-04 
0.672 	 -1.30291e-03 	 -2.13036e-03 	 8.27445e-04 
0.670 	 -1.32555e-03 	 -2.14485e-03 	 8.19304e-04 
0.668 	 -1.34806e-03 	 -2.15935e-03 	 8.11287e-04 
0.666 	 -1.37046e-03 	 -2.17386e-03 	 8.03393e-04 
0.664 	 -1.39275e-03 	 -2.18837e-03 	 7.95619e-04 
0.662 	 -1.41492e-03 	 -2.20289e-03 	 7.87963e-04 
0.660 	 -1.43699e-03 	 -2.21742e-03 	 7.80422e-04 
0.658 	 -1.45896e-03 	 -2.23195e-03 	 7.72994e-04 
0.656 	 -1.48082e-03 	 -2.24650e-03 	 7.65677e-04 
0.654 	 -1.50258e-03 	 -2.26105e-03 	 7.58469e-04 
0.652 	 -1.52425e-03 	 -2.27562e-03 	 7.51367e-04 
0.650 	 -1.54582e-03 	 -2.29019e-03 	 7.44370e-04 
0.649 	 -1.56730e-03 	 -2.30477e-03 	 7.37475e-04 
0.647 	 -1.58869e-03 	 -2.31937e-03 	 7.30682e-04 
0.645 	 -1.60999e-03 	 -2.33397e-03 	 7.23986e-04 
0.643 	 -1.63120e-03 	 -2.34859e-03 	 7.17388e-04 
0.641 	 -1.65233e-03 	 -2.36322e-03 	 7.10885e-04 
0.639 	 -1.67338e-03 	 -2.37786e-03 	 7.04475e-04 
0.638 	 -1.69436e-03 	 -2.39251e-03 	 6.98157e-04 
0.636 	 -1.71525e-03 	 -2.40718e-03 	 6.91928e-04 
0.634 	 -1.73607e-03 	 -2.42186e-03 	 6.85788e-04 
0.632 	 -1.75681e-03 	 -2.43655e-03 	 6.79735e-04 
0.630 	 -1.77749e-03 	 -2.45125e-03 	 6.73766e-04 
0.629 	 -1.79809e-03 	 -2.46597e-03 	 6.67881e-04 
0.627 	 -1.81863e-03 	 -2.48071e-03 	 6.62078e-04 
0.625 	 -1.83910e-03 	 -2.49545e-03 	 6.56355e-04 
0.623 	 -1.85950e-03 	 -2.51022e-03 	 6.50711e-04 
0.622 	 -1.87985e-03 	 -2.52499e-03 	 6.45145e-04 
0.620 	 -1.90013e-03 	 -2.53978e-03 	 6.39655e-04 
0.618 	 -1.92035e-03 	 -2.55459e-03 	 6.34240e-04 
0.616 	 -1.94052e-03 	 -2.56942e-03 	 6.28899e-04 
0.615 	 -1.96063e-03 	 -2.58426e-03 	 6.23630e-04 
0.613 	 -1.98068e-03 	 -2.59911e-03 	 6.18432e-04 
0.611 	 -2.00068e-03 	 -2.61399e-03 	 6.13304e-04 
0.610 	 -2.02063e-03 	 -2.62888e-03 	 6.08244e-04 
0.608 	 -2.04053e-03 	 -2.64378e-03 	 6.03252e-04 
0.606 	 -2.06038e-03 	 -2.65871e-03 	 5.98326e-04 
0.605 	 -2.08018e-03 	 -2.67365e-03 	 5.93465e-04 
0.603 	 -2.09994e-03 	 -2.68861e-03 	 5.88668e-04 
0.602 	 -2.11965e-03 	 -2.70359e-03 	 5.83934e-04 
0.600 	 -2.13932e-03 	 -2.71858e-03 	 5.79262e-04 
