Energy [eV] Ext Cross [um^2] Abs Cross [um^2] Sca Cross [um^2] 
3.000 	 1.58720e-04 	 1.58144e-04 	 5.75375e-07 
2.960 	 1.66500e-04 	 1.64977e-04 	 1.52262e-06 
2.922 	 1.74739e-04 	 1.71675e-04 	 3.06349e-06 
2.884 	 1.84493e-04 	 1.79304e-04 	 5.18973e-06 
2.848 	 1.95052e-04 	 1.87223e-04 	 7.82965e-06 
2.812 	 2.06208e-04 	 1.95210e-04 	 1.09980e-05 
2.777 	 2.18940e-04 	 2.04283e-04 	 1.46575e-05 
2.743 	 2.33337e-04 	 2.14539e-04 	 1.87982e-05 
2.710 	 2.48151e-04 	 2.24752e-04 	 2.33984e-05 
2.678 	 2.61694e-04 	 2.33233e-04 	 2.84610e-05 
2.646 	 2.77132e-04 	 2.43140e-04 	 3.39925e-05 
2.615 	 2.94132e-04 	 2.54142e-04 	 3.99897e-05 
2.585 	 3.12456e-04 	 2.66000e-04 	 4.64566e-05 
2.556 	 3.32027e-04 	 2.78623e-04 	 5.34035e-05 
2.527 	 3.52904e-04 	 2.92057e-04 	 6.08466e-05 
2.499 	 3.75225e-04 	 3.06423e-04 	 6.88019e-05 
2.471 	 3.98980e-04 	 3.21694e-04 	 7.72865e-05 
2.444 	 4.24140e-04 	 3.37804e-04 	 8.63363e-05 
2.418 	 4.51042e-04 	 3.55054e-04 	 9.59881e-05 
2.392 	 4.79860e-04 	 3.73582e-04 	 1.06278e-04 
2.367 	 5.10819e-04 	 3.93562e-04 	 1.17257e-04 
2.342 	 5.44295e-04 	 4.15312e-04 	 1.28982e-04 
2.318 	 5.81011e-04 	 4.39507e-04 	 1.41504e-04 
2.294 	 6.22204e-04 	 4.67461e-04 	 1.54743e-04 
2.271 	 6.66424e-04 	 4.98270e-04 	 1.68155e-04 
2.248 	 7.06032e-04 	 5.23931e-04 	 1.82101e-04 
2.226 	 7.46966e-04 	 5.49095e-04 	 1.97871e-04 
2.204 	 7.93624e-04 	 5.78505e-04 	 2.15118e-04 
2.182 	 8.45374e-04 	 6.11714e-04 	 2.33660e-04 
2.161 	 9.01889e-04 	 6.48322e-04 	 2.53567e-04 
2.141 	 9.63309e-04 	 6.88332e-04 	 2.74978e-04 
2.121 	 1.03001e-03 	 7.31948e-04 	 2.98061e-04 
2.101 	 1.10250e-03 	 7.79494e-04 	 3.23004e-04 
2.081 	 1.18140e-03 	 8.31380e-04 	 3.50025e-04 
2.062 	 1.26747e-03 	 8.88098e-04 	 3.79370e-04 
2.043 	 1.36155e-03 	 9.50227e-04 	 4.11323e-04 
2.025 	 1.46466e-03 	 1.01844e-03 	 4.46212e-04 
2.007 	 1.57796e-03 	 1.09354e-03 	 4.84420e-04 
1.989 	 1.70282e-03 	 1.17643e-03 	 5.26392e-04 
1.971 	 1.84083e-03 	 1.26819e-03 	 5.72641e-04 
1.954 	 1.99386e-03 	 1.37009e-03 	 6.23771e-04 
1.937 	 2.16414e-03 	 1.48364e-03 	 6.80505e-04 
1.921 	 2.35433e-03 	 1.61062e-03 	 7.43711e-04 
1.904 	 2.56760e-03 	 1.75319e-03 	 8.14411e-04 
1.888 	 2.80775e-03 	 1.91392e-03 	 8.93828e-04 
1.873 	 3.07938e-03 	 2.09593e-03 	 9.83452e-04 
1.857 	 3.38812e-03 	 2.30302e-03 	 1.08510e-03 
1.842 	 3.74089e-03 	 2.53988e-03 	 1.20100e-03 
1.827 	 4.14626e-03 	 2.81232e-03 	 1.33393e-03 
1.812 	 4.61493e-03 	 3.12760e-03 	 1.48734e-03 
1.798 	 5.16039e-03 	 3.49483e-03 	 1.66556e-03 
1.783 	 5.79975e-03 	 3.92565e-03 	 1.87410e-03 
1.769 	 6.55507e-03 	 4.43502e-03 	 2.12006e-03 
1.755 	 7.45501e-03 	 5.04236e-03 	 2.41265e-03 
1.742 	 8.53722e-03 	 5.77325e-03 	 2.76397e-03 
1.728 	 9.85171e-03 	 6.66163e-03 	 3.19008e-03 
1.715 	 1.14657e-02 	 7.75318e-03 	 3.71254e-03 
1.702 	 1.34706e-02 	 9.11000e-03 	 4.36063e-03 
1.689 	 1.59919e-02 	 1.08174e-02 	 5.17451e-03 
1.677 	 1.92026e-02 	 1.29930e-02 	 6.20955e-03 
1.664 	 2.33415e-02 	 1.57995e-02 	 7.54196e-03 
1.652 	 2.87322e-02 	 1.94573e-02 	 9.27494e-03 
1.640 	 3.57930e-02 	 2.42515e-02 	 1.15414e-02 
1.628 	 4.49984e-02 	 3.05068e-02 	 1.44916e-02 
1.616 	 5.66992e-02 	 3.84647e-02 	 1.82345e-02 
1.605 	 7.06187e-02 	 4.79420e-02 	 2.26767e-02 
1.593 	 8.49238e-02 	 5.76981e-02 	 2.72257e-02 
1.582 	 9.55692e-02 	 6.49843e-02 	 3.05849e-02 
1.571 	 9.79494e-02 	 6.66610e-02 	 3.12884e-02 
1.560 	 9.09325e-02 	 6.19424e-02 	 2.89901e-02 
1.549 	 7.80481e-02 	 5.32168e-02 	 2.48313e-02 
1.539 	 6.39301e-02 	 4.36342e-02 	 2.02959e-02 
1.528 	 5.13537e-02 	 3.50868e-02 	 1.62669e-02 
1.518 	 4.11647e-02 	 2.81555e-02 	 1.30092e-02 
1.508 	 3.32331e-02 	 2.27556e-02 	 1.04775e-02 
1.497 	 2.71330e-02 	 1.85997e-02 	 8.53322e-03 
1.488 	 2.24326e-02 	 1.53955e-02 	 7.03712e-03 
1.478 	 1.87799e-02 	 1.29039e-02 	 5.87598e-03 
1.468 	 1.59088e-02 	 1.09444e-02 	 4.96446e-03 
1.459 	 1.36242e-02 	 9.38419e-03 	 4.23999e-03 
1.449 	 1.17837e-02 	 8.12662e-03 	 3.65709e-03 
1.440 	 1.02835e-02 	 7.10099e-03 	 3.18253e-03 
1.431 	 9.04711e-03 	 6.25523e-03 	 2.79189e-03 
1.422 	 8.01761e-03 	 5.55060e-03 	 2.46701e-03 
1.413 	 7.15225e-03 	 4.95798e-03 	 2.19427e-03 
1.404 	 6.41849e-03 	 4.45519e-03 	 1.96330e-03 
1.395 	 5.79135e-03 	 4.02521e-03 	 1.76614e-03 
1.386 	 5.25137e-03 	 3.65477e-03 	 1.59660e-03 
1.378 	 4.78330e-03 	 3.33347e-03 	 1.44983e-03 
1.369 	 4.37502e-03 	 3.05304e-03 	 1.32198e-03 
1.361 	 4.01683e-03 	 2.80686e-03 	 1.20997e-03 
1.353 	 3.70091e-03 	 2.58960e-03 	 1.11131e-03 
1.345 	 3.42089e-03 	 2.39691e-03 	 1.02398e-03 
1.337 	 3.17153e-03 	 2.22520e-03 	 9.46333e-04 
1.329 	 2.94854e-03 	 2.07155e-03 	 8.76994e-04 
1.321 	 2.74832e-03 	 1.93349e-03 	 8.14829e-04 
1.313 	 2.56788e-03 	 1.80899e-03 	 7.58891e-04 
1.306 	 2.40469e-03 	 1.69631e-03 	 7.08380e-04 
1.298 	 2.25662e-03 	 1.59400e-03 	 6.62622e-04 
1.291 	 2.12186e-03 	 1.50081e-03 	 6.21043e-04 
1.283 	 1.99884e-03 	 1.41569e-03 	 5.83152e-04 
1.276 	 1.88625e-03 	 1.33772e-03 	 5.48528e-04 
1.269 	 1.78292e-03 	 1.26611e-03 	 5.16810e-04 
1.262 	 1.68787e-03 	 1.20019e-03 	 4.87682e-04 
1.255 	 1.60023e-03 	 1.13935e-03 	 4.60873e-04 
1.248 	 1.51924e-03 	 1.08309e-03 	 4.36144e-04 
1.241 	 1.44424e-03 	 1.03095e-03 	 4.13288e-04 
1.234 	 1.37465e-03 	 9.82531e-04 	 3.92121e-04 
1.227 	 1.30996e-03 	 9.37483e-04 	 3.72482e-04 
1.220 	 1.24972e-03 	 8.95495e-04 	 3.54228e-04 
1.214 	 1.19353e-03 	 8.56292e-04 	 3.37234e-04 
1.207 	 1.14101e-03 	 8.19627e-04 	 3.21387e-04 
1.201 	 1.09187e-03 	 7.85283e-04 	 3.06587e-04 
1.194 	 1.04581e-03 	 7.53064e-04 	 2.92744e-04 
1.188 	 1.00257e-03 	 7.22795e-04 	 2.79779e-04 
1.182 	 9.61937e-04 	 6.94317e-04 	 2.67620e-04 
1.176 	 9.23692e-04 	 6.67490e-04 	 2.56201e-04 
1.169 	 8.87651e-04 	 6.42185e-04 	 2.45465e-04 
1.163 	 8.53646e-04 	 6.18287e-04 	 2.35359e-04 
1.157 	 8.21525e-04 	 5.95690e-04 	 2.25835e-04 
1.151 	 7.91149e-04 	 5.74299e-04 	 2.16849e-04 
1.146 	 7.62391e-04 	 5.54028e-04 	 2.08363e-04 
1.140 	 7.35137e-04 	 5.34797e-04 	 2.00340e-04 
1.134 	 7.09282e-04 	 5.16534e-04 	 1.92748e-04 
1.128 	 6.84730e-04 	 4.99173e-04 	 1.85557e-04 
1.123 	 6.61393e-04 	 4.82654e-04 	 1.78739e-04 
1.117 	 6.39192e-04 	 4.66922e-04 	 1.72270e-04 
1.112 	 6.18051e-04 	 4.51925e-04 	 1.66126e-04 
1.106 	 5.97904e-04 	 4.37617e-04 	 1.60287e-04 
1.101 	 5.78687e-04 	 4.23955e-04 	 1.54732e-04 
1.095 	 5.60344e-04 	 4.10899e-04 	 1.49445e-04 
1.090 	 5.42820e-04 	 3.98413e-04 	 1.44407e-04 
1.085 	 5.26067e-04 	 3.86462e-04 	 1.39605e-04 
1.079 	 5.10039e-04 	 3.75015e-04 	 1.35024e-04 
1.074 	 4.94693e-04 	 3.64042e-04 	 1.30651e-04 
1.069 	 4.79990e-04 	 3.53517e-04 	 1.26473e-04 
1.064 	 4.65894e-04 	 3.43414e-04 	 1.22480e-04 
1.059 	 4.52371e-04 	 3.33710e-04 	 1.18661e-04 
1.054 	 4.39389e-04 	 3.24383e-04 	 1.15006e-04 
1.049 	 4.26918e-04 	 3.15413e-04 	 1.11505e-04 
1.044 	 4.14933e-04 	 3.06781e-04 	 1.08152e-04 
1.039 	 4.03406e-04 	 2.98469e-04 	 1.04937e-04 
1.035 	 3.92314e-04 	 2.90460e-04 	 1.01854e-04 
1.030 	 3.81636e-04 	 2.82741e-04 	 9.88951e-05 
1.025 	 3.71349e-04 	 2.75294e-04 	 9.60542e-05 
1.020 	 3.61434e-04 	 2.68108e-04 	 9.33253e-05 
1.016 	 3.51873e-04 	 2.61170e-04 	 9.07027e-05 
1.011 	 3.42648e-04 	 2.54467e-04 	 8.81810e-05 
1.007 	 3.33743e-04 	 2.47988e-04 	 8.57553e-05 
1.002 	 3.25144e-04 	 2.41723e-04 	 8.34209e-05 
0.998 	 3.16834e-04 	 2.35661e-04 	 8.11735e-05 
0.993 	 3.08802e-04 	 2.29793e-04 	 7.90087e-05 
0.989 	 3.01033e-04 	 2.24111e-04 	 7.69228e-05 
0.985 	 2.93517e-04 	 2.18605e-04 	 7.49121e-05 
0.980 	 2.86241e-04 	 2.13268e-04 	 7.29730e-05 
0.976 	 2.79196e-04 	 2.08093e-04 	 7.11024e-05 
0.972 	 2.72370e-04 	 2.03073e-04 	 6.92971e-05 
0.968 	 2.65755e-04 	 1.98201e-04 	 6.75542e-05 
0.963 	 2.59341e-04 	 1.93470e-04 	 6.58710e-05 
0.959 	 2.53120e-04 	 1.88875e-04 	 6.42449e-05 
0.955 	 2.47083e-04 	 1.84410e-04 	 6.26733e-05 
0.951 	 2.41224e-04 	 1.80070e-04 	 6.11539e-05 
0.947 	 2.35534e-04 	 1.75849e-04 	 5.96846e-05 
0.943 	 2.30007e-04 	 1.71744e-04 	 5.82632e-05 
0.939 	 2.24636e-04 	 1.67748e-04 	 5.68878e-05 
0.935 	 2.19415e-04 	 1.63859e-04 	 5.55563e-05 
0.931 	 2.14338e-04 	 1.60071e-04 	 5.42671e-05 
0.928 	 2.09400e-04 	 1.56381e-04 	 5.30185e-05 
0.924 	 2.04594e-04 	 1.52785e-04 	 5.18087e-05 
0.920 	 1.99916e-04 	 1.49280e-04 	 5.06363e-05 
0.916 	 1.95361e-04 	 1.45861e-04 	 4.94998e-05 
0.913 	 1.90924e-04 	 1.42527e-04 	 4.83978e-05 
0.909 	 1.86602e-04 	 1.39273e-04 	 4.73289e-05 
0.905 	 1.82389e-04 	 1.36097e-04 	 4.62920e-05 
0.902 	 1.78281e-04 	 1.32995e-04 	 4.52857e-05 
0.898 	 1.74275e-04 	 1.29967e-04 	 4.43089e-05 
0.894 	 1.70368e-04 	 1.27007e-04 	 4.33606e-05 
0.891 	 1.66555e-04 	 1.24116e-04 	 4.24397e-05 
0.887 	 1.62834e-04 	 1.21289e-04 	 4.15451e-05 
0.884 	 1.59200e-04 	 1.18524e-04 	 4.06760e-05 
0.880 	 1.55652e-04 	 1.15821e-04 	 3.98313e-05 
0.877 	 1.52186e-04 	 1.13175e-04 	 3.90103e-05 
0.873 	 1.48799e-04 	 1.10587e-04 	 3.82121e-05 
0.870 	 1.45488e-04 	 1.08052e-04 	 3.74358e-05 
0.867 	 1.42252e-04 	 1.05571e-04 	 3.66808e-05 
0.863 	 1.39087e-04 	 1.03140e-04 	 3.59462e-05 
0.860 	 1.35991e-04 	 1.00759e-04 	 3.52314e-05 
0.857 	 1.32962e-04 	 9.84259e-05 	 3.45357e-05 
0.853 	 1.29997e-04 	 9.61388e-05 	 3.38585e-05 
0.850 	 1.27095e-04 	 9.38963e-05 	 3.31991e-05 
0.847 	 1.24254e-04 	 9.16971e-05 	 3.25569e-05 
0.844 	 1.21471e-04 	 8.95398e-05 	 3.19314e-05 
0.841 	 1.18745e-04 	 8.74232e-05 	 3.13221e-05 
0.838 	 1.16074e-04 	 8.53461e-05 	 3.07283e-05 
0.834 	 1.13457e-04 	 8.33071e-05 	 3.01496e-05 
0.831 	 1.10891e-04 	 8.13052e-05 	 2.95856e-05 
0.828 	 1.08375e-04 	 7.93393e-05 	 2.90357e-05 
0.825 	 1.05908e-04 	 7.74083e-05 	 2.84994e-05 
0.822 	 1.03488e-04 	 7.55111e-05 	 2.79765e-05 
0.819 	 1.01113e-04 	 7.36469e-05 	 2.74664e-05 
0.816 	 9.87833e-05 	 7.18145e-05 	 2.69688e-05 
0.813 	 9.64964e-05 	 7.00132e-05 	 2.64832e-05 
0.810 	 9.42513e-05 	 6.82420e-05 	 2.60093e-05 
0.807 	 9.20468e-05 	 6.65000e-05 	 2.55468e-05 
0.804 	 8.98817e-05 	 6.47864e-05 	 2.50953e-05 
0.802 	 8.77549e-05 	 6.31004e-05 	 2.46545e-05 
0.799 	 8.56652e-05 	 6.14412e-05 	 2.42240e-05 
0.796 	 8.36115e-05 	 5.98080e-05 	 2.38035e-05 
0.793 	 8.15929e-05 	 5.82001e-05 	 2.33928e-05 
0.790 	 7.96084e-05 	 5.66167e-05 	 2.29916e-05 
0.788 	 7.76569e-05 	 5.50573e-05 	 2.25996e-05 
0.785 	 7.57376e-05 	 5.35211e-05 	 2.22165e-05 
0.782 	 7.38495e-05 	 5.20075e-05 	 2.18421e-05 
0.779 	 7.19919e-05 	 5.05158e-05 	 2.14761e-05 
0.777 	 7.01638e-05 	 4.90455e-05 	 2.11183e-05 
0.774 	 6.83645e-05 	 4.75961e-05 	 2.07684e-05 
0.771 	 6.65932e-05 	 4.61669e-05 	 2.04263e-05 
0.769 	 6.48492e-05 	 4.47575e-05 	 2.00917e-05 
0.766 	 6.31317e-05 	 4.33673e-05 	 1.97644e-05 
0.763 	 6.14401e-05 	 4.19959e-05 	 1.94442e-05 
0.761 	 5.97737e-05 	 4.06427e-05 	 1.91309e-05 
0.758 	 5.81318e-05 	 3.93074e-05 	 1.88244e-05 
0.756 	 5.65138e-05 	 3.79894e-05 	 1.85244e-05 
0.753 	 5.49191e-05 	 3.66883e-05 	 1.82308e-05 
0.751 	 5.33471e-05 	 3.54037e-05 	 1.79434e-05 
0.748 	 5.17973e-05 	 3.41353e-05 	 1.76620e-05 
0.746 	 5.02690e-05 	 3.28825e-05 	 1.73866e-05 
0.743 	 4.87618e-05 	 3.16450e-05 	 1.71168e-05 
0.741 	 4.72751e-05 	 3.04225e-05 	 1.68526e-05 
0.738 	 4.58084e-05 	 2.92145e-05 	 1.65938e-05 
0.736 	 4.43612e-05 	 2.80208e-05 	 1.63404e-05 
0.733 	 4.29329e-05 	 2.68409e-05 	 1.60921e-05 
0.731 	 4.15232e-05 	 2.56745e-05 	 1.58488e-05 
0.729 	 4.01316e-05 	 2.45212e-05 	 1.56104e-05 
0.726 	 3.87577e-05 	 2.33809e-05 	 1.53768e-05 
0.724 	 3.74009e-05 	 2.22531e-05 	 1.51478e-05 
0.722 	 3.60609e-05 	 2.11375e-05 	 1.49234e-05 
0.719 	 3.47373e-05 	 2.00339e-05 	 1.47034e-05 
0.717 	 3.34297e-05 	 1.89419e-05 	 1.44877e-05 
0.715 	 3.21376e-05 	 1.78614e-05 	 1.42763e-05 
0.712 	 3.08608e-05 	 1.67919e-05 	 1.40689e-05 
0.710 	 2.95989e-05 	 1.57333e-05 	 1.38655e-05 
0.708 	 2.83515e-05 	 1.46854e-05 	 1.36661e-05 
0.706 	 2.71182e-05 	 1.36477e-05 	 1.34705e-05 
0.704 	 2.58988e-05 	 1.26202e-05 	 1.32786e-05 
0.701 	 2.46929e-05 	 1.16026e-05 	 1.30903e-05 
0.699 	 2.35002e-05 	 1.05947e-05 	 1.29056e-05 
0.697 	 2.23205e-05 	 9.59616e-06 	 1.27243e-05 
0.695 	 2.11534e-05 	 8.60691e-06 	 1.25465e-05 
0.693 	 1.99986e-05 	 7.62668e-06 	 1.23719e-05 
0.691 	 1.88559e-05 	 6.65529e-06 	 1.22006e-05 
0.688 	 1.77249e-05 	 5.69253e-06 	 1.20324e-05 
0.686 	 1.66055e-05 	 4.73823e-06 	 1.18673e-05 
0.684 	 1.54974e-05 	 3.79218e-06 	 1.17052e-05 
0.682 	 1.44003e-05 	 2.85421e-06 	 1.15461e-05 
0.680 	 1.33140e-05 	 1.92415e-06 	 1.13898e-05 
0.678 	 1.22382e-05 	 1.00182e-06 	 1.12364e-05 
0.676 	 1.11727e-05 	 8.70499e-08 	 1.10857e-05 
0.674 	 1.01173e-05 	 -8.20316e-07 	 1.09376e-05 
0.672 	 9.07182e-06 	 -1.72044e-06 	 1.07923e-05 
0.670 	 8.03596e-06 	 -2.61348e-06 	 1.06494e-05 
0.668 	 7.00955e-06 	 -3.49958e-06 	 1.05091e-05 
0.666 	 5.99238e-06 	 -4.37890e-06 	 1.03713e-05 
0.664 	 4.98426e-06 	 -5.25158e-06 	 1.02358e-05 
0.662 	 3.98498e-06 	 -6.11776e-06 	 1.01027e-05 
0.660 	 2.99437e-06 	 -6.97758e-06 	 9.97195e-06 
0.658 	 2.01224e-06 	 -7.83117e-06 	 9.84340e-06 
0.656 	 1.03840e-06 	 -8.67866e-06 	 9.71706e-06 
0.654 	 7.26895e-08 	 -9.52019e-06 	 9.59288e-06 
0.652 	 -8.85069e-07 	 -1.03559e-05 	 9.47080e-06 
0.650 	 -1.83504e-06 	 -1.11858e-05 	 9.35079e-06 
0.649 	 -2.77739e-06 	 -1.20102e-05 	 9.23280e-06 
0.647 	 -3.71228e-06 	 -1.28291e-05 	 9.11678e-06 
0.645 	 -4.63986e-06 	 -1.36426e-05 	 9.00271e-06 
0.643 	 -5.56028e-06 	 -1.44508e-05 	 8.89053e-06 
0.641 	 -6.47369e-06 	 -1.52539e-05 	 8.78021e-06 
0.639 	 -7.38023e-06 	 -1.60519e-05 	 8.67171e-06 
0.638 	 -8.28005e-06 	 -1.68450e-05 	 8.56499e-06 
0.636 	 -9.17329e-06 	 -1.76333e-05 	 8.46002e-06 
0.634 	 -1.00601e-05 	 -1.84168e-05 	 8.35676e-06 
0.632 	 -1.09406e-05 	 -1.91957e-05 	 8.25517e-06 
0.630 	 -1.18148e-05 	 -1.99701e-05 	 8.15522e-06 
0.629 	 -1.26831e-05 	 -2.07400e-05 	 8.05689e-06 
0.627 	 -1.35454e-05 	 -2.15055e-05 	 7.96013e-06 
0.625 	 -1.44018e-05 	 -2.22668e-05 	 7.86491e-06 
0.623 	 -1.52526e-05 	 -2.30238e-05 	 7.77121e-06 
0.622 	 -1.60978e-05 	 -2.37768e-05 	 7.67899e-06 
0.620 	 -1.69376e-05 	 -2.45258e-05 	 7.58823e-06 
0.618 	 -1.77720e-05 	 -2.52709e-05 	 7.49889e-06 
0.616 	 -1.86011e-05 	 -2.60121e-05 	 7.41095e-06 
0.615 	 -1.94251e-05 	 -2.67495e-05 	 7.32438e-06 
0.613 	 -2.02441e-05 	 -2.74832e-05 	 7.23916e-06 
0.611 	 -2.10581e-05 	 -2.82134e-05 	 7.15526e-06 
0.610 	 -2.18673e-05 	 -2.89400e-05 	 7.07265e-06 
0.608 	 -2.26718e-05 	 -2.96631e-05 	 6.99130e-06 
0.606 	 -2.34716e-05 	 -3.03828e-05 	 6.91121e-06 
0.605 	 -2.42669e-05 	 -3.10992e-05 	 6.83233e-06 
0.603 	 -2.50577e-05 	 -3.18123e-05 	 6.75465e-06 
0.602 	 -2.58441e-05 	 -3.25222e-05 	 6.67814e-06 
0.600 	 -2.66263e-05 	 -3.32290e-05 	 6.60279e-06 
