Energy [eV] Ext Cross [um^2] Abs Cross [um^2] Sca Cross [um^2] 
3.000 	 3.15691e-04 	 3.14834e-04 	 8.56976e-07 
2.960 	 4.31533e-04 	 4.28602e-04 	 2.93063e-06 
2.922 	 6.14912e-04 	 6.06884e-04 	 8.02781e-06 
2.884 	 9.37160e-04 	 9.17366e-04 	 1.97933e-05 
2.848 	 1.55058e-03 	 1.50334e-03 	 4.72402e-05 
2.812 	 2.91252e-03 	 2.79322e-03 	 1.19300e-04 
2.777 	 6.45880e-03 	 6.12241e-03 	 3.36390e-04 
2.743 	 1.40409e-02 	 1.31493e-02 	 8.91600e-04 
2.710 	 1.19077e-02 	 1.10117e-02 	 8.96034e-04 
2.678 	 5.37628e-03 	 4.90290e-03 	 4.73373e-04 
2.646 	 2.68502e-03 	 2.41362e-03 	 2.71392e-04 
2.615 	 1.56509e-03 	 1.38624e-03 	 1.78846e-04 
2.585 	 1.01839e-03 	 8.88455e-04 	 1.29935e-04 
2.556 	 7.14907e-04 	 6.14092e-04 	 1.00815e-04 
2.527 	 5.29694e-04 	 4.47816e-04 	 8.18776e-05 
2.499 	 4.08416e-04 	 3.39693e-04 	 6.87235e-05 
2.471 	 3.24606e-04 	 2.65490e-04 	 5.91165e-05 
2.444 	 2.64116e-04 	 2.12300e-04 	 5.18162e-05 
2.418 	 2.18938e-04 	 1.72846e-04 	 4.60917e-05 
2.392 	 1.84158e-04 	 1.42674e-04 	 4.14836e-05 
2.367 	 1.56857e-04 	 1.19162e-04 	 3.76943e-05 
2.342 	 1.34942e-04 	 1.00418e-04 	 3.45239e-05 
2.318 	 1.17041e-04 	 8.52125e-05 	 3.18287e-05 
2.294 	 1.02274e-04 	 7.27655e-05 	 2.95081e-05 
2.271 	 8.99357e-05 	 6.24469e-05 	 2.74888e-05 
2.248 	 7.93890e-05 	 5.36745e-05 	 2.57145e-05 
2.226 	 7.03004e-05 	 4.61613e-05 	 2.41390e-05 
2.204 	 6.25133e-05 	 3.97832e-05 	 2.27301e-05 
2.182 	 5.58423e-05 	 3.43797e-05 	 2.14626e-05 
2.161 	 5.01744e-05 	 2.98571e-05 	 2.03173e-05 
2.141 	 4.52467e-05 	 2.59649e-05 	 1.92818e-05 
2.121 	 4.03781e-05 	 2.20394e-05 	 1.83387e-05 
2.101 	 3.57454e-05 	 1.82788e-05 	 1.74666e-05 
2.081 	 3.16804e-05 	 1.50210e-05 	 1.66594e-05 
2.062 	 2.81009e-05 	 1.21887e-05 	 1.59122e-05 
2.043 	 2.48997e-05 	 9.68071e-06 	 1.52190e-05 
2.025 	 2.20064e-05 	 7.43241e-06 	 1.45740e-05 
2.007 	 1.93729e-05 	 5.40069e-06 	 1.39722e-05 
1.989 	 1.69640e-05 	 3.55472e-06 	 1.34092e-05 
1.971 	 1.47531e-05 	 1.87171e-06 	 1.28814e-05 
1.954 	 1.27183e-05 	 3.32703e-07 	 1.23856e-05 
1.937 	 1.08382e-05 	 -1.08055e-06 	 1.19187e-05 
1.921 	 9.09901e-06 	 -2.37940e-06 	 1.14784e-05 
1.904 	 7.48392e-06 	 -3.57846e-06 	 1.10624e-05 
1.888 	 5.97904e-06 	 -4.68966e-06 	 1.06687e-05 
1.873 	 4.57822e-06 	 -5.71736e-06 	 1.02956e-05 
1.857 	 3.27599e-06 	 -6.66545e-06 	 9.94144e-06 
1.842 	 2.06750e-06 	 -7.53738e-06 	 9.60488e-06 
1.827 	 9.49508e-07 	 -8.33510e-06 	 9.28461e-06 
1.812 	 -7.88825e-08 	 -9.05836e-06 	 8.97948e-06 
1.798 	 -1.01543e-06 	 -9.70388e-06 	 8.68845e-06 
1.783 	 -1.85358e-06 	 -1.02642e-05 	 8.41058e-06 
1.769 	 -2.58047e-06 	 -1.07255e-05 	 8.14503e-06 
1.755 	 -3.17319e-06 	 -1.10643e-05 	 7.89107e-06 
1.742 	 -3.59256e-06 	 -1.12407e-05 	 7.64813e-06 
1.728 	 -3.77242e-06 	 -1.11884e-05 	 7.41593e-06 
1.715 	 -3.60258e-06 	 -1.07973e-05 	 7.19468e-06 
1.702 	 -2.90893e-06 	 -9.89457e-06 	 6.98565e-06 
1.689 	 -1.46811e-06 	 -8.26025e-06 	 6.79215e-06 
1.677 	 7.78314e-07 	 -5.84183e-06 	 6.62014e-06 
1.664 	 3.01125e-06 	 -3.46202e-06 	 6.47327e-06 
1.652 	 3.20012e-06 	 -3.13746e-06 	 6.33758e-06 
1.640 	 6.30631e-07 	 -5.55669e-06 	 6.18732e-06 
1.628 	 -2.89044e-06 	 -8.91019e-06 	 6.01975e-06 
1.616 	 -5.92437e-06 	 -1.17724e-05 	 5.84806e-06 
1.605 	 -8.21591e-06 	 -1.38968e-05 	 5.68086e-06 
1.593 	 -9.92973e-06 	 -1.54506e-05 	 5.52083e-06 
1.582 	 -1.12525e-05 	 -1.66207e-05 	 5.36816e-06 
1.571 	 -1.23159e-05 	 -1.75382e-05 	 5.22237e-06 
1.560 	 -1.32039e-05 	 -1.82868e-05 	 5.08286e-06 
1.549 	 -1.39697e-05 	 -1.89188e-05 	 4.94910e-06 
1.539 	 -1.46472e-05 	 -1.94678e-05 	 4.82061e-06 
1.528 	 -1.52587e-05 	 -1.99558e-05 	 4.69703e-06 
1.518 	 -1.58194e-05 	 -2.03974e-05 	 4.57801e-06 
1.508 	 -1.63396e-05 	 -2.08029e-05 	 4.46329e-06 
1.497 	 -1.68270e-05 	 -2.11796e-05 	 4.35260e-06 
1.488 	 -1.72869e-05 	 -2.15326e-05 	 4.24573e-06 
1.478 	 -1.77235e-05 	 -2.18659e-05 	 4.14249e-06 
1.468 	 -1.81399e-05 	 -2.21826e-05 	 4.04270e-06 
1.459 	 -1.85386e-05 	 -2.24848e-05 	 3.94619e-06 
1.449 	 -1.89217e-05 	 -2.27745e-05 	 3.85280e-06 
1.440 	 -1.92906e-05 	 -2.30530e-05 	 3.76241e-06 
1.431 	 -1.96467e-05 	 -2.33216e-05 	 3.67488e-06 
1.422 	 -1.99912e-05 	 -2.35813e-05 	 3.59009e-06 
1.413 	 -2.03249e-05 	 -2.38328e-05 	 3.50793e-06 
1.404 	 -2.06486e-05 	 -2.40769e-05 	 3.42828e-06 
1.395 	 -2.09631e-05 	 -2.43142e-05 	 3.35105e-06 
1.386 	 -2.12690e-05 	 -2.45451e-05 	 3.27614e-06 
1.378 	 -2.15667e-05 	 -2.47702e-05 	 3.20347e-06 
1.369 	 -2.18568e-05 	 -2.49897e-05 	 3.13293e-06 
1.361 	 -2.21396e-05 	 -2.52040e-05 	 3.06447e-06 
1.353 	 -2.24155e-05 	 -2.54135e-05 	 2.99798e-06 
1.345 	 -2.26849e-05 	 -2.56183e-05 	 2.93342e-06 
1.337 	 -2.29481e-05 	 -2.58187e-05 	 2.87069e-06 
1.329 	 -2.32052e-05 	 -2.60150e-05 	 2.80975e-06 
1.321 	 -2.34566e-05 	 -2.62071e-05 	 2.75052e-06 
1.313 	 -2.37024e-05 	 -2.63953e-05 	 2.69294e-06 
1.306 	 -2.39427e-05 	 -2.65797e-05 	 2.63697e-06 
1.298 	 -2.41778e-05 	 -2.67604e-05 	 2.58254e-06 
1.291 	 -2.44077e-05 	 -2.69373e-05 	 2.52960e-06 
1.283 	 -2.46324e-05 	 -2.71105e-05 	 2.47811e-06 
1.276 	 -2.48520e-05 	 -2.72800e-05 	 2.42802e-06 
1.269 	 -2.50663e-05 	 -2.74456e-05 	 2.37930e-06 
1.262 	 -2.52754e-05 	 -2.76072e-05 	 2.33189e-06 
1.255 	 -2.54789e-05 	 -2.77646e-05 	 2.28578e-06 
1.248 	 -2.56766e-05 	 -2.79175e-05 	 2.24092e-06 
1.241 	 -2.58679e-05 	 -2.80652e-05 	 2.19729e-06 
1.234 	 -2.60524e-05 	 -2.82073e-05 	 2.15488e-06 
1.227 	 -2.62291e-05 	 -2.83428e-05 	 2.11368e-06 
1.220 	 -2.63969e-05 	 -2.84706e-05 	 2.07368e-06 
1.214 	 -2.65540e-05 	 -2.85889e-05 	 2.03490e-06 
1.207 	 -2.66985e-05 	 -2.86958e-05 	 1.99739e-06 
1.201 	 -2.68272e-05 	 -2.87884e-05 	 1.96119e-06 
1.194 	 -2.69365e-05 	 -2.88630e-05 	 1.92642e-06 
1.188 	 -2.70216e-05 	 -2.89148e-05 	 1.89321e-06 
1.182 	 -2.70767e-05 	 -2.89385e-05 	 1.86175e-06 
1.176 	 -2.70963e-05 	 -2.89286e-05 	 1.83226e-06 
1.169 	 -2.70773e-05 	 -2.88822e-05 	 1.80496e-06 
1.163 	 -2.70240e-05 	 -2.88038e-05 	 1.77987e-06 
1.157 	 -2.69555e-05 	 -2.87121e-05 	 1.75661e-06 
1.151 	 -2.69102e-05 	 -2.86443e-05 	 1.73414e-06 
1.146 	 -2.69375e-05 	 -2.86484e-05 	 1.71087e-06 
1.140 	 -2.70727e-05 	 -2.87580e-05 	 1.68534e-06 
1.134 	 -2.73140e-05 	 -2.89711e-05 	 1.65709e-06 
1.128 	 -2.76272e-05 	 -2.92539e-05 	 1.62678e-06 
1.123 	 -2.79702e-05 	 -2.95657e-05 	 1.59557e-06 
1.117 	 -2.83116e-05 	 -2.98761e-05 	 1.56446e-06 
1.112 	 -2.86350e-05 	 -3.01690e-05 	 1.53409e-06 
1.106 	 -2.89343e-05 	 -3.04391e-05 	 1.50476e-06 
1.101 	 -2.92097e-05 	 -3.06863e-05 	 1.47656e-06 
1.095 	 -2.94636e-05 	 -3.09130e-05 	 1.44948e-06 
1.090 	 -2.96990e-05 	 -3.11224e-05 	 1.42346e-06 
1.085 	 -2.99189e-05 	 -3.13174e-05 	 1.39844e-06 
1.079 	 -3.01261e-05 	 -3.15004e-05 	 1.37434e-06 
1.074 	 -3.03226e-05 	 -3.16737e-05 	 1.35108e-06 
1.069 	 -3.05103e-05 	 -3.18389e-05 	 1.32859e-06 
1.064 	 -3.06906e-05 	 -3.19974e-05 	 1.30679e-06 
1.059 	 -3.08648e-05 	 -3.21504e-05 	 1.28557e-06 
1.054 	 -3.10338e-05 	 -3.22987e-05 	 1.26486e-06 
1.049 	 -3.11985e-05 	 -3.24430e-05 	 1.24454e-06 
1.044 	 -3.13595e-05 	 -3.25841e-05 	 1.22453e-06 
1.039 	 -3.15175e-05 	 -3.27222e-05 	 1.20478e-06 
1.035 	 -3.16726e-05 	 -3.28579e-05 	 1.18525e-06 
1.030 	 -3.18253e-05 	 -3.29912e-05 	 1.16595e-06 
1.025 	 -3.19756e-05 	 -3.31225e-05 	 1.14692e-06 
1.020 	 -3.21237e-05 	 -3.32519e-05 	 1.12819e-06 
1.016 	 -3.22697e-05 	 -3.33795e-05 	 1.10981e-06 
1.011 	 -3.24136e-05 	 -3.35054e-05 	 1.09181e-06 
1.007 	 -3.25556e-05 	 -3.36299e-05 	 1.07421e-06 
1.002 	 -3.26958e-05 	 -3.37528e-05 	 1.05701e-06 
0.998 	 -3.28343e-05 	 -3.38745e-05 	 1.04021e-06 
0.993 	 -3.29711e-05 	 -3.39949e-05 	 1.02381e-06 
0.989 	 -3.31063e-05 	 -3.41141e-05 	 1.00780e-06 
0.985 	 -3.32401e-05 	 -3.42323e-05 	 9.92159e-07 
0.980 	 -3.33725e-05 	 -3.43494e-05 	 9.76881e-07 
0.976 	 -3.35036e-05 	 -3.44656e-05 	 9.61951e-07 
0.972 	 -3.36335e-05 	 -3.45808e-05 	 9.47356e-07 
0.968 	 -3.37621e-05 	 -3.46952e-05 	 9.33084e-07 
0.963 	 -3.38896e-05 	 -3.48087e-05 	 9.19122e-07 
0.959 	 -3.40160e-05 	 -3.49215e-05 	 9.05460e-07 
0.955 	 -3.41413e-05 	 -3.50334e-05 	 8.92086e-07 
0.951 	 -3.42657e-05 	 -3.51447e-05 	 8.78993e-07 
0.947 	 -3.43890e-05 	 -3.52552e-05 	 8.66169e-07 
0.943 	 -3.45114e-05 	 -3.53650e-05 	 8.53608e-07 
0.939 	 -3.46329e-05 	 -3.54742e-05 	 8.41301e-07 
0.935 	 -3.47535e-05 	 -3.55827e-05 	 8.29239e-07 
0.931 	 -3.48732e-05 	 -3.56906e-05 	 8.17417e-07 
0.928 	 -3.49921e-05 	 -3.57979e-05 	 8.05827e-07 
0.924 	 -3.51102e-05 	 -3.59046e-05 	 7.94463e-07 
0.920 	 -3.52274e-05 	 -3.60108e-05 	 7.83319e-07 
0.916 	 -3.53439e-05 	 -3.61163e-05 	 7.72388e-07 
0.913 	 -3.54597e-05 	 -3.62213e-05 	 7.61666e-07 
0.909 	 -3.55747e-05 	 -3.63258e-05 	 7.51146e-07 
0.905 	 -3.56889e-05 	 -3.64297e-05 	 7.40824e-07 
0.902 	 -3.58025e-05 	 -3.65332e-05 	 7.30694e-07 
0.898 	 -3.59153e-05 	 -3.66361e-05 	 7.20752e-07 
0.894 	 -3.60275e-05 	 -3.67385e-05 	 7.10994e-07 
0.891 	 -3.61390e-05 	 -3.68404e-05 	 7.01414e-07 
0.887 	 -3.62498e-05 	 -3.69418e-05 	 6.92009e-07 
0.884 	 -3.63600e-05 	 -3.70428e-05 	 6.82774e-07 
0.880 	 -3.64696e-05 	 -3.71433e-05 	 6.73705e-07 
0.877 	 -3.65785e-05 	 -3.72433e-05 	 6.64799e-07 
0.873 	 -3.66868e-05 	 -3.73428e-05 	 6.56051e-07 
0.870 	 -3.67945e-05 	 -3.74420e-05 	 6.47458e-07 
0.867 	 -3.69016e-05 	 -3.75406e-05 	 6.39017e-07 
0.863 	 -3.70081e-05 	 -3.76388e-05 	 6.30724e-07 
0.860 	 -3.71140e-05 	 -3.77366e-05 	 6.22576e-07 
0.857 	 -3.72194e-05 	 -3.78340e-05 	 6.14570e-07 
0.853 	 -3.73242e-05 	 -3.79309e-05 	 6.06702e-07 
0.850 	 -3.74285e-05 	 -3.80274e-05 	 5.98969e-07 
0.847 	 -3.75322e-05 	 -3.81235e-05 	 5.91369e-07 
0.844 	 -3.76353e-05 	 -3.82192e-05 	 5.83898e-07 
0.841 	 -3.77379e-05 	 -3.83145e-05 	 5.76554e-07 
0.838 	 -3.78400e-05 	 -3.84094e-05 	 5.69334e-07 
0.834 	 -3.79416e-05 	 -3.85039e-05 	 5.62235e-07 
0.831 	 -3.80427e-05 	 -3.85979e-05 	 5.55255e-07 
0.828 	 -3.81432e-05 	 -3.86916e-05 	 5.48392e-07 
0.825 	 -3.82432e-05 	 -3.87849e-05 	 5.41642e-07 
0.822 	 -3.83428e-05 	 -3.88778e-05 	 5.35004e-07 
0.819 	 -3.84418e-05 	 -3.89703e-05 	 5.28474e-07 
0.816 	 -3.85403e-05 	 -3.90624e-05 	 5.22052e-07 
0.813 	 -3.86383e-05 	 -3.91541e-05 	 5.15734e-07 
0.810 	 -3.87359e-05 	 -3.92454e-05 	 5.09519e-07 
0.807 	 -3.88329e-05 	 -3.93363e-05 	 5.03404e-07 
0.804 	 -3.89295e-05 	 -3.94269e-05 	 4.97387e-07 
0.802 	 -3.90256e-05 	 -3.95171e-05 	 4.91467e-07 
0.799 	 -3.91212e-05 	 -3.96069e-05 	 4.85641e-07 
0.796 	 -3.92164e-05 	 -3.96963e-05 	 4.79908e-07 
0.793 	 -3.93111e-05 	 -3.97854e-05 	 4.74266e-07 
0.790 	 -3.94054e-05 	 -3.98741e-05 	 4.68712e-07 
0.788 	 -3.94992e-05 	 -3.99624e-05 	 4.63246e-07 
0.785 	 -3.95925e-05 	 -4.00504e-05 	 4.57865e-07 
0.782 	 -3.96854e-05 	 -4.01380e-05 	 4.52568e-07 
0.779 	 -3.97779e-05 	 -4.02252e-05 	 4.47353e-07 
0.777 	 -3.98699e-05 	 -4.03121e-05 	 4.42218e-07 
0.774 	 -3.99615e-05 	 -4.03987e-05 	 4.37163e-07 
0.771 	 -4.00527e-05 	 -4.04849e-05 	 4.32185e-07 
0.769 	 -4.01434e-05 	 -4.05707e-05 	 4.27283e-07 
0.766 	 -4.02337e-05 	 -4.06562e-05 	 4.22455e-07 
0.763 	 -4.03236e-05 	 -4.07413e-05 	 4.17701e-07 
0.761 	 -4.04130e-05 	 -4.08261e-05 	 4.13018e-07 
0.758 	 -4.05021e-05 	 -4.09105e-05 	 4.08406e-07 
0.756 	 -4.05907e-05 	 -4.09946e-05 	 4.03863e-07 
0.753 	 -4.06789e-05 	 -4.10783e-05 	 3.99387e-07 
0.751 	 -4.07667e-05 	 -4.11616e-05 	 3.94978e-07 
0.748 	 -4.08540e-05 	 -4.12447e-05 	 3.90634e-07 
0.746 	 -4.09410e-05 	 -4.13273e-05 	 3.86353e-07 
0.743 	 -4.10275e-05 	 -4.14096e-05 	 3.82136e-07 
0.741 	 -4.11136e-05 	 -4.14916e-05 	 3.77981e-07 
0.738 	 -4.11994e-05 	 -4.15733e-05 	 3.73886e-07 
0.736 	 -4.12847e-05 	 -4.16545e-05 	 3.69850e-07 
0.733 	 -4.13696e-05 	 -4.17355e-05 	 3.65873e-07 
0.731 	 -4.14541e-05 	 -4.18161e-05 	 3.61952e-07 
0.729 	 -4.15382e-05 	 -4.18963e-05 	 3.58089e-07 
0.726 	 -4.16220e-05 	 -4.19762e-05 	 3.54280e-07 
0.724 	 -4.17053e-05 	 -4.20558e-05 	 3.50526e-07 
0.722 	 -4.17882e-05 	 -4.21351e-05 	 3.46825e-07 
0.719 	 -4.18708e-05 	 -4.22140e-05 	 3.43176e-07 
0.717 	 -4.19529e-05 	 -4.22925e-05 	 3.39579e-07 
0.715 	 -4.20347e-05 	 -4.23707e-05 	 3.36032e-07 
0.712 	 -4.21161e-05 	 -4.24486e-05 	 3.32535e-07 
0.710 	 -4.21971e-05 	 -4.25262e-05 	 3.29086e-07 
0.708 	 -4.22777e-05 	 -4.26034e-05 	 3.25686e-07 
0.706 	 -4.23580e-05 	 -4.26803e-05 	 3.22332e-07 
0.704 	 -4.24378e-05 	 -4.27569e-05 	 3.19025e-07 
0.701 	 -4.25173e-05 	 -4.28331e-05 	 3.15763e-07 
0.699 	 -4.25965e-05 	 -4.29090e-05 	 3.12546e-07 
0.697 	 -4.26752e-05 	 -4.29846e-05 	 3.09372e-07 
0.695 	 -4.27536e-05 	 -4.30598e-05 	 3.06242e-07 
0.693 	 -4.28316e-05 	 -4.31347e-05 	 3.03155e-07 
0.691 	 -4.29092e-05 	 -4.32093e-05 	 3.00108e-07 
0.688 	 -4.29864e-05 	 -4.32835e-05 	 2.97103e-07 
0.686 	 -4.30633e-05 	 -4.33575e-05 	 2.94138e-07 
0.684 	 -4.31398e-05 	 -4.34311e-05 	 2.91213e-07 
0.682 	 -4.32160e-05 	 -4.35043e-05 	 2.88327e-07 
0.680 	 -4.32918e-05 	 -4.35773e-05 	 2.85479e-07 
0.678 	 -4.33672e-05 	 -4.36499e-05 	 2.82668e-07 
0.676 	 -4.34423e-05 	 -4.37222e-05 	 2.79895e-07 
0.674 	 -4.35170e-05 	 -4.37941e-05 	 2.77158e-07 
0.672 	 -4.35913e-05 	 -4.38657e-05 	 2.74457e-07 
0.670 	 -4.36653e-05 	 -4.39370e-05 	 2.71791e-07 
0.668 	 -4.37389e-05 	 -4.40080e-05 	 2.69159e-07 
0.666 	 -4.38121e-05 	 -4.40787e-05 	 2.66562e-07 
0.664 	 -4.38850e-05 	 -4.41490e-05 	 2.63998e-07 
0.662 	 -4.39576e-05 	 -4.42190e-05 	 2.61468e-07 
0.660 	 -4.40297e-05 	 -4.42887e-05 	 2.58969e-07 
0.658 	 -4.41016e-05 	 -4.43581e-05 	 2.56503e-07 
0.656 	 -4.41730e-05 	 -4.44271e-05 	 2.54068e-07 
0.654 	 -4.42442e-05 	 -4.44958e-05 	 2.51663e-07 
0.652 	 -4.43149e-05 	 -4.45642e-05 	 2.49290e-07 
0.650 	 -4.43853e-05 	 -4.46323e-05 	 2.46946e-07 
0.649 	 -4.44554e-05 	 -4.47000e-05 	 2.44632e-07 
0.647 	 -4.45251e-05 	 -4.47675e-05 	 2.42346e-07 
0.645 	 -4.45945e-05 	 -4.48346e-05 	 2.40089e-07 
0.643 	 -4.46635e-05 	 -4.49014e-05 	 2.37860e-07 
0.641 	 -4.47322e-05 	 -4.49679e-05 	 2.35659e-07 
0.639 	 -4.48005e-05 	 -4.50340e-05 	 2.33485e-07 
0.638 	 -4.48685e-05 	 -4.50999e-05 	 2.31338e-07 
0.636 	 -4.49362e-05 	 -4.51654e-05 	 2.29217e-07 
0.634 	 -4.50035e-05 	 -4.52306e-05 	 2.27122e-07 
0.632 	 -4.50704e-05 	 -4.52955e-05 	 2.25053e-07 
0.630 	 -4.51370e-05 	 -4.53600e-05 	 2.23009e-07 
0.629 	 -4.52033e-05 	 -4.54243e-05 	 2.20990e-07 
0.627 	 -4.52693e-05 	 -4.54883e-05 	 2.18995e-07 
0.625 	 -4.53349e-05 	 -4.55519e-05 	 2.17024e-07 
0.623 	 -4.54001e-05 	 -4.56152e-05 	 2.15077e-07 
0.622 	 -4.54651e-05 	 -4.56782e-05 	 2.13153e-07 
0.620 	 -4.55297e-05 	 -4.57409e-05 	 2.11252e-07 
0.618 	 -4.55939e-05 	 -4.58033e-05 	 2.09374e-07 
0.616 	 -4.56579e-05 	 -4.58654e-05 	 2.07518e-07 
0.615 	 -4.57215e-05 	 -4.59271e-05 	 2.05683e-07 
0.613 	 -4.57847e-05 	 -4.59886e-05 	 2.03871e-07 
0.611 	 -4.58477e-05 	 -4.60498e-05 	 2.02080e-07 
0.610 	 -4.59103e-05 	 -4.61106e-05 	 2.00310e-07 
0.608 	 -4.59726e-05 	 -4.61711e-05 	 1.98560e-07 
0.606 	 -4.60345e-05 	 -4.62314e-05 	 1.96831e-07 
0.605 	 -4.60962e-05 	 -4.62913e-05 	 1.95122e-07 
0.603 	 -4.61575e-05 	 -4.63509e-05 	 1.93433e-07 
0.602 	 -4.62185e-05 	 -4.64102e-05 	 1.91763e-07 
0.600 	 -4.62791e-05 	 -4.64693e-05 	 1.90113e-07 
