Energy [eV] Ext Cross [um^2] Abs Cross [um^2] Sca Cross [um^2] 
3.000 	 1.58268e-04 	 1.57782e-04 	 4.85930e-07 
2.960 	 1.65460e-04 	 1.64176e-04 	 1.28346e-06 
2.922 	 1.72945e-04 	 1.70363e-04 	 2.58164e-06 
2.884 	 1.81749e-04 	 1.77373e-04 	 4.37513e-06 
2.848 	 1.91194e-04 	 1.84590e-04 	 6.60459e-06 
2.812 	 2.01064e-04 	 1.91783e-04 	 9.28126e-06 
2.777 	 2.12178e-04 	 1.99806e-04 	 1.23721e-05 
2.743 	 2.24259e-04 	 2.08391e-04 	 1.58681e-05 
2.710 	 2.37196e-04 	 2.17439e-04 	 1.97568e-05 
2.678 	 2.49993e-04 	 2.25965e-04 	 2.40284e-05 
2.646 	 2.63906e-04 	 2.35225e-04 	 2.86812e-05 
2.615 	 2.78902e-04 	 2.45189e-04 	 3.37127e-05 
2.585 	 2.94906e-04 	 2.55784e-04 	 3.91223e-05 
2.556 	 3.11880e-04 	 2.66967e-04 	 4.49134e-05 
2.527 	 3.29892e-04 	 2.78799e-04 	 5.10931e-05 
2.499 	 3.49093e-04 	 2.91428e-04 	 5.76657e-05 
2.471 	 3.69351e-04 	 3.04722e-04 	 6.46289e-05 
2.444 	 3.90338e-04 	 3.18327e-04 	 7.20114e-05 
2.418 	 4.12626e-04 	 3.32786e-04 	 7.98396e-05 
2.392 	 4.36304e-04 	 3.48183e-04 	 8.81207e-05 
2.367 	 4.61359e-04 	 3.64481e-04 	 9.68783e-05 
2.342 	 4.87890e-04 	 3.81749e-04 	 1.06141e-04 
2.318 	 5.15956e-04 	 4.00020e-04 	 1.15936e-04 
2.294 	 5.45577e-04 	 4.19290e-04 	 1.26288e-04 
2.271 	 5.76824e-04 	 4.39649e-04 	 1.37175e-04 
2.248 	 6.10513e-04 	 4.61974e-04 	 1.48539e-04 
2.226 	 6.47099e-04 	 4.86465e-04 	 1.60634e-04 
2.204 	 6.85881e-04 	 5.12314e-04 	 1.73568e-04 
2.182 	 7.27054e-04 	 5.39744e-04 	 1.87310e-04 
2.161 	 7.71021e-04 	 5.69125e-04 	 2.01896e-04 
2.141 	 8.18203e-04 	 6.00813e-04 	 2.17390e-04 
2.121 	 8.69113e-04 	 6.35245e-04 	 2.33868e-04 
2.101 	 9.24488e-04 	 6.73071e-04 	 2.51417e-04 
2.081 	 9.85526e-04 	 7.15390e-04 	 2.70136e-04 
2.062 	 1.05432e-03 	 7.64159e-04 	 2.90156e-04 
2.043 	 1.13388e-03 	 8.22176e-04 	 3.11706e-04 
2.025 	 1.22227e-03 	 8.87044e-04 	 3.35225e-04 
2.007 	 1.29916e-03 	 9.38249e-04 	 3.60909e-04 
1.989 	 1.36286e-03 	 9.74728e-04 	 3.88135e-04 
1.971 	 1.43604e-03 	 1.01900e-03 	 4.17044e-04 
1.954 	 1.52332e-03 	 1.07513e-03 	 4.48184e-04 
1.937 	 1.62292e-03 	 1.14098e-03 	 4.81945e-04 
1.921 	 1.73401e-03 	 1.21534e-03 	 5.18667e-04 
1.904 	 1.85678e-03 	 1.29808e-03 	 5.58705e-04 
1.888 	 1.99212e-03 	 1.38966e-03 	 6.02464e-04 
1.873 	 2.14131e-03 	 1.49090e-03 	 6.50416e-04 
1.857 	 2.30604e-03 	 1.60292e-03 	 7.03117e-04 
1.842 	 2.48832e-03 	 1.72711e-03 	 7.61218e-04 
1.827 	 2.69062e-03 	 1.86514e-03 	 8.25485e-04 
1.812 	 2.91585e-03 	 2.01902e-03 	 8.96825e-04 
1.798 	 3.16747e-03 	 2.19116e-03 	 9.76308e-04 
1.783 	 3.44964e-03 	 2.38443e-03 	 1.06521e-03 
1.769 	 3.76739e-03 	 2.60231e-03 	 1.16508e-03 
1.755 	 4.12678e-03 	 2.84900e-03 	 1.27778e-03 
1.742 	 4.53523e-03 	 3.12965e-03 	 1.40558e-03 
1.728 	 5.00182e-03 	 3.45055e-03 	 1.55127e-03 
1.715 	 5.53775e-03 	 3.81947e-03 	 1.71828e-03 
1.702 	 6.15702e-03 	 4.24614e-03 	 1.91088e-03 
1.689 	 6.87719e-03 	 4.74275e-03 	 2.13444e-03 
1.677 	 7.72055e-03 	 5.32478e-03 	 2.39576e-03 
1.664 	 8.71563e-03 	 6.01207e-03 	 2.70355e-03 
1.652 	 9.89930e-03 	 6.83025e-03 	 3.06905e-03 
1.640 	 1.13197e-02 	 7.81278e-03 	 3.50689e-03 
1.628 	 1.30401e-02 	 9.00376e-03 	 4.03635e-03 
1.616 	 1.51448e-02 	 1.04618e-02 	 4.68300e-03 
1.605 	 1.77467e-02 	 1.22656e-02 	 5.48110e-03 
1.593 	 2.09976e-02 	 1.45209e-02 	 6.47665e-03 
1.582 	 2.51017e-02 	 1.73703e-02 	 7.73142e-03 
1.571 	 3.03299e-02 	 2.10028e-02 	 9.32710e-03 
1.560 	 3.70280e-02 	 2.56602e-02 	 1.13678e-02 
1.549 	 4.56011e-02 	 3.16263e-02 	 1.39747e-02 
1.539 	 5.64207e-02 	 3.91630e-02 	 1.72577e-02 
1.528 	 6.95589e-02 	 4.83250e-02 	 2.12339e-02 
1.518 	 8.42267e-02 	 5.85689e-02 	 2.56578e-02 
1.508 	 9.80349e-02 	 6.82359e-02 	 2.97990e-02 
1.497 	 1.06982e-01 	 7.45371e-02 	 3.24450e-02 
1.488 	 1.07504e-01 	 7.49772e-02 	 3.25268e-02 
1.478 	 9.94685e-02 	 6.94458e-02 	 3.00227e-02 
1.468 	 8.62705e-02 	 6.02963e-02 	 2.59742e-02 
1.459 	 7.19100e-02 	 5.03149e-02 	 2.15951e-02 
1.449 	 5.88628e-02 	 4.12323e-02 	 1.76305e-02 
1.440 	 4.80081e-02 	 3.36674e-02 	 1.43406e-02 
1.431 	 3.93368e-02 	 2.76186e-02 	 1.17181e-02 
1.422 	 3.25140e-02 	 2.28555e-02 	 9.65858e-03 
1.413 	 2.71549e-02 	 1.91113e-02 	 8.04359e-03 
1.404 	 2.29230e-02 	 1.61526e-02 	 6.77038e-03 
1.395 	 1.95524e-02 	 1.37945e-02 	 5.75785e-03 
1.386 	 1.68404e-02 	 1.18960e-02 	 4.94442e-03 
1.378 	 1.46355e-02 	 1.03515e-02 	 4.28405e-03 
1.369 	 1.28243e-02 	 9.08189e-03 	 3.74236e-03 
1.361 	 1.13216e-02 	 8.02799e-03 	 3.29363e-03 
1.353 	 1.00634e-02 	 7.14496e-03 	 2.91842e-03 
1.345 	 9.00061e-03 	 6.39865e-03 	 2.60197e-03 
1.337 	 8.09569e-03 	 5.76279e-03 	 2.33290e-03 
1.329 	 7.31941e-03 	 5.21698e-03 	 2.10243e-03 
1.321 	 6.64886e-03 	 4.74522e-03 	 1.90364e-03 
1.313 	 6.06595e-03 	 4.33486e-03 	 1.73109e-03 
1.306 	 5.55621e-03 	 3.97578e-03 	 1.58042e-03 
1.298 	 5.10799e-03 	 3.65985e-03 	 1.44815e-03 
1.291 	 4.71187e-03 	 3.38045e-03 	 1.33142e-03 
1.283 	 4.36012e-03 	 3.13219e-03 	 1.22793e-03 
1.276 	 4.04638e-03 	 2.91060e-03 	 1.13577e-03 
1.269 	 3.76538e-03 	 2.71202e-03 	 1.05337e-03 
1.262 	 3.51274e-03 	 2.53335e-03 	 9.79395e-04 
1.255 	 3.28478e-03 	 2.37202e-03 	 9.12757e-04 
1.248 	 3.07837e-03 	 2.22585e-03 	 8.52525e-04 
1.241 	 2.89090e-03 	 2.09299e-03 	 7.97908e-04 
1.234 	 2.72010e-03 	 1.97186e-03 	 7.48237e-04 
1.227 	 2.56406e-03 	 1.86113e-03 	 7.02936e-04 
1.220 	 2.42113e-03 	 1.75961e-03 	 6.61513e-04 
1.214 	 2.28986e-03 	 1.66632e-03 	 6.23539e-04 
1.207 	 2.16901e-03 	 1.58037e-03 	 5.88646e-04 
1.201 	 2.05752e-03 	 1.50101e-03 	 5.56511e-04 
1.194 	 1.95442e-03 	 1.42757e-03 	 5.26855e-04 
1.188 	 1.85890e-03 	 1.35947e-03 	 4.99429e-04 
1.182 	 1.77023e-03 	 1.29621e-03 	 4.74018e-04 
1.176 	 1.68776e-03 	 1.23733e-03 	 4.50431e-04 
1.169 	 1.61092e-03 	 1.18242e-03 	 4.28500e-04 
1.163 	 1.53920e-03 	 1.13113e-03 	 4.08073e-04 
1.157 	 1.47217e-03 	 1.08315e-03 	 3.89017e-04 
1.151 	 1.40941e-03 	 1.03819e-03 	 3.71215e-04 
1.146 	 1.35057e-03 	 9.96007e-04 	 3.54558e-04 
1.140 	 1.29531e-03 	 9.56362e-04 	 3.38952e-04 
1.134 	 1.24337e-03 	 9.19055e-04 	 3.24312e-04 
1.128 	 1.19446e-03 	 8.83903e-04 	 3.10559e-04 
1.123 	 1.14836e-03 	 8.50738e-04 	 2.97624e-04 
1.117 	 1.10486e-03 	 8.19410e-04 	 2.85445e-04 
1.112 	 1.06375e-03 	 7.89784e-04 	 2.73964e-04 
1.106 	 1.02487e-03 	 7.61736e-04 	 2.63130e-04 
1.101 	 9.88047e-04 	 7.35152e-04 	 2.52895e-04 
1.095 	 9.53148e-04 	 7.09931e-04 	 2.43217e-04 
1.090 	 9.20034e-04 	 6.85977e-04 	 2.34056e-04 
1.085 	 8.88584e-04 	 6.63206e-04 	 2.25377e-04 
1.079 	 8.58686e-04 	 6.41538e-04 	 2.17147e-04 
1.074 	 8.30238e-04 	 6.20901e-04 	 2.09336e-04 
1.069 	 8.03145e-04 	 6.01229e-04 	 2.01917e-04 
1.064 	 7.77323e-04 	 5.82459e-04 	 1.94863e-04 
1.059 	 7.52689e-04 	 5.64537e-04 	 1.88152e-04 
1.054 	 7.29172e-04 	 5.47410e-04 	 1.81762e-04 
1.049 	 7.06704e-04 	 5.31029e-04 	 1.75674e-04 
1.044 	 6.85221e-04 	 5.15352e-04 	 1.69869e-04 
1.039 	 6.64665e-04 	 5.00336e-04 	 1.64329e-04 
1.035 	 6.44984e-04 	 4.85944e-04 	 1.59040e-04 
1.030 	 6.26127e-04 	 4.72140e-04 	 1.53987e-04 
1.025 	 6.08047e-04 	 4.58891e-04 	 1.49156e-04 
1.020 	 5.90701e-04 	 4.46167e-04 	 1.44535e-04 
1.016 	 5.74050e-04 	 4.33939e-04 	 1.40111e-04 
1.011 	 5.58055e-04 	 4.22180e-04 	 1.35875e-04 
1.007 	 5.42681e-04 	 4.10866e-04 	 1.31815e-04 
1.002 	 5.27895e-04 	 3.99973e-04 	 1.27922e-04 
0.998 	 5.13668e-04 	 3.89480e-04 	 1.24188e-04 
0.993 	 4.99970e-04 	 3.79366e-04 	 1.20604e-04 
0.989 	 4.86774e-04 	 3.69612e-04 	 1.17162e-04 
0.985 	 4.74056e-04 	 3.60201e-04 	 1.13855e-04 
0.980 	 4.61791e-04 	 3.51114e-04 	 1.10677e-04 
0.976 	 4.49958e-04 	 3.42338e-04 	 1.07620e-04 
0.972 	 4.38537e-04 	 3.33857e-04 	 1.04679e-04 
0.968 	 4.27506e-04 	 3.25657e-04 	 1.01849e-04 
0.963 	 4.16849e-04 	 3.17726e-04 	 9.91231e-05 
0.959 	 4.06548e-04 	 3.10050e-04 	 9.64974e-05 
0.955 	 3.96586e-04 	 3.02619e-04 	 9.39669e-05 
0.951 	 3.86948e-04 	 2.95421e-04 	 9.15271e-05 
0.947 	 3.77620e-04 	 2.88446e-04 	 8.91740e-05 
0.943 	 3.68588e-04 	 2.81684e-04 	 8.69036e-05 
0.939 	 3.59839e-04 	 2.75126e-04 	 8.47121e-05 
0.935 	 3.51360e-04 	 2.68764e-04 	 8.25961e-05 
0.931 	 3.43140e-04 	 2.62588e-04 	 8.05522e-05 
0.928 	 3.35169e-04 	 2.56591e-04 	 7.85772e-05 
0.924 	 3.27435e-04 	 2.50766e-04 	 7.66682e-05 
0.920 	 3.19928e-04 	 2.45106e-04 	 7.48223e-05 
0.916 	 3.12640e-04 	 2.39603e-04 	 7.30370e-05 
0.913 	 3.05562e-04 	 2.34252e-04 	 7.13096e-05 
0.909 	 2.98684e-04 	 2.29046e-04 	 6.96377e-05 
0.905 	 2.92000e-04 	 2.23981e-04 	 6.80191e-05 
0.902 	 2.85501e-04 	 2.19049e-04 	 6.64516e-05 
0.898 	 2.79180e-04 	 2.14247e-04 	 6.49332e-05 
0.894 	 2.73031e-04 	 2.09569e-04 	 6.34618e-05 
0.891 	 2.67046e-04 	 2.05010e-04 	 6.20357e-05 
0.887 	 2.61220e-04 	 2.00567e-04 	 6.06530e-05 
0.884 	 2.55546e-04 	 1.96234e-04 	 5.93120e-05 
0.880 	 2.50020e-04 	 1.92008e-04 	 5.80113e-05 
0.877 	 2.44634e-04 	 1.87885e-04 	 5.67491e-05 
0.873 	 2.39386e-04 	 1.83861e-04 	 5.55241e-05 
0.870 	 2.34268e-04 	 1.79933e-04 	 5.43349e-05 
0.867 	 2.29277e-04 	 1.76097e-04 	 5.31800e-05 
0.863 	 2.24408e-04 	 1.72350e-04 	 5.20584e-05 
0.860 	 2.19657e-04 	 1.68688e-04 	 5.09687e-05 
0.857 	 2.15019e-04 	 1.65110e-04 	 4.99098e-05 
0.853 	 2.10492e-04 	 1.61611e-04 	 4.88806e-05 
0.850 	 2.06070e-04 	 1.58190e-04 	 4.78800e-05 
0.847 	 2.01750e-04 	 1.54843e-04 	 4.69070e-05 
0.844 	 1.97529e-04 	 1.51568e-04 	 4.59607e-05 
0.841 	 1.93404e-04 	 1.48364e-04 	 4.50401e-05 
0.838 	 1.89371e-04 	 1.45226e-04 	 4.41444e-05 
0.834 	 1.85427e-04 	 1.42155e-04 	 4.32726e-05 
0.831 	 1.81570e-04 	 1.39146e-04 	 4.24240e-05 
0.828 	 1.77797e-04 	 1.36199e-04 	 4.15978e-05 
0.825 	 1.74105e-04 	 1.33311e-04 	 4.07932e-05 
0.822 	 1.70491e-04 	 1.30481e-04 	 4.00096e-05 
0.819 	 1.66953e-04 	 1.27707e-04 	 3.92462e-05 
0.816 	 1.63489e-04 	 1.24986e-04 	 3.85024e-05 
0.813 	 1.60096e-04 	 1.22318e-04 	 3.77775e-05 
0.810 	 1.56772e-04 	 1.19701e-04 	 3.70709e-05 
0.807 	 1.53515e-04 	 1.17133e-04 	 3.63821e-05 
0.804 	 1.50323e-04 	 1.14613e-04 	 3.57105e-05 
0.802 	 1.47194e-04 	 1.12139e-04 	 3.50555e-05 
0.799 	 1.44127e-04 	 1.09710e-04 	 3.44166e-05 
0.796 	 1.41118e-04 	 1.07325e-04 	 3.37933e-05 
0.793 	 1.38167e-04 	 1.04982e-04 	 3.31851e-05 
0.790 	 1.35271e-04 	 1.02680e-04 	 3.25917e-05 
0.788 	 1.32430e-04 	 1.00417e-04 	 3.20124e-05 
0.785 	 1.29641e-04 	 9.81940e-05 	 3.14469e-05 
0.782 	 1.26903e-04 	 9.60082e-05 	 3.08948e-05 
0.779 	 1.24215e-04 	 9.38589e-05 	 3.03557e-05 
0.777 	 1.21574e-04 	 9.17452e-05 	 2.98291e-05 
0.774 	 1.18981e-04 	 8.96659e-05 	 2.93148e-05 
0.771 	 1.16433e-04 	 8.76203e-05 	 2.88123e-05 
0.769 	 1.13929e-04 	 8.56073e-05 	 2.83213e-05 
0.766 	 1.11468e-04 	 8.36262e-05 	 2.78416e-05 
0.763 	 1.09049e-04 	 8.16760e-05 	 2.73727e-05 
0.761 	 1.06670e-04 	 7.97559e-05 	 2.69143e-05 
0.758 	 1.04331e-04 	 7.78652e-05 	 2.64662e-05 
0.756 	 1.02031e-04 	 7.60030e-05 	 2.60280e-05 
0.753 	 9.97683e-05 	 7.41687e-05 	 2.55996e-05 
0.751 	 9.75420e-05 	 7.23614e-05 	 2.51805e-05 
0.748 	 9.53513e-05 	 7.05806e-05 	 2.47707e-05 
0.746 	 9.31952e-05 	 6.88255e-05 	 2.43697e-05 
0.743 	 9.10729e-05 	 6.70955e-05 	 2.39774e-05 
0.741 	 8.89834e-05 	 6.53899e-05 	 2.35935e-05 
0.738 	 8.69259e-05 	 6.37081e-05 	 2.32178e-05 
0.736 	 8.48996e-05 	 6.20496e-05 	 2.28501e-05 
0.733 	 8.29037e-05 	 6.04136e-05 	 2.24901e-05 
0.731 	 8.09374e-05 	 5.87997e-05 	 2.21377e-05 
0.729 	 7.89999e-05 	 5.72072e-05 	 2.17927e-05 
0.726 	 7.70905e-05 	 5.56357e-05 	 2.14548e-05 
0.724 	 7.52086e-05 	 5.40847e-05 	 2.11239e-05 
0.722 	 7.33534e-05 	 5.25536e-05 	 2.07998e-05 
0.719 	 7.15242e-05 	 5.10419e-05 	 2.04823e-05 
0.717 	 6.97205e-05 	 4.95491e-05 	 2.01713e-05 
0.715 	 6.79415e-05 	 4.80749e-05 	 1.98666e-05 
0.712 	 6.61867e-05 	 4.66188e-05 	 1.95680e-05 
0.710 	 6.44556e-05 	 4.51802e-05 	 1.92754e-05 
0.708 	 6.27474e-05 	 4.37589e-05 	 1.89886e-05 
0.706 	 6.10617e-05 	 4.23543e-05 	 1.87074e-05 
0.704 	 5.93980e-05 	 4.09662e-05 	 1.84318e-05 
0.701 	 5.77557e-05 	 3.95940e-05 	 1.81616e-05 
0.699 	 5.61343e-05 	 3.82376e-05 	 1.78967e-05 
0.697 	 5.45333e-05 	 3.68964e-05 	 1.76369e-05 
0.695 	 5.29523e-05 	 3.55702e-05 	 1.73822e-05 
0.693 	 5.13909e-05 	 3.42586e-05 	 1.71323e-05 
0.691 	 4.98484e-05 	 3.29612e-05 	 1.68872e-05 
0.688 	 4.83246e-05 	 3.16779e-05 	 1.66467e-05 
0.686 	 4.68190e-05 	 3.04081e-05 	 1.64109e-05 
0.684 	 4.53312e-05 	 2.91517e-05 	 1.61794e-05 
0.682 	 4.38607e-05 	 2.79084e-05 	 1.59523e-05 
0.680 	 4.24073e-05 	 2.66778e-05 	 1.57294e-05 
0.678 	 4.09704e-05 	 2.54597e-05 	 1.55107e-05 
0.676 	 3.95498e-05 	 2.42538e-05 	 1.52960e-05 
0.674 	 3.81451e-05 	 2.30599e-05 	 1.50852e-05 
0.672 	 3.67559e-05 	 2.18776e-05 	 1.48784e-05 
0.670 	 3.53820e-05 	 2.07067e-05 	 1.46752e-05 
0.668 	 3.40228e-05 	 1.95470e-05 	 1.44758e-05 
0.666 	 3.26783e-05 	 1.83983e-05 	 1.42800e-05 
0.664 	 3.13479e-05 	 1.72603e-05 	 1.40876e-05 
0.662 	 3.00315e-05 	 1.61327e-05 	 1.38987e-05 
0.660 	 2.87286e-05 	 1.50154e-05 	 1.37132e-05 
0.658 	 2.74391e-05 	 1.39081e-05 	 1.35310e-05 
0.656 	 2.61627e-05 	 1.28107e-05 	 1.33520e-05 
0.654 	 2.48990e-05 	 1.17229e-05 	 1.31761e-05 
0.652 	 2.36478e-05 	 1.06445e-05 	 1.30033e-05 
0.650 	 2.24088e-05 	 9.57530e-06 	 1.28335e-05 
0.649 	 2.11818e-05 	 8.51515e-06 	 1.26667e-05 
0.647 	 1.99665e-05 	 7.46385e-06 	 1.25027e-05 
0.645 	 1.87627e-05 	 6.42120e-06 	 1.23415e-05 
0.643 	 1.75702e-05 	 5.38704e-06 	 1.21831e-05 
0.641 	 1.63886e-05 	 4.36119e-06 	 1.20274e-05 
0.639 	 1.52178e-05 	 3.34348e-06 	 1.18744e-05 
0.638 	 1.40576e-05 	 2.33375e-06 	 1.17239e-05 
0.636 	 1.29078e-05 	 1.33182e-06 	 1.15759e-05 
0.634 	 1.17680e-05 	 3.37550e-07 	 1.14305e-05 
0.632 	 1.06382e-05 	 -6.49227e-07 	 1.12874e-05 
0.630 	 9.51809e-06 	 -1.62866e-06 	 1.11467e-05 
0.629 	 8.40750e-06 	 -2.60090e-06 	 1.10084e-05 
0.627 	 7.30624e-06 	 -3.56609e-06 	 1.08723e-05 
0.625 	 6.21412e-06 	 -4.52437e-06 	 1.07385e-05 
0.623 	 5.13095e-06 	 -5.47589e-06 	 1.06068e-05 
0.622 	 4.05656e-06 	 -6.42077e-06 	 1.04773e-05 
0.620 	 2.99076e-06 	 -7.35915e-06 	 1.03499e-05 
0.618 	 1.93339e-06 	 -8.29116e-06 	 1.02246e-05 
0.616 	 8.84275e-07 	 -9.21693e-06 	 1.01012e-05 
0.615 	 -1.56746e-07 	 -1.01366e-05 	 9.97983e-06 
0.613 	 -1.18983e-06 	 -1.10502e-05 	 9.86039e-06 
0.611 	 -2.21514e-06 	 -1.19580e-05 	 9.74284e-06 
0.610 	 -3.23283e-06 	 -1.28600e-05 	 9.62716e-06 
0.608 	 -4.24305e-06 	 -1.37563e-05 	 9.51329e-06 
0.606 	 -5.24594e-06 	 -1.46472e-05 	 9.40121e-06 
0.605 	 -6.24165e-06 	 -1.55325e-05 	 9.29089e-06 
0.603 	 -7.23031e-06 	 -1.64126e-05 	 9.18228e-06 
0.602 	 -8.21207e-06 	 -1.72874e-05 	 9.07535e-06 
0.600 	 -9.18705e-06 	 -1.81571e-05 	 8.97007e-06 
