Energy [eV] Ext Cross [um^2] Abs Cross [um^2] Sca Cross [um^2] 
3.000 	 1.08029e-04 	 1.07774e-04 	 2.55335e-07 
2.960 	 1.14392e-04 	 1.13708e-04 	 6.83892e-07 
2.922 	 1.21101e-04 	 1.19708e-04 	 1.39319e-06 
2.884 	 1.28952e-04 	 1.26562e-04 	 2.39094e-06 
2.848 	 1.37517e-04 	 1.33862e-04 	 3.65544e-06 
2.812 	 1.46656e-04 	 1.41450e-04 	 5.20598e-06 
2.777 	 1.57000e-04 	 1.49962e-04 	 7.03754e-06 
2.743 	 1.68471e-04 	 1.59311e-04 	 9.15995e-06 
2.710 	 1.81444e-04 	 1.69862e-04 	 1.15828e-05 
2.678 	 1.94259e-04 	 1.79940e-04 	 1.43193e-05 
2.646 	 2.08046e-04 	 1.90658e-04 	 1.73887e-05 
2.615 	 2.23726e-04 	 2.02912e-04 	 2.08139e-05 
2.585 	 2.41223e-04 	 2.16607e-04 	 2.46165e-05 
2.556 	 2.60341e-04 	 2.31509e-04 	 2.88320e-05 
2.527 	 2.81549e-04 	 2.48050e-04 	 3.34985e-05 
2.499 	 3.04970e-04 	 2.66294e-04 	 3.86762e-05 
2.471 	 3.32464e-04 	 2.88053e-04 	 4.44115e-05 
2.444 	 3.64122e-04 	 3.13540e-04 	 5.05816e-05 
2.418 	 3.93287e-04 	 3.36017e-04 	 5.72701e-05 
2.392 	 4.25435e-04 	 3.60437e-04 	 6.49970e-05 
2.367 	 4.65283e-04 	 3.91552e-04 	 7.37311e-05 
2.342 	 5.14577e-04 	 4.31028e-04 	 8.35483e-05 
2.318 	 5.78684e-04 	 4.84075e-04 	 9.46084e-05 
2.294 	 6.69610e-04 	 5.62737e-04 	 1.06874e-04 
2.271 	 7.89784e-04 	 6.70798e-04 	 1.18986e-04 
2.248 	 8.48677e-04 	 7.19019e-04 	 1.29658e-04 
2.226 	 8.50365e-04 	 7.06241e-04 	 1.44124e-04 
2.204 	 8.87360e-04 	 7.24493e-04 	 1.62868e-04 
2.182 	 9.57633e-04 	 7.72938e-04 	 1.84695e-04 
2.161 	 1.05130e-03 	 8.41586e-04 	 2.09716e-04 
2.141 	 1.16571e-03 	 9.27182e-04 	 2.38525e-04 
2.121 	 1.30204e-03 	 1.03008e-03 	 2.71953e-04 
2.101 	 1.46367e-03 	 1.15261e-03 	 3.11064e-04 
2.081 	 1.65580e-03 	 1.29857e-03 	 3.57232e-04 
2.062 	 1.88563e-03 	 1.47338e-03 	 4.12249e-04 
2.043 	 2.16292e-03 	 1.68443e-03 	 4.78489e-04 
2.025 	 2.50093e-03 	 1.94178e-03 	 5.59149e-04 
2.007 	 2.91791e-03 	 2.25929e-03 	 6.58613e-04 
1.989 	 3.43938e-03 	 2.65638e-03 	 7.83006e-04 
1.971 	 4.10163e-03 	 3.16061e-03 	 9.41022e-04 
1.954 	 4.95739e-03 	 3.81209e-03 	 1.14530e-03 
1.937 	 6.08525e-03 	 4.67055e-03 	 1.41470e-03 
1.921 	 7.60498e-03 	 5.82699e-03 	 1.77799e-03 
1.904 	 9.70257e-03 	 7.42270e-03 	 2.27987e-03 
1.888 	 1.26707e-02 	 9.68001e-03 	 2.99073e-03 
1.873 	 1.69662e-02 	 1.29456e-02 	 4.02058e-03 
1.857 	 2.32518e-02 	 1.77223e-02 	 5.52952e-03 
1.842 	 3.22429e-02 	 2.45516e-02 	 7.69133e-03 
1.827 	 4.37402e-02 	 3.32784e-02 	 1.04618e-02 
1.812 	 5.41779e-02 	 4.11900e-02 	 1.29879e-02 
1.798 	 5.64519e-02 	 4.28928e-02 	 1.35591e-02 
1.783 	 4.86616e-02 	 3.69550e-02 	 1.17065e-02 
1.769 	 3.71900e-02 	 2.82318e-02 	 8.95814e-03 
1.755 	 2.72779e-02 	 2.07010e-02 	 6.57695e-03 
1.742 	 2.00820e-02 	 1.52367e-02 	 4.84529e-03 
1.728 	 1.50977e-02 	 1.14535e-02 	 3.64427e-03 
1.715 	 1.16389e-02 	 8.82899e-03 	 2.80988e-03 
1.702 	 9.19182e-03 	 6.97283e-03 	 2.21899e-03 
1.689 	 7.41819e-03 	 5.62786e-03 	 1.79033e-03 
1.677 	 6.10109e-03 	 4.62934e-03 	 1.47174e-03 
1.664 	 5.10070e-03 	 3.87111e-03 	 1.22959e-03 
1.652 	 4.32524e-03 	 3.28349e-03 	 1.04175e-03 
1.640 	 3.71313e-03 	 2.81974e-03 	 8.93393e-04 
1.628 	 3.22212e-03 	 2.44780e-03 	 7.74321e-04 
1.616 	 2.82258e-03 	 2.14520e-03 	 6.77384e-04 
1.605 	 2.49330e-03 	 1.89584e-03 	 5.97458e-04 
1.593 	 2.21880e-03 	 1.68799e-03 	 5.30807e-04 
1.582 	 1.98762e-03 	 1.51296e-03 	 4.74656e-04 
1.571 	 1.79112e-03 	 1.36420e-03 	 4.26918e-04 
1.560 	 1.62270e-03 	 1.23670e-03 	 3.85994e-04 
1.549 	 1.47725e-03 	 1.12660e-03 	 3.50650e-04 
1.539 	 1.35077e-03 	 1.03086e-03 	 3.19914e-04 
1.528 	 1.24010e-03 	 9.47083e-04 	 2.93020e-04 
1.518 	 1.14270e-03 	 8.73346e-04 	 2.69351e-04 
1.508 	 1.05651e-03 	 8.08099e-04 	 2.48411e-04 
1.497 	 9.79875e-04 	 7.50078e-04 	 2.29796e-04 
1.488 	 9.11420e-04 	 6.98247e-04 	 2.13173e-04 
1.478 	 8.50014e-04 	 6.51747e-04 	 1.98268e-04 
1.468 	 7.94715e-04 	 6.09865e-04 	 1.84850e-04 
1.459 	 7.44731e-04 	 5.72003e-04 	 1.72728e-04 
1.449 	 6.99399e-04 	 5.37659e-04 	 1.61740e-04 
1.440 	 6.58152e-04 	 5.06404e-04 	 1.51749e-04 
1.431 	 6.20511e-04 	 4.77874e-04 	 1.42637e-04 
1.422 	 5.86060e-04 	 4.51757e-04 	 1.34304e-04 
1.413 	 5.54446e-04 	 4.27783e-04 	 1.26663e-04 
1.404 	 5.25361e-04 	 4.05721e-04 	 1.19640e-04 
1.395 	 4.98540e-04 	 3.85370e-04 	 1.13170e-04 
1.386 	 4.73750e-04 	 3.66555e-04 	 1.07196e-04 
1.378 	 4.50790e-04 	 3.49121e-04 	 1.01669e-04 
1.369 	 4.29481e-04 	 3.32936e-04 	 9.65451e-05 
1.361 	 4.09667e-04 	 3.17880e-04 	 9.17865e-05 
1.353 	 3.91208e-04 	 3.03849e-04 	 8.73592e-05 
1.345 	 3.73982e-04 	 2.90749e-04 	 8.32332e-05 
1.337 	 3.57880e-04 	 2.78498e-04 	 7.93818e-05 
1.329 	 3.42803e-04 	 2.67022e-04 	 7.57812e-05 
1.321 	 3.28667e-04 	 2.56257e-04 	 7.24102e-05 
1.313 	 3.15392e-04 	 2.46142e-04 	 6.92497e-05 
1.306 	 3.02909e-04 	 2.36626e-04 	 6.62828e-05 
1.298 	 2.91155e-04 	 2.27661e-04 	 6.34939e-05 
1.291 	 2.80074e-04 	 2.19204e-04 	 6.08693e-05 
1.283 	 2.69613e-04 	 2.11217e-04 	 5.83963e-05 
1.276 	 2.59726e-04 	 2.03663e-04 	 5.60636e-05 
1.269 	 2.50372e-04 	 1.96511e-04 	 5.38608e-05 
1.262 	 2.41512e-04 	 1.89733e-04 	 5.17785e-05 
1.255 	 2.33110e-04 	 1.83302e-04 	 4.98082e-05 
1.248 	 2.25136e-04 	 1.77193e-04 	 4.79421e-05 
1.241 	 2.17559e-04 	 1.71386e-04 	 4.61731e-05 
1.234 	 2.10353e-04 	 1.65859e-04 	 4.44945e-05 
1.227 	 2.03495e-04 	 1.60594e-04 	 4.29005e-05 
1.220 	 1.96961e-04 	 1.55575e-04 	 4.13855e-05 
1.214 	 1.90730e-04 	 1.50786e-04 	 3.99444e-05 
1.207 	 1.84784e-04 	 1.46211e-04 	 3.85726e-05 
1.201 	 1.79105e-04 	 1.41839e-04 	 3.72657e-05 
1.194 	 1.73677e-04 	 1.37657e-04 	 3.60199e-05 
1.188 	 1.68484e-04 	 1.33653e-04 	 3.48313e-05 
1.182 	 1.63513e-04 	 1.29817e-04 	 3.36967e-05 
1.176 	 1.58752e-04 	 1.26139e-04 	 3.26129e-05 
1.169 	 1.54187e-04 	 1.22611e-04 	 3.15768e-05 
1.163 	 1.49809e-04 	 1.19223e-04 	 3.05859e-05 
1.157 	 1.45606e-04 	 1.15969e-04 	 2.96376e-05 
1.151 	 1.41570e-04 	 1.12840e-04 	 2.87294e-05 
1.146 	 1.37690e-04 	 1.09831e-04 	 2.78594e-05 
1.140 	 1.33959e-04 	 1.06934e-04 	 2.70253e-05 
1.134 	 1.30369e-04 	 1.04144e-04 	 2.62252e-05 
1.128 	 1.26913e-04 	 1.01456e-04 	 2.54575e-05 
1.123 	 1.23584e-04 	 9.88632e-05 	 2.47203e-05 
1.117 	 1.20374e-04 	 9.63622e-05 	 2.40122e-05 
1.112 	 1.17280e-04 	 9.39481e-05 	 2.33317e-05 
1.106 	 1.14294e-04 	 9.16166e-05 	 2.26774e-05 
1.101 	 1.11412e-04 	 8.93637e-05 	 2.20480e-05 
1.095 	 1.08628e-04 	 8.71857e-05 	 2.14423e-05 
1.090 	 1.05938e-04 	 8.50790e-05 	 2.08591e-05 
1.085 	 1.03338e-04 	 8.30404e-05 	 2.02974e-05 
1.079 	 1.00823e-04 	 8.10667e-05 	 1.97562e-05 
1.074 	 9.83893e-05 	 7.91549e-05 	 1.92345e-05 
1.069 	 9.60336e-05 	 7.73023e-05 	 1.87314e-05 
1.064 	 9.37522e-05 	 7.55061e-05 	 1.82460e-05 
1.059 	 9.15417e-05 	 7.37641e-05 	 1.77777e-05 
1.054 	 8.93992e-05 	 7.20737e-05 	 1.73255e-05 
1.049 	 8.73216e-05 	 7.04328e-05 	 1.68889e-05 
1.044 	 8.53063e-05 	 6.88392e-05 	 1.64670e-05 
1.039 	 8.33505e-05 	 6.72912e-05 	 1.60594e-05 
1.035 	 8.14519e-05 	 6.57866e-05 	 1.56653e-05 
1.030 	 7.96080e-05 	 6.43238e-05 	 1.52842e-05 
1.025 	 7.78166e-05 	 6.29011e-05 	 1.49155e-05 
1.020 	 7.60757e-05 	 6.15169e-05 	 1.45588e-05 
1.016 	 7.43831e-05 	 6.01696e-05 	 1.42136e-05 
1.011 	 7.27370e-05 	 5.88578e-05 	 1.38793e-05 
1.007 	 7.11356e-05 	 5.75800e-05 	 1.35555e-05 
1.002 	 6.95770e-05 	 5.63351e-05 	 1.32419e-05 
0.998 	 6.80596e-05 	 5.51216e-05 	 1.29380e-05 
0.993 	 6.65819e-05 	 5.39385e-05 	 1.26434e-05 
0.989 	 6.51423e-05 	 5.27846e-05 	 1.23577e-05 
0.985 	 6.37394e-05 	 5.16587e-05 	 1.20807e-05 
0.980 	 6.23719e-05 	 5.05599e-05 	 1.18120e-05 
0.976 	 6.10385e-05 	 4.94872e-05 	 1.15513e-05 
0.972 	 5.97379e-05 	 4.84396e-05 	 1.12982e-05 
0.968 	 5.84689e-05 	 4.74163e-05 	 1.10526e-05 
0.963 	 5.72304e-05 	 4.64164e-05 	 1.08141e-05 
0.959 	 5.60214e-05 	 4.54391e-05 	 1.05824e-05 
0.955 	 5.48409e-05 	 4.44835e-05 	 1.03573e-05 
0.951 	 5.36877e-05 	 4.35491e-05 	 1.01386e-05 
0.947 	 5.25610e-05 	 4.26349e-05 	 9.92607e-06 
0.943 	 5.14599e-05 	 4.17404e-05 	 9.71945e-06 
0.939 	 5.03835e-05 	 4.08649e-05 	 9.51855e-06 
0.935 	 4.93309e-05 	 4.00077e-05 	 9.32317e-06 
0.931 	 4.83014e-05 	 3.91683e-05 	 9.13312e-06 
0.928 	 4.72943e-05 	 3.83460e-05 	 8.94821e-06 
0.924 	 4.63086e-05 	 3.75404e-05 	 8.76828e-06 
0.920 	 4.53439e-05 	 3.67508e-05 	 8.59314e-06 
0.916 	 4.43994e-05 	 3.59767e-05 	 8.42265e-06 
0.913 	 4.34743e-05 	 3.52177e-05 	 8.25664e-06 
0.909 	 4.25683e-05 	 3.44733e-05 	 8.09497e-06 
0.905 	 4.16805e-05 	 3.37430e-05 	 7.93750e-06 
0.902 	 4.08105e-05 	 3.30264e-05 	 7.78408e-06 
0.898 	 3.99577e-05 	 3.23231e-05 	 7.63459e-06 
0.894 	 3.91216e-05 	 3.16327e-05 	 7.48890e-06 
0.891 	 3.83016e-05 	 3.09547e-05 	 7.34690e-06 
0.887 	 3.74973e-05 	 3.02889e-05 	 7.20845e-06 
0.884 	 3.67083e-05 	 2.96348e-05 	 7.07346e-06 
0.880 	 3.59339e-05 	 2.89921e-05 	 6.94181e-06 
0.877 	 3.51739e-05 	 2.83605e-05 	 6.81340e-06 
0.873 	 3.44278e-05 	 2.77396e-05 	 6.68813e-06 
0.870 	 3.36951e-05 	 2.71292e-05 	 6.56590e-06 
0.867 	 3.29755e-05 	 2.65288e-05 	 6.44663e-06 
0.863 	 3.22685e-05 	 2.59383e-05 	 6.33021e-06 
0.860 	 3.15740e-05 	 2.53574e-05 	 6.21657e-06 
0.857 	 3.08913e-05 	 2.47857e-05 	 6.10562e-06 
0.853 	 3.02203e-05 	 2.42230e-05 	 5.99729e-06 
0.850 	 2.95606e-05 	 2.36691e-05 	 5.89149e-06 
0.847 	 2.89119e-05 	 2.31238e-05 	 5.78816e-06 
0.844 	 2.82739e-05 	 2.25867e-05 	 5.68721e-06 
0.841 	 2.76462e-05 	 2.20576e-05 	 5.58859e-06 
0.838 	 2.70287e-05 	 2.15364e-05 	 5.49222e-06 
0.834 	 2.64209e-05 	 2.10229e-05 	 5.39804e-06 
0.831 	 2.58228e-05 	 2.05168e-05 	 5.30599e-06 
0.828 	 2.52339e-05 	 2.00179e-05 	 5.21600e-06 
0.825 	 2.46542e-05 	 1.95261e-05 	 5.12803e-06 
0.822 	 2.40832e-05 	 1.90412e-05 	 5.04201e-06 
0.819 	 2.35209e-05 	 1.85630e-05 	 4.95789e-06 
0.816 	 2.29669e-05 	 1.80913e-05 	 4.87562e-06 
0.813 	 2.24211e-05 	 1.76259e-05 	 4.79515e-06 
0.810 	 2.18832e-05 	 1.71668e-05 	 4.71642e-06 
0.807 	 2.13530e-05 	 1.67136e-05 	 4.63940e-06 
0.804 	 2.08304e-05 	 1.62664e-05 	 4.56403e-06 
0.802 	 2.03152e-05 	 1.58249e-05 	 4.49027e-06 
0.799 	 1.98070e-05 	 1.53890e-05 	 4.41808e-06 
0.796 	 1.93059e-05 	 1.49585e-05 	 4.34741e-06 
0.793 	 1.88115e-05 	 1.45333e-05 	 4.27823e-06 
0.790 	 1.83237e-05 	 1.41132e-05 	 4.21050e-06 
0.788 	 1.78424e-05 	 1.36982e-05 	 4.14418e-06 
0.785 	 1.73674e-05 	 1.32881e-05 	 4.07923e-06 
0.782 	 1.68985e-05 	 1.28828e-05 	 4.01562e-06 
0.779 	 1.64355e-05 	 1.24822e-05 	 3.95331e-06 
0.777 	 1.59784e-05 	 1.20861e-05 	 3.89228e-06 
0.774 	 1.55269e-05 	 1.16945e-05 	 3.83248e-06 
0.771 	 1.50810e-05 	 1.13072e-05 	 3.77388e-06 
0.769 	 1.46406e-05 	 1.09241e-05 	 3.71647e-06 
0.766 	 1.42054e-05 	 1.05452e-05 	 3.66020e-06 
0.763 	 1.37754e-05 	 1.01703e-05 	 3.60505e-06 
0.761 	 1.33504e-05 	 9.79938e-06 	 3.55099e-06 
0.758 	 1.29303e-05 	 9.43232e-06 	 3.49800e-06 
0.756 	 1.25151e-05 	 9.06903e-06 	 3.44604e-06 
0.753 	 1.21045e-05 	 8.70943e-06 	 3.39510e-06 
0.751 	 1.16986e-05 	 8.35344e-06 	 3.34514e-06 
0.748 	 1.12971e-05 	 8.00097e-06 	 3.29615e-06 
0.746 	 1.09000e-05 	 7.65194e-06 	 3.24810e-06 
0.743 	 1.05073e-05 	 7.30628e-06 	 3.20098e-06 
0.741 	 1.01187e-05 	 6.96391e-06 	 3.15474e-06 
0.738 	 9.73415e-06 	 6.62476e-06 	 3.10939e-06 
0.736 	 9.35364e-06 	 6.28875e-06 	 3.06489e-06 
0.733 	 8.97704e-06 	 5.95581e-06 	 3.02123e-06 
0.731 	 8.60425e-06 	 5.62588e-06 	 2.97838e-06 
0.729 	 8.23520e-06 	 5.29887e-06 	 2.93633e-06 
0.726 	 7.86979e-06 	 4.97473e-06 	 2.89506e-06 
0.724 	 7.50794e-06 	 4.65340e-06 	 2.85454e-06 
0.722 	 7.14958e-06 	 4.33480e-06 	 2.81478e-06 
0.719 	 6.79462e-06 	 4.01888e-06 	 2.77574e-06 
0.717 	 6.44299e-06 	 3.70558e-06 	 2.73741e-06 
0.715 	 6.09462e-06 	 3.39485e-06 	 2.69977e-06 
0.712 	 5.74942e-06 	 3.08661e-06 	 2.66281e-06 
0.710 	 5.40734e-06 	 2.78082e-06 	 2.62652e-06 
0.708 	 5.06830e-06 	 2.47743e-06 	 2.59087e-06 
0.706 	 4.73224e-06 	 2.17638e-06 	 2.55586e-06 
0.704 	 4.39909e-06 	 1.87762e-06 	 2.52147e-06 
0.701 	 4.06880e-06 	 1.58111e-06 	 2.48769e-06 
0.699 	 3.74129e-06 	 1.28680e-06 	 2.45450e-06 
0.697 	 3.41652e-06 	 9.94632e-07 	 2.42189e-06 
0.695 	 3.09442e-06 	 7.04575e-07 	 2.38985e-06 
0.693 	 2.77494e-06 	 4.16580e-07 	 2.35836e-06 
0.691 	 2.45802e-06 	 1.30604e-07 	 2.32742e-06 
0.688 	 2.14361e-06 	 -1.53395e-07 	 2.29701e-06 
0.686 	 1.83166e-06 	 -4.35457e-07 	 2.26712e-06 
0.684 	 1.52212e-06 	 -7.15623e-07 	 2.23774e-06 
0.682 	 1.21493e-06 	 -9.93933e-07 	 2.20886e-06 
0.680 	 9.10049e-07 	 -1.27042e-06 	 2.18047e-06 
0.678 	 6.07427e-07 	 -1.54513e-06 	 2.15256e-06 
0.676 	 3.07019e-07 	 -1.81810e-06 	 2.12512e-06 
0.674 	 8.77873e-09 	 -2.08935e-06 	 2.09813e-06 
0.672 	 -2.87338e-07 	 -2.35893e-06 	 2.07160e-06 
0.670 	 -5.81375e-07 	 -2.62688e-06 	 2.04550e-06 
0.668 	 -8.73375e-07 	 -2.89321e-06 	 2.01984e-06 
0.666 	 -1.16338e-06 	 -3.15797e-06 	 1.99459e-06 
0.664 	 -1.45143e-06 	 -3.42119e-06 	 1.96977e-06 
0.662 	 -1.73756e-06 	 -3.68290e-06 	 1.94534e-06 
0.660 	 -2.02181e-06 	 -3.94313e-06 	 1.92132e-06 
0.658 	 -2.30423e-06 	 -4.20191e-06 	 1.89768e-06 
0.656 	 -2.58485e-06 	 -4.45927e-06 	 1.87442e-06 
0.654 	 -2.86370e-06 	 -4.71524e-06 	 1.85154e-06 
0.652 	 -3.14082e-06 	 -4.96984e-06 	 1.82903e-06 
0.650 	 -3.41624e-06 	 -5.22311e-06 	 1.80687e-06 
0.649 	 -3.69000e-06 	 -5.47507e-06 	 1.78507e-06 
0.647 	 -3.96214e-06 	 -5.72574e-06 	 1.76361e-06 
0.645 	 -4.23268e-06 	 -5.97516e-06 	 1.74249e-06 
0.643 	 -4.50165e-06 	 -6.22335e-06 	 1.72170e-06 
0.641 	 -4.76909e-06 	 -6.47033e-06 	 1.70123e-06 
0.639 	 -5.03503e-06 	 -6.71612e-06 	 1.68109e-06 
0.638 	 -5.29950e-06 	 -6.96076e-06 	 1.66126e-06 
0.636 	 -5.56252e-06 	 -7.20426e-06 	 1.64173e-06 
0.634 	 -5.82413e-06 	 -7.44664e-06 	 1.62251e-06 
0.632 	 -6.08436e-06 	 -7.68794e-06 	 1.60358e-06 
0.630 	 -6.34323e-06 	 -7.92817e-06 	 1.58494e-06 
0.629 	 -6.60076e-06 	 -8.16735e-06 	 1.56659e-06 
0.627 	 -6.85699e-06 	 -8.40550e-06 	 1.54851e-06 
0.625 	 -7.11195e-06 	 -8.64266e-06 	 1.53071e-06 
0.623 	 -7.36565e-06 	 -8.87882e-06 	 1.51317e-06 
0.622 	 -7.61812e-06 	 -9.11403e-06 	 1.49590e-06 
0.620 	 -7.86940e-06 	 -9.34829e-06 	 1.47889e-06 
0.618 	 -8.11949e-06 	 -9.58162e-06 	 1.46214e-06 
0.616 	 -8.36843e-06 	 -9.81405e-06 	 1.44563e-06 
0.615 	 -8.61623e-06 	 -1.00456e-05 	 1.42936e-06 
0.613 	 -8.86293e-06 	 -1.02763e-05 	 1.41334e-06 
0.611 	 -9.10853e-06 	 -1.05061e-05 	 1.39755e-06 
0.610 	 -9.35308e-06 	 -1.07351e-05 	 1.38200e-06 
0.608 	 -9.59658e-06 	 -1.09632e-05 	 1.36667e-06 
0.606 	 -9.83905e-06 	 -1.11906e-05 	 1.35156e-06 
0.605 	 -1.00805e-05 	 -1.14172e-05 	 1.33668e-06 
0.603 	 -1.03210e-05 	 -1.16430e-05 	 1.32201e-06 
0.602 	 -1.05605e-05 	 -1.18681e-05 	 1.30755e-06 
0.600 	 -1.07991e-05 	 -1.20924e-05 	 1.29330e-06 
