Energy [eV] Ext Cross [um^2] Abs Cross [um^2] Sca Cross [um^2] 
3.000 	 9.53780e-05 	 9.51976e-05 	 1.80335e-07 
2.960 	 1.23400e-04 	 1.22810e-04 	 5.89972e-07 
2.922 	 1.64499e-04 	 1.62986e-04 	 1.51305e-06 
2.884 	 2.30142e-04 	 2.26731e-04 	 3.41145e-06 
2.848 	 3.39702e-04 	 3.32483e-04 	 7.21844e-06 
2.812 	 5.42599e-04 	 5.27205e-04 	 1.53939e-05 
2.777 	 9.71528e-04 	 9.36766e-04 	 3.47617e-05 
2.743 	 2.02513e-03 	 1.93760e-03 	 8.75301e-05 
2.710 	 4.52868e-03 	 4.29809e-03 	 2.30587e-04 
2.678 	 5.47396e-03 	 5.15115e-03 	 3.22812e-04 
2.646 	 2.69014e-03 	 2.50974e-03 	 1.80405e-04 
2.615 	 1.28286e-03 	 1.18686e-03 	 9.59997e-05 
2.585 	 7.18418e-04 	 6.59296e-04 	 5.91219e-05 
2.556 	 4.54966e-04 	 4.14266e-04 	 4.06996e-05 
2.527 	 3.14314e-04 	 2.84102e-04 	 3.02123e-05 
2.499 	 2.31531e-04 	 2.07905e-04 	 2.36257e-05 
2.471 	 1.79890e-04 	 1.60717e-04 	 1.91730e-05 
2.444 	 1.48052e-04 	 1.32044e-04 	 1.60078e-05 
2.418 	 1.30608e-04 	 1.16826e-04 	 1.37816e-05 
2.392 	 1.11285e-04 	 9.90411e-05 	 1.22439e-05 
2.367 	 8.87214e-05 	 7.78656e-05 	 1.08558e-05 
2.342 	 7.30875e-05 	 6.34338e-05 	 9.65365e-06 
2.318 	 6.21610e-05 	 5.35007e-05 	 8.66028e-06 
2.294 	 5.39375e-05 	 4.61039e-05 	 7.83360e-06 
2.271 	 4.74472e-05 	 4.03116e-05 	 7.13562e-06 
2.248 	 4.21719e-05 	 3.56334e-05 	 6.53848e-06 
2.226 	 3.77974e-05 	 3.17756e-05 	 6.02182e-06 
2.204 	 3.41138e-05 	 2.85434e-05 	 5.57039e-06 
2.182 	 3.09738e-05 	 2.58012e-05 	 5.17261e-06 
2.161 	 2.82701e-05 	 2.34506e-05 	 4.81953e-06 
2.141 	 2.59217e-05 	 2.14177e-05 	 4.50409e-06 
2.121 	 2.38663e-05 	 1.96456e-05 	 4.22065e-06 
2.101 	 2.20550e-05 	 1.80904e-05 	 3.96465e-06 
2.081 	 2.04492e-05 	 1.67168e-05 	 3.73237e-06 
2.062 	 1.90175e-05 	 1.54968e-05 	 3.52073e-06 
2.043 	 1.77347e-05 	 1.44075e-05 	 3.32717e-06 
2.025 	 1.65799e-05 	 1.34304e-05 	 3.14952e-06 
2.007 	 1.55360e-05 	 1.25500e-05 	 2.98597e-06 
1.989 	 1.45884e-05 	 1.17534e-05 	 2.83496e-06 
1.971 	 1.37252e-05 	 1.10301e-05 	 2.69516e-06 
1.954 	 1.29364e-05 	 1.03710e-05 	 2.56542e-06 
1.937 	 1.22132e-05 	 9.76841e-06 	 2.44475e-06 
1.921 	 1.15479e-05 	 9.21563e-06 	 2.33228e-06 
1.904 	 1.09343e-05 	 8.70711e-06 	 2.22723e-06 
1.888 	 1.03671e-05 	 8.23812e-06 	 2.12895e-06 
1.873 	 9.84129e-06 	 7.80445e-06 	 2.03684e-06 
1.857 	 9.35280e-06 	 7.40242e-06 	 1.95038e-06 
1.842 	 8.89791e-06 	 7.02882e-06 	 1.86910e-06 
1.827 	 8.47343e-06 	 6.68086e-06 	 1.79257e-06 
1.812 	 8.07651e-06 	 6.35608e-06 	 1.72043e-06 
1.798 	 7.70470e-06 	 6.05236e-06 	 1.65234e-06 
1.783 	 7.35579e-06 	 5.76780e-06 	 1.58799e-06 
1.769 	 7.02780e-06 	 5.50067e-06 	 1.52712e-06 
1.755 	 6.71894e-06 	 5.24947e-06 	 1.46947e-06 
1.742 	 6.42764e-06 	 5.01283e-06 	 1.41482e-06 
1.728 	 6.15249e-06 	 4.78954e-06 	 1.36295e-06 
1.715 	 5.89220e-06 	 4.57851e-06 	 1.31369e-06 
1.702 	 5.64565e-06 	 4.37878e-06 	 1.26687e-06 
1.689 	 5.41178e-06 	 4.18947e-06 	 1.22231e-06 
1.677 	 5.18967e-06 	 4.00978e-06 	 1.17989e-06 
1.664 	 4.97846e-06 	 3.83899e-06 	 1.13946e-06 
1.652 	 4.77736e-06 	 3.67645e-06 	 1.10091e-06 
1.640 	 4.58567e-06 	 3.52155e-06 	 1.06413e-06 
1.628 	 4.40275e-06 	 3.37375e-06 	 1.02900e-06 
1.616 	 4.22800e-06 	 3.23257e-06 	 9.95428e-07 
1.605 	 4.06088e-06 	 3.09755e-06 	 9.63331e-07 
1.593 	 3.90090e-06 	 2.96828e-06 	 9.32623e-07 
1.582 	 3.74759e-06 	 2.84437e-06 	 9.03227e-07 
1.571 	 3.60054e-06 	 2.72547e-06 	 8.75070e-07 
1.560 	 3.45935e-06 	 2.61126e-06 	 8.48086e-07 
1.549 	 3.32367e-06 	 2.50146e-06 	 8.22213e-07 
1.539 	 3.19317e-06 	 2.39578e-06 	 7.97391e-07 
1.528 	 3.06754e-06 	 2.29398e-06 	 7.73567e-07 
1.518 	 2.94651e-06 	 2.19582e-06 	 7.50690e-07 
1.508 	 2.82980e-06 	 2.10108e-06 	 7.28711e-07 
1.497 	 2.71716e-06 	 2.00958e-06 	 7.07586e-07 
1.488 	 2.60838e-06 	 1.92111e-06 	 6.87273e-07 
1.478 	 2.50324e-06 	 1.83551e-06 	 6.67733e-07 
1.468 	 2.40153e-06 	 1.75261e-06 	 6.48928e-07 
1.459 	 2.30308e-06 	 1.67226e-06 	 6.30823e-07 
1.449 	 2.20772e-06 	 1.59433e-06 	 6.13386e-07 
1.440 	 2.11528e-06 	 1.51869e-06 	 5.96585e-07 
1.431 	 2.02561e-06 	 1.44521e-06 	 5.80392e-07 
1.422 	 1.93857e-06 	 1.37379e-06 	 5.64778e-07 
1.413 	 1.85402e-06 	 1.30430e-06 	 5.49718e-07 
1.404 	 1.77184e-06 	 1.23665e-06 	 5.35187e-07 
1.395 	 1.69191e-06 	 1.17075e-06 	 5.21161e-07 
1.386 	 1.61413e-06 	 1.10651e-06 	 5.07620e-07 
1.378 	 1.53838e-06 	 1.04384e-06 	 4.94541e-07 
1.369 	 1.46458e-06 	 9.82679e-07 	 4.81905e-07 
1.361 	 1.39263e-06 	 9.22941e-07 	 4.69693e-07 
1.353 	 1.32245e-06 	 8.64561e-07 	 4.57888e-07 
1.345 	 1.25394e-06 	 8.07472e-07 	 4.46473e-07 
1.337 	 1.18704e-06 	 7.51612e-07 	 4.35431e-07 
1.329 	 1.12167e-06 	 6.96925e-07 	 4.24748e-07 
1.321 	 1.05776e-06 	 6.43355e-07 	 4.14408e-07 
1.313 	 9.95250e-07 	 5.90851e-07 	 4.04399e-07 
1.306 	 9.34071e-07 	 5.39365e-07 	 3.94707e-07 
1.298 	 8.74169e-07 	 4.88850e-07 	 3.85319e-07 
1.291 	 8.15486e-07 	 4.39263e-07 	 3.76224e-07 
1.283 	 7.57971e-07 	 3.90561e-07 	 3.67410e-07 
1.276 	 7.01572e-07 	 3.42705e-07 	 3.58867e-07 
1.269 	 6.46241e-07 	 2.95658e-07 	 3.50584e-07 
1.262 	 5.91934e-07 	 2.49383e-07 	 3.42551e-07 
1.255 	 5.38606e-07 	 2.03847e-07 	 3.34760e-07 
1.248 	 4.86218e-07 	 1.59018e-07 	 3.27200e-07 
1.241 	 4.34731e-07 	 1.14866e-07 	 3.19864e-07 
1.234 	 3.84107e-07 	 7.13626e-08 	 3.12744e-07 
1.227 	 3.34310e-07 	 2.84794e-08 	 3.05831e-07 
1.220 	 2.85308e-07 	 -1.38098e-08 	 2.99118e-07 
1.214 	 2.37068e-07 	 -5.55300e-08 	 2.92598e-07 
1.207 	 1.89559e-07 	 -9.67052e-08 	 2.86264e-07 
1.201 	 1.42751e-07 	 -1.37359e-07 	 2.80110e-07 
1.194 	 9.66171e-08 	 -1.77512e-07 	 2.74129e-07 
1.188 	 5.11294e-08 	 -2.17186e-07 	 2.68315e-07 
1.182 	 6.26276e-09 	 -2.56400e-07 	 2.62662e-07 
1.176 	 -3.80071e-08 	 -2.95173e-07 	 2.57166e-07 
1.169 	 -8.17037e-08 	 -3.33524e-07 	 2.51820e-07 
1.163 	 -1.24849e-07 	 -3.71469e-07 	 2.46619e-07 
1.157 	 -1.67465e-07 	 -4.09025e-07 	 2.41560e-07 
1.151 	 -2.09573e-07 	 -4.46209e-07 	 2.36636e-07 
1.146 	 -2.51191e-07 	 -4.83035e-07 	 2.31843e-07 
1.140 	 -2.92340e-07 	 -5.19518e-07 	 2.27178e-07 
1.134 	 -3.33037e-07 	 -5.55673e-07 	 2.22636e-07 
1.128 	 -3.73300e-07 	 -5.91512e-07 	 2.18213e-07 
1.123 	 -4.13145e-07 	 -6.27049e-07 	 2.13905e-07 
1.117 	 -4.52589e-07 	 -6.62297e-07 	 2.09708e-07 
1.112 	 -4.91646e-07 	 -6.97265e-07 	 2.05619e-07 
1.106 	 -5.30332e-07 	 -7.31967e-07 	 2.01635e-07 
1.101 	 -5.68660e-07 	 -7.66412e-07 	 1.97752e-07 
1.095 	 -6.06644e-07 	 -8.00611e-07 	 1.93967e-07 
1.090 	 -6.44298e-07 	 -8.34575e-07 	 1.90277e-07 
1.085 	 -6.81633e-07 	 -8.68312e-07 	 1.86679e-07 
1.079 	 -7.18662e-07 	 -9.01833e-07 	 1.83171e-07 
1.074 	 -7.55397e-07 	 -9.35146e-07 	 1.79749e-07 
1.069 	 -7.91850e-07 	 -9.68260e-07 	 1.76410e-07 
1.064 	 -8.28030e-07 	 -1.00118e-06 	 1.73154e-07 
1.059 	 -8.63949e-07 	 -1.03393e-06 	 1.69976e-07 
1.054 	 -8.99617e-07 	 -1.06649e-06 	 1.66875e-07 
1.049 	 -9.35044e-07 	 -1.09889e-06 	 1.63848e-07 
1.044 	 -9.70239e-07 	 -1.13113e-06 	 1.60893e-07 
1.039 	 -1.00521e-06 	 -1.16322e-06 	 1.58008e-07 
1.035 	 -1.03997e-06 	 -1.19516e-06 	 1.55191e-07 
1.030 	 -1.07452e-06 	 -1.22696e-06 	 1.52441e-07 
1.025 	 -1.10887e-06 	 -1.25862e-06 	 1.49754e-07 
1.020 	 -1.14303e-06 	 -1.29016e-06 	 1.47130e-07 
1.016 	 -1.17701e-06 	 -1.32157e-06 	 1.44566e-07 
1.011 	 -1.21081e-06 	 -1.35287e-06 	 1.42061e-07 
1.007 	 -1.24444e-06 	 -1.38406e-06 	 1.39613e-07 
1.002 	 -1.27792e-06 	 -1.41514e-06 	 1.37221e-07 
0.998 	 -1.31124e-06 	 -1.44612e-06 	 1.34883e-07 
0.993 	 -1.34441e-06 	 -1.47700e-06 	 1.32597e-07 
0.989 	 -1.37743e-06 	 -1.50779e-06 	 1.30362e-07 
0.985 	 -1.41032e-06 	 -1.53850e-06 	 1.28177e-07 
0.980 	 -1.44308e-06 	 -1.56912e-06 	 1.26040e-07 
0.976 	 -1.47572e-06 	 -1.59967e-06 	 1.23950e-07 
0.972 	 -1.50824e-06 	 -1.63014e-06 	 1.21906e-07 
0.968 	 -1.54064e-06 	 -1.66054e-06 	 1.19907e-07 
0.963 	 -1.57293e-06 	 -1.69088e-06 	 1.17950e-07 
0.959 	 -1.60512e-06 	 -1.72115e-06 	 1.16036e-07 
0.955 	 -1.63720e-06 	 -1.75137e-06 	 1.14163e-07 
0.951 	 -1.66920e-06 	 -1.78153e-06 	 1.12330e-07 
0.947 	 -1.70110e-06 	 -1.81163e-06 	 1.10536e-07 
0.943 	 -1.73291e-06 	 -1.84169e-06 	 1.08779e-07 
0.939 	 -1.76465e-06 	 -1.87171e-06 	 1.07060e-07 
0.935 	 -1.79630e-06 	 -1.90168e-06 	 1.05376e-07 
0.931 	 -1.82788e-06 	 -1.93161e-06 	 1.03728e-07 
0.928 	 -1.85939e-06 	 -1.96150e-06 	 1.02114e-07 
0.924 	 -1.89083e-06 	 -1.99137e-06 	 1.00533e-07 
0.920 	 -1.92221e-06 	 -2.02120e-06 	 9.89842e-08 
0.916 	 -1.95353e-06 	 -2.05100e-06 	 9.74673e-08 
0.913 	 -1.98480e-06 	 -2.08078e-06 	 9.59812e-08 
0.909 	 -2.01601e-06 	 -2.11053e-06 	 9.45251e-08 
0.905 	 -2.04717e-06 	 -2.14027e-06 	 9.30984e-08 
0.902 	 -2.07829e-06 	 -2.16999e-06 	 9.17002e-08 
0.898 	 -2.10936e-06 	 -2.19969e-06 	 9.03300e-08 
0.894 	 -2.14039e-06 	 -2.22937e-06 	 8.89869e-08 
0.891 	 -2.17138e-06 	 -2.25905e-06 	 8.76703e-08 
0.887 	 -2.20233e-06 	 -2.28871e-06 	 8.63797e-08 
0.884 	 -2.23326e-06 	 -2.31837e-06 	 8.51143e-08 
0.880 	 -2.26415e-06 	 -2.34802e-06 	 8.38736e-08 
0.877 	 -2.29501e-06 	 -2.37767e-06 	 8.26569e-08 
0.873 	 -2.32585e-06 	 -2.40732e-06 	 8.14638e-08 
0.870 	 -2.35667e-06 	 -2.43696e-06 	 8.02936e-08 
0.867 	 -2.38747e-06 	 -2.46661e-06 	 7.91457e-08 
0.863 	 -2.41825e-06 	 -2.49627e-06 	 7.80198e-08 
0.860 	 -2.44901e-06 	 -2.52593e-06 	 7.69152e-08 
0.857 	 -2.47976e-06 	 -2.55560e-06 	 7.58315e-08 
0.853 	 -2.51051e-06 	 -2.58527e-06 	 7.47681e-08 
0.850 	 -2.54124e-06 	 -2.61496e-06 	 7.37247e-08 
0.847 	 -2.57196e-06 	 -2.64466e-06 	 7.27007e-08 
0.844 	 -2.60269e-06 	 -2.67438e-06 	 7.16958e-08 
0.841 	 -2.63340e-06 	 -2.70411e-06 	 7.07093e-08 
0.838 	 -2.66412e-06 	 -2.73386e-06 	 6.97411e-08 
0.834 	 -2.69484e-06 	 -2.76363e-06 	 6.87906e-08 
0.831 	 -2.72556e-06 	 -2.79341e-06 	 6.78574e-08 
0.828 	 -2.75628e-06 	 -2.82322e-06 	 6.69412e-08 
0.825 	 -2.78700e-06 	 -2.85305e-06 	 6.60415e-08 
0.822 	 -2.81774e-06 	 -2.88289e-06 	 6.51580e-08 
0.819 	 -2.84848e-06 	 -2.91277e-06 	 6.42904e-08 
0.816 	 -2.87922e-06 	 -2.94266e-06 	 6.34383e-08 
0.813 	 -2.90998e-06 	 -2.97258e-06 	 6.26013e-08 
0.810 	 -2.94075e-06 	 -3.00253e-06 	 6.17791e-08 
0.807 	 -2.97154e-06 	 -3.03251e-06 	 6.09715e-08 
0.804 	 -3.00233e-06 	 -3.06251e-06 	 6.01780e-08 
0.802 	 -3.03315e-06 	 -3.09255e-06 	 5.93984e-08 
0.799 	 -3.06398e-06 	 -3.12261e-06 	 5.86324e-08 
0.796 	 -3.09483e-06 	 -3.15271e-06 	 5.78796e-08 
0.793 	 -3.12570e-06 	 -3.18284e-06 	 5.71399e-08 
0.790 	 -3.15659e-06 	 -3.21300e-06 	 5.64129e-08 
0.788 	 -3.18751e-06 	 -3.24321e-06 	 5.56983e-08 
0.785 	 -3.21845e-06 	 -3.27344e-06 	 5.49960e-08 
0.782 	 -3.24941e-06 	 -3.30372e-06 	 5.43056e-08 
0.779 	 -3.28040e-06 	 -3.33403e-06 	 5.36269e-08 
0.777 	 -3.31143e-06 	 -3.36439e-06 	 5.29596e-08 
0.774 	 -3.34248e-06 	 -3.39478e-06 	 5.23036e-08 
0.771 	 -3.37355e-06 	 -3.42521e-06 	 5.16585e-08 
0.769 	 -3.40467e-06 	 -3.45569e-06 	 5.10242e-08 
0.766 	 -3.43581e-06 	 -3.48621e-06 	 5.04004e-08 
0.763 	 -3.46698e-06 	 -3.51677e-06 	 4.97869e-08 
0.761 	 -3.49819e-06 	 -3.54737e-06 	 4.91835e-08 
0.758 	 -3.52943e-06 	 -3.57802e-06 	 4.85900e-08 
0.756 	 -3.56071e-06 	 -3.60872e-06 	 4.80063e-08 
0.753 	 -3.59202e-06 	 -3.63945e-06 	 4.74320e-08 
0.751 	 -3.62337e-06 	 -3.67024e-06 	 4.68670e-08 
0.748 	 -3.65476e-06 	 -3.70107e-06 	 4.63112e-08 
0.746 	 -3.68618e-06 	 -3.73194e-06 	 4.57643e-08 
0.743 	 -3.71764e-06 	 -3.76287e-06 	 4.52262e-08 
0.741 	 -3.74914e-06 	 -3.79384e-06 	 4.46966e-08 
0.738 	 -3.78068e-06 	 -3.82486e-06 	 4.41755e-08 
0.736 	 -3.81226e-06 	 -3.85593e-06 	 4.36627e-08 
0.733 	 -3.84389e-06 	 -3.88705e-06 	 4.31579e-08 
0.731 	 -3.87555e-06 	 -3.91821e-06 	 4.26611e-08 
0.729 	 -3.90726e-06 	 -3.94943e-06 	 4.21720e-08 
0.726 	 -3.93901e-06 	 -3.98070e-06 	 4.16906e-08 
0.724 	 -3.97081e-06 	 -4.01203e-06 	 4.12167e-08 
0.722 	 -4.00265e-06 	 -4.04340e-06 	 4.07502e-08 
0.719 	 -4.03454e-06 	 -4.07483e-06 	 4.02908e-08 
0.717 	 -4.06648e-06 	 -4.10631e-06 	 3.98385e-08 
0.715 	 -4.09846e-06 	 -4.13785e-06 	 3.93932e-08 
0.712 	 -4.13049e-06 	 -4.16944e-06 	 3.89546e-08 
0.710 	 -4.16257e-06 	 -4.20109e-06 	 3.85227e-08 
0.708 	 -4.19470e-06 	 -4.23279e-06 	 3.80974e-08 
0.706 	 -4.22687e-06 	 -4.26455e-06 	 3.76785e-08 
0.704 	 -4.25910e-06 	 -4.29637e-06 	 3.72659e-08 
0.701 	 -4.29138e-06 	 -4.32824e-06 	 3.68595e-08 
0.699 	 -4.32371e-06 	 -4.36017e-06 	 3.64591e-08 
0.697 	 -4.35609e-06 	 -4.39216e-06 	 3.60647e-08 
0.695 	 -4.38853e-06 	 -4.42420e-06 	 3.56762e-08 
0.693 	 -4.42102e-06 	 -4.45631e-06 	 3.52934e-08 
0.691 	 -4.45356e-06 	 -4.48847e-06 	 3.49163e-08 
0.688 	 -4.48615e-06 	 -4.52069e-06 	 3.45447e-08 
0.686 	 -4.51880e-06 	 -4.55297e-06 	 3.41785e-08 
0.684 	 -4.55150e-06 	 -4.58532e-06 	 3.38177e-08 
0.682 	 -4.58425e-06 	 -4.61772e-06 	 3.34621e-08 
0.680 	 -4.61706e-06 	 -4.65018e-06 	 3.31116e-08 
0.678 	 -4.64993e-06 	 -4.68270e-06 	 3.27662e-08 
0.676 	 -4.68285e-06 	 -4.71528e-06 	 3.24258e-08 
0.674 	 -4.71583e-06 	 -4.74792e-06 	 3.20902e-08 
0.672 	 -4.74887e-06 	 -4.78063e-06 	 3.17595e-08 
0.670 	 -4.78196e-06 	 -4.81339e-06 	 3.14334e-08 
0.668 	 -4.81511e-06 	 -4.84622e-06 	 3.11120e-08 
0.666 	 -4.84831e-06 	 -4.87911e-06 	 3.07951e-08 
0.664 	 -4.88158e-06 	 -4.91206e-06 	 3.04826e-08 
0.662 	 -4.91490e-06 	 -4.94507e-06 	 3.01746e-08 
0.660 	 -4.94828e-06 	 -4.97815e-06 	 2.98708e-08 
0.658 	 -4.98172e-06 	 -5.01129e-06 	 2.95713e-08 
0.656 	 -5.01521e-06 	 -5.04449e-06 	 2.92760e-08 
0.654 	 -5.04877e-06 	 -5.07776e-06 	 2.89847e-08 
0.652 	 -5.08239e-06 	 -5.11109e-06 	 2.86975e-08 
0.650 	 -5.11607e-06 	 -5.14448e-06 	 2.84142e-08 
0.649 	 -5.14980e-06 	 -5.17794e-06 	 2.81347e-08 
0.647 	 -5.18360e-06 	 -5.21146e-06 	 2.78591e-08 
0.645 	 -5.21746e-06 	 -5.24504e-06 	 2.75873e-08 
0.643 	 -5.25138e-06 	 -5.27869e-06 	 2.73191e-08 
0.641 	 -5.28536e-06 	 -5.31241e-06 	 2.70546e-08 
0.639 	 -5.31940e-06 	 -5.34619e-06 	 2.67936e-08 
0.638 	 -5.35350e-06 	 -5.38004e-06 	 2.65361e-08 
0.636 	 -5.38766e-06 	 -5.41395e-06 	 2.62821e-08 
0.634 	 -5.42189e-06 	 -5.44792e-06 	 2.60315e-08 
0.632 	 -5.45618e-06 	 -5.48196e-06 	 2.57842e-08 
0.630 	 -5.49053e-06 	 -5.51607e-06 	 2.55401e-08 
0.629 	 -5.52495e-06 	 -5.55025e-06 	 2.52993e-08 
0.627 	 -5.55943e-06 	 -5.58449e-06 	 2.50617e-08 
0.625 	 -5.59397e-06 	 -5.61880e-06 	 2.48272e-08 
0.623 	 -5.62858e-06 	 -5.65317e-06 	 2.45957e-08 
0.622 	 -5.66325e-06 	 -5.68761e-06 	 2.43673e-08 
0.620 	 -5.69798e-06 	 -5.72212e-06 	 2.41419e-08 
0.618 	 -5.73278e-06 	 -5.75670e-06 	 2.39193e-08 
0.616 	 -5.76764e-06 	 -5.79134e-06 	 2.36997e-08 
0.615 	 -5.80257e-06 	 -5.82605e-06 	 2.34829e-08 
0.613 	 -5.83757e-06 	 -5.86083e-06 	 2.32688e-08 
0.611 	 -5.87262e-06 	 -5.89568e-06 	 2.30575e-08 
0.610 	 -5.90775e-06 	 -5.93060e-06 	 2.28489e-08 
0.608 	 -5.94294e-06 	 -5.96558e-06 	 2.26429e-08 
0.606 	 -5.97820e-06 	 -6.00064e-06 	 2.24396e-08 
0.605 	 -6.01352e-06 	 -6.03576e-06 	 2.22388e-08 
0.603 	 -6.04891e-06 	 -6.07095e-06 	 2.20406e-08 
0.602 	 -6.08437e-06 	 -6.10621e-06 	 2.18448e-08 
0.600 	 -6.11989e-06 	 -6.14154e-06 	 2.16515e-08 
