Energy [eV] Ext Cross [um^2] Abs Cross [um^2] Sca Cross [um^2] 
3.000 	 1.27777e-03 	 1.24905e-03 	 2.87269e-05 
2.960 	 1.47155e-03 	 1.38971e-03 	 8.18369e-05 
2.922 	 1.72831e-03 	 1.55072e-03 	 1.77590e-04 
2.884 	 2.07526e-03 	 1.74933e-03 	 3.25931e-04 
2.848 	 2.52380e-03 	 1.98855e-03 	 5.35253e-04 
2.812 	 3.10796e-03 	 2.28358e-03 	 8.24372e-04 
2.777 	 3.88939e-03 	 2.67555e-03 	 1.21384e-03 
2.743 	 4.97109e-03 	 3.24122e-03 	 1.72987e-03 
2.710 	 6.43601e-03 	 4.06212e-03 	 2.37389e-03 
2.678 	 8.26884e-03 	 5.09784e-03 	 3.17100e-03 
2.646 	 9.80232e-03 	 5.54087e-03 	 4.26146e-03 
2.615 	 1.18213e-02 	 6.00937e-03 	 5.81190e-03 
2.585 	 1.49977e-02 	 7.06448e-03 	 7.93319e-03 
2.556 	 1.94812e-02 	 8.63284e-03 	 1.08484e-02 
2.527 	 2.56841e-02 	 1.07921e-02 	 1.48920e-02 
2.499 	 3.42220e-02 	 1.37062e-02 	 2.05158e-02 
2.471 	 4.57734e-02 	 1.75456e-02 	 2.82278e-02 
2.444 	 6.06098e-02 	 2.23122e-02 	 3.82975e-02 
2.418 	 7.74301e-02 	 2.74589e-02 	 4.99712e-02 
2.392 	 9.19356e-02 	 3.14945e-02 	 6.04411e-02 
2.367 	 9.79726e-02 	 3.25040e-02 	 6.54686e-02 
2.342 	 9.29597e-02 	 2.99378e-02 	 6.30219e-02 
2.318 	 8.05949e-02 	 2.52502e-02 	 5.53447e-02 
2.294 	 6.64073e-02 	 2.02806e-02 	 4.61268e-02 
2.271 	 5.36816e-02 	 1.60104e-02 	 3.76713e-02 
2.248 	 4.33851e-02 	 1.26584e-02 	 3.07267e-02 
2.226 	 3.53792e-02 	 1.01147e-02 	 2.52645e-02 
2.204 	 2.92142e-02 	 8.19634e-03 	 2.10178e-02 
2.182 	 2.44463e-02 	 6.74013e-03 	 1.77062e-02 
2.161 	 2.07205e-02 	 5.62151e-03 	 1.50989e-02 
2.141 	 1.77712e-02 	 4.75011e-03 	 1.30211e-02 
2.121 	 1.54054e-02 	 4.06152e-03 	 1.13438e-02 
2.101 	 1.34826e-02 	 3.50985e-03 	 9.97278e-03 
2.081 	 1.19008e-02 	 3.06215e-03 	 8.83866e-03 
2.062 	 1.05846e-02 	 2.69445e-03 	 7.89016e-03 
2.043 	 9.47797e-03 	 2.38913e-03 	 7.08884e-03 
2.025 	 8.53867e-03 	 2.13307e-03 	 6.40560e-03 
2.007 	 7.73443e-03 	 1.91634e-03 	 5.81809e-03 
1.989 	 7.04035e-03 	 1.73134e-03 	 5.30901e-03 
1.971 	 6.43705e-03 	 1.57224e-03 	 4.86481e-03 
1.954 	 5.90921e-03 	 1.43446e-03 	 4.47475e-03 
1.937 	 5.44455e-03 	 1.31435e-03 	 4.13020e-03 
1.921 	 5.03321e-03 	 1.20901e-03 	 3.82420e-03 
1.904 	 4.66722e-03 	 1.11612e-03 	 3.55110e-03 
1.888 	 4.34005e-03 	 1.03379e-03 	 3.30626e-03 
1.873 	 4.04632e-03 	 9.60492e-04 	 3.08583e-03 
1.857 	 3.78153e-03 	 8.94932e-04 	 2.88660e-03 
1.842 	 3.54194e-03 	 8.36051e-04 	 2.70589e-03 
1.827 	 3.32438e-03 	 7.82965e-04 	 2.54142e-03 
1.812 	 3.12619e-03 	 7.34929e-04 	 2.39126e-03 
1.798 	 2.94510e-03 	 6.91320e-04 	 2.25377e-03 
1.783 	 2.77916e-03 	 6.51606e-04 	 2.12755e-03 
1.769 	 2.62671e-03 	 6.15330e-04 	 2.01138e-03 
1.755 	 2.48629e-03 	 5.82099e-04 	 1.90419e-03 
1.742 	 2.35665e-03 	 5.51576e-04 	 1.80507e-03 
1.728 	 2.23669e-03 	 5.23469e-04 	 1.71322e-03 
1.715 	 2.12547e-03 	 4.97525e-04 	 1.62795e-03 
1.702 	 2.02215e-03 	 4.73523e-04 	 1.54862e-03 
1.689 	 1.92597e-03 	 4.51271e-04 	 1.47470e-03 
1.677 	 1.83631e-03 	 4.30599e-04 	 1.40571e-03 
1.664 	 1.75256e-03 	 4.11356e-04 	 1.34120e-03 
1.652 	 1.67422e-03 	 3.93410e-04 	 1.28081e-03 
1.640 	 1.60082e-03 	 3.76643e-04 	 1.22417e-03 
1.628 	 1.53196e-03 	 3.60952e-04 	 1.17100e-03 
1.616 	 1.46726e-03 	 3.46242e-04 	 1.12102e-03 
1.605 	 1.40640e-03 	 3.32431e-04 	 1.07396e-03 
1.593 	 1.34907e-03 	 3.19445e-04 	 1.02962e-03 
1.582 	 1.29500e-03 	 3.07215e-04 	 9.87788e-04 
1.571 	 1.24396e-03 	 2.95683e-04 	 9.48275e-04 
1.560 	 1.19571e-03 	 2.84792e-04 	 9.10918e-04 
1.549 	 1.15006e-03 	 2.74495e-04 	 8.75565e-04 
1.539 	 1.10682e-03 	 2.64747e-04 	 8.42075e-04 
1.528 	 1.06583e-03 	 2.55507e-04 	 8.10323e-04 
1.518 	 1.02693e-03 	 2.46739e-04 	 7.80191e-04 
1.508 	 9.89983e-04 	 2.38410e-04 	 7.51573e-04 
1.497 	 9.54859e-04 	 2.30488e-04 	 7.24371e-04 
1.488 	 9.21441e-04 	 2.22945e-04 	 6.98495e-04 
1.478 	 8.89619e-04 	 2.15757e-04 	 6.73862e-04 
1.468 	 8.59293e-04 	 2.08898e-04 	 6.50395e-04 
1.459 	 8.30372e-04 	 2.02349e-04 	 6.28023e-04 
1.449 	 8.02770e-04 	 1.96089e-04 	 6.06681e-04 
1.440 	 7.76409e-04 	 1.90100e-04 	 5.86309e-04 
1.431 	 7.51215e-04 	 1.84365e-04 	 5.66849e-04 
1.422 	 7.27119e-04 	 1.78869e-04 	 5.48250e-04 
1.413 	 7.04061e-04 	 1.73597e-04 	 5.30463e-04 
1.404 	 6.81979e-04 	 1.68536e-04 	 5.13444e-04 
1.395 	 6.60821e-04 	 1.63672e-04 	 4.97149e-04 
1.386 	 6.40536e-04 	 1.58996e-04 	 4.81539e-04 
1.378 	 6.21076e-04 	 1.54497e-04 	 4.66579e-04 
1.369 	 6.02397e-04 	 1.50164e-04 	 4.52234e-04 
1.361 	 5.84459e-04 	 1.45988e-04 	 4.38471e-04 
1.353 	 5.67223e-04 	 1.41961e-04 	 4.25261e-04 
1.345 	 5.50651e-04 	 1.38075e-04 	 4.12576e-04 
1.337 	 5.34712e-04 	 1.34323e-04 	 4.00389e-04 
1.329 	 5.19372e-04 	 1.30696e-04 	 3.88676e-04 
1.321 	 5.04603e-04 	 1.27189e-04 	 3.77413e-04 
1.313 	 4.90375e-04 	 1.23796e-04 	 3.66579e-04 
1.306 	 4.76664e-04 	 1.20511e-04 	 3.56153e-04 
1.298 	 4.63444e-04 	 1.17328e-04 	 3.46116e-04 
1.291 	 4.50692e-04 	 1.14243e-04 	 3.36449e-04 
1.283 	 4.38385e-04 	 1.11250e-04 	 3.27135e-04 
1.276 	 4.26505e-04 	 1.08346e-04 	 3.18159e-04 
1.269 	 4.15030e-04 	 1.05526e-04 	 3.09504e-04 
1.262 	 4.03942e-04 	 1.02785e-04 	 3.01157e-04 
1.255 	 3.93224e-04 	 1.00121e-04 	 2.93103e-04 
1.248 	 3.82860e-04 	 9.75303e-05 	 2.85330e-04 
1.241 	 3.72834e-04 	 9.50088e-05 	 2.77825e-04 
1.234 	 3.63131e-04 	 9.25537e-05 	 2.70578e-04 
1.227 	 3.53738e-04 	 9.01620e-05 	 2.63576e-04 
1.220 	 3.44641e-04 	 8.78310e-05 	 2.56810e-04 
1.214 	 3.35827e-04 	 8.55579e-05 	 2.50269e-04 
1.207 	 3.27285e-04 	 8.33404e-05 	 2.43945e-04 
1.201 	 3.19003e-04 	 8.11758e-05 	 2.37827e-04 
1.194 	 3.10971e-04 	 7.90621e-05 	 2.31909e-04 
1.188 	 3.03179e-04 	 7.69971e-05 	 2.26182e-04 
1.182 	 2.95616e-04 	 7.49787e-05 	 2.20637e-04 
1.176 	 2.88274e-04 	 7.30051e-05 	 2.15269e-04 
1.169 	 2.81144e-04 	 7.10744e-05 	 2.10069e-04 
1.163 	 2.74217e-04 	 6.91848e-05 	 2.05032e-04 
1.157 	 2.67486e-04 	 6.73348e-05 	 2.00151e-04 
1.151 	 2.60943e-04 	 6.55227e-05 	 1.95420e-04 
1.146 	 2.54580e-04 	 6.37470e-05 	 1.90833e-04 
1.140 	 2.48392e-04 	 6.20063e-05 	 1.86386e-04 
1.134 	 2.42371e-04 	 6.02992e-05 	 1.82071e-04 
1.128 	 2.36510e-04 	 5.86244e-05 	 1.77886e-04 
1.123 	 2.30805e-04 	 5.69806e-05 	 1.73824e-04 
1.117 	 2.25249e-04 	 5.53668e-05 	 1.69882e-04 
1.112 	 2.19837e-04 	 5.37817e-05 	 1.66055e-04 
1.106 	 2.14563e-04 	 5.22243e-05 	 1.62339e-04 
1.101 	 2.09423e-04 	 5.06936e-05 	 1.58730e-04 
1.095 	 2.04412e-04 	 4.91886e-05 	 1.55224e-04 
1.090 	 1.99525e-04 	 4.77084e-05 	 1.51817e-04 
1.085 	 1.94759e-04 	 4.62520e-05 	 1.48507e-04 
1.079 	 1.90107e-04 	 4.48186e-05 	 1.45289e-04 
1.074 	 1.85568e-04 	 4.34073e-05 	 1.42160e-04 
1.069 	 1.81136e-04 	 4.20173e-05 	 1.39118e-04 
1.064 	 1.76808e-04 	 4.06479e-05 	 1.36160e-04 
1.059 	 1.72580e-04 	 3.92984e-05 	 1.33282e-04 
1.054 	 1.68450e-04 	 3.79679e-05 	 1.30482e-04 
1.049 	 1.64413e-04 	 3.66560e-05 	 1.27757e-04 
1.044 	 1.60468e-04 	 3.53619e-05 	 1.25106e-04 
1.039 	 1.56609e-04 	 3.40850e-05 	 1.22524e-04 
1.035 	 1.52836e-04 	 3.28247e-05 	 1.20011e-04 
1.030 	 1.49145e-04 	 3.15805e-05 	 1.17564e-04 
1.025 	 1.45533e-04 	 3.03519e-05 	 1.15181e-04 
1.020 	 1.41997e-04 	 2.91382e-05 	 1.12859e-04 
1.016 	 1.38537e-04 	 2.79391e-05 	 1.10597e-04 
1.011 	 1.35148e-04 	 2.67540e-05 	 1.08394e-04 
1.007 	 1.31828e-04 	 2.55824e-05 	 1.06246e-04 
1.002 	 1.28576e-04 	 2.44239e-05 	 1.04152e-04 
0.998 	 1.25390e-04 	 2.32780e-05 	 1.02112e-04 
0.993 	 1.22266e-04 	 2.21444e-05 	 1.00122e-04 
0.989 	 1.19204e-04 	 2.10225e-05 	 9.81818e-05 
0.985 	 1.16202e-04 	 1.99121e-05 	 9.62895e-05 
0.980 	 1.13256e-04 	 1.88126e-05 	 9.44437e-05 
0.976 	 1.10367e-04 	 1.77239e-05 	 9.26431e-05 
0.972 	 1.07532e-04 	 1.66455e-05 	 9.08862e-05 
0.968 	 1.04749e-04 	 1.55771e-05 	 8.91717e-05 
0.963 	 1.02017e-04 	 1.45184e-05 	 8.74985e-05 
0.959 	 9.93343e-05 	 1.34691e-05 	 8.58652e-05 
0.955 	 9.66997e-05 	 1.24289e-05 	 8.42708e-05 
0.951 	 9.41115e-05 	 1.13974e-05 	 8.27141e-05 
0.947 	 9.15684e-05 	 1.03745e-05 	 8.11939e-05 
0.943 	 8.90691e-05 	 9.35977e-06 	 7.97093e-05 
0.939 	 8.66123e-05 	 8.35304e-06 	 7.82593e-05 
0.935 	 8.41968e-05 	 7.35402e-06 	 7.68428e-05 
0.931 	 8.18214e-05 	 6.36246e-06 	 7.54589e-05 
0.928 	 7.94848e-05 	 5.37812e-06 	 7.41067e-05 
0.924 	 7.71861e-05 	 4.40077e-06 	 7.27853e-05 
0.920 	 7.49240e-05 	 3.43019e-06 	 7.14938e-05 
0.916 	 7.26976e-05 	 2.46615e-06 	 7.02315e-05 
0.913 	 7.05059e-05 	 1.50845e-06 	 6.89975e-05 
0.909 	 6.83479e-05 	 5.56895e-07 	 6.77910e-05 
0.905 	 6.62226e-05 	 -3.88711e-07 	 6.66113e-05 
0.902 	 6.41291e-05 	 -1.32855e-06 	 6.54577e-05 
0.898 	 6.20666e-05 	 -2.26281e-06 	 6.43294e-05 
0.894 	 6.00341e-05 	 -3.19166e-06 	 6.32258e-05 
0.891 	 5.80310e-05 	 -4.11527e-06 	 6.21462e-05 
0.887 	 5.60563e-05 	 -5.03380e-06 	 6.10901e-05 
0.884 	 5.41092e-05 	 -5.94742e-06 	 6.00567e-05 
0.880 	 5.21891e-05 	 -6.85628e-06 	 5.90454e-05 
0.877 	 5.02952e-05 	 -7.76054e-06 	 5.80558e-05 
0.873 	 4.84268e-05 	 -8.66035e-06 	 5.70872e-05 
0.870 	 4.65831e-05 	 -9.55587e-06 	 5.61390e-05 
0.867 	 4.47636e-05 	 -1.04472e-05 	 5.52108e-05 
0.863 	 4.29675e-05 	 -1.13346e-05 	 5.43021e-05 
0.860 	 4.11942e-05 	 -1.22181e-05 	 5.34123e-05 
0.857 	 3.94431e-05 	 -1.30979e-05 	 5.25410e-05 
0.853 	 3.77137e-05 	 -1.39740e-05 	 5.16877e-05 
0.850 	 3.60052e-05 	 -1.48467e-05 	 5.08520e-05 
0.847 	 3.43172e-05 	 -1.57161e-05 	 5.00333e-05 
0.844 	 3.26492e-05 	 -1.65822e-05 	 4.92314e-05 
0.841 	 3.10006e-05 	 -1.74451e-05 	 4.84457e-05 
0.838 	 2.93709e-05 	 -1.83050e-05 	 4.76759e-05 
0.834 	 2.77596e-05 	 -1.91619e-05 	 4.69215e-05 
0.831 	 2.61663e-05 	 -2.00160e-05 	 4.61823e-05 
0.828 	 2.45905e-05 	 -2.08673e-05 	 4.54578e-05 
0.825 	 2.30318e-05 	 -2.17159e-05 	 4.47477e-05 
0.822 	 2.14897e-05 	 -2.25619e-05 	 4.40516e-05 
0.819 	 1.99638e-05 	 -2.34054e-05 	 4.33692e-05 
0.816 	 1.84538e-05 	 -2.42464e-05 	 4.27001e-05 
0.813 	 1.69591e-05 	 -2.50850e-05 	 4.20441e-05 
0.810 	 1.54795e-05 	 -2.59213e-05 	 4.14009e-05 
0.807 	 1.40146e-05 	 -2.67555e-05 	 4.07700e-05 
0.804 	 1.25639e-05 	 -2.75875e-05 	 4.01514e-05 
0.802 	 1.11271e-05 	 -2.84175e-05 	 3.95446e-05 
0.799 	 9.70380e-06 	 -2.92455e-05 	 3.89493e-05 
0.796 	 8.29370e-06 	 -3.00717e-05 	 3.83654e-05 
0.793 	 6.89643e-06 	 -3.08961e-05 	 3.77925e-05 
0.790 	 5.51167e-06 	 -3.17188e-05 	 3.72305e-05 
0.788 	 4.13909e-06 	 -3.25399e-05 	 3.66790e-05 
0.785 	 2.77837e-06 	 -3.33594e-05 	 3.61378e-05 
0.782 	 1.42921e-06 	 -3.41775e-05 	 3.56067e-05 
0.779 	 9.13088e-08 	 -3.49941e-05 	 3.50854e-05 
0.777 	 -1.23562e-06 	 -3.58094e-05 	 3.45738e-05 
0.774 	 -2.55185e-06 	 -3.66234e-05 	 3.40716e-05 
0.771 	 -3.85764e-06 	 -3.74362e-05 	 3.35786e-05 
0.769 	 -5.15325e-06 	 -3.82478e-05 	 3.30946e-05 
0.766 	 -6.43891e-06 	 -3.90583e-05 	 3.26194e-05 
0.763 	 -7.71487e-06 	 -3.98676e-05 	 3.21528e-05 
0.761 	 -8.98137e-06 	 -4.06760e-05 	 3.16946e-05 
0.758 	 -1.02386e-05 	 -4.14833e-05 	 3.12446e-05 
0.756 	 -1.14869e-05 	 -4.22896e-05 	 3.08027e-05 
0.753 	 -1.27263e-05 	 -4.30951e-05 	 3.03687e-05 
0.751 	 -1.39572e-05 	 -4.38996e-05 	 2.99424e-05 
0.748 	 -1.51797e-05 	 -4.47033e-05 	 2.95236e-05 
0.746 	 -1.63940e-05 	 -4.55063e-05 	 2.91123e-05 
0.743 	 -1.76003e-05 	 -4.63084e-05 	 2.87081e-05 
0.741 	 -1.87988e-05 	 -4.71098e-05 	 2.83110e-05 
0.738 	 -1.99898e-05 	 -4.79106e-05 	 2.79208e-05 
0.736 	 -2.11733e-05 	 -4.87107e-05 	 2.75374e-05 
0.733 	 -2.23496e-05 	 -4.95103e-05 	 2.71606e-05 
0.731 	 -2.35189e-05 	 -5.03093e-05 	 2.67903e-05 
0.729 	 -2.46814e-05 	 -5.11078e-05 	 2.64264e-05 
0.726 	 -2.58371e-05 	 -5.19058e-05 	 2.60687e-05 
0.724 	 -2.69864e-05 	 -5.27035e-05 	 2.57171e-05 
0.722 	 -2.81293e-05 	 -5.35007e-05 	 2.53715e-05 
0.719 	 -2.92660e-05 	 -5.42977e-05 	 2.50317e-05 
0.717 	 -3.03967e-05 	 -5.50943e-05 	 2.46976e-05 
0.715 	 -3.15215e-05 	 -5.58906e-05 	 2.43692e-05 
0.712 	 -3.26406e-05 	 -5.66868e-05 	 2.40462e-05 
0.710 	 -3.37541e-05 	 -5.74827e-05 	 2.37286e-05 
0.708 	 -3.48622e-05 	 -5.82786e-05 	 2.34163e-05 
0.706 	 -3.59650e-05 	 -5.90742e-05 	 2.31092e-05 
0.704 	 -3.70627e-05 	 -5.98698e-05 	 2.28071e-05 
0.701 	 -3.81553e-05 	 -6.06653e-05 	 2.25100e-05 
0.699 	 -3.92430e-05 	 -6.14608e-05 	 2.22178e-05 
0.697 	 -4.03259e-05 	 -6.22563e-05 	 2.19303e-05 
0.695 	 -4.14042e-05 	 -6.30518e-05 	 2.16476e-05 
0.693 	 -4.24779e-05 	 -6.38472e-05 	 2.13694e-05 
0.691 	 -4.35471e-05 	 -6.46428e-05 	 2.10957e-05 
0.688 	 -4.46121e-05 	 -6.54384e-05 	 2.08264e-05 
0.686 	 -4.56728e-05 	 -6.62341e-05 	 2.05614e-05 
0.684 	 -4.67293e-05 	 -6.70300e-05 	 2.03006e-05 
0.682 	 -4.77819e-05 	 -6.78260e-05 	 2.00440e-05 
0.680 	 -4.88306e-05 	 -6.86221e-05 	 1.97915e-05 
0.678 	 -4.98754e-05 	 -6.94184e-05 	 1.95430e-05 
0.676 	 -5.09166e-05 	 -7.02150e-05 	 1.92984e-05 
0.674 	 -5.19541e-05 	 -7.10117e-05 	 1.90577e-05 
0.672 	 -5.29881e-05 	 -7.18087e-05 	 1.88207e-05 
0.670 	 -5.40186e-05 	 -7.26060e-05 	 1.85874e-05 
0.668 	 -5.50458e-05 	 -7.34035e-05 	 1.83577e-05 
0.666 	 -5.60697e-05 	 -7.42013e-05 	 1.81316e-05 
0.664 	 -5.70904e-05 	 -7.49995e-05 	 1.79090e-05 
0.662 	 -5.81081e-05 	 -7.57980e-05 	 1.76899e-05 
0.660 	 -5.91227e-05 	 -7.65968e-05 	 1.74741e-05 
0.658 	 -6.01344e-05 	 -7.73960e-05 	 1.72616e-05 
0.656 	 -6.11432e-05 	 -7.81956e-05 	 1.70523e-05 
0.654 	 -6.21493e-05 	 -7.89955e-05 	 1.68462e-05 
0.652 	 -6.31526e-05 	 -7.97959e-05 	 1.66433e-05 
0.650 	 -6.41534e-05 	 -8.05967e-05 	 1.64434e-05 
0.649 	 -6.51515e-05 	 -8.13980e-05 	 1.62465e-05 
0.647 	 -6.61471e-05 	 -8.21997e-05 	 1.60526e-05 
0.645 	 -6.71404e-05 	 -8.30019e-05 	 1.58616e-05 
0.643 	 -6.81312e-05 	 -8.38046e-05 	 1.56734e-05 
0.641 	 -6.91198e-05 	 -8.46078e-05 	 1.54880e-05 
0.639 	 -7.01061e-05 	 -8.54115e-05 	 1.53054e-05 
0.638 	 -7.10903e-05 	 -8.62158e-05 	 1.51255e-05 
0.636 	 -7.20724e-05 	 -8.70206e-05 	 1.49482e-05 
0.634 	 -7.30524e-05 	 -8.78259e-05 	 1.47735e-05 
0.632 	 -7.40304e-05 	 -8.86318e-05 	 1.46014e-05 
0.630 	 -7.50066e-05 	 -8.94384e-05 	 1.44318e-05 
0.629 	 -7.59808e-05 	 -9.02455e-05 	 1.42647e-05 
0.627 	 -7.69533e-05 	 -9.10532e-05 	 1.41000e-05 
0.625 	 -7.79240e-05 	 -9.18616e-05 	 1.39376e-05 
0.623 	 -7.88930e-05 	 -9.26707e-05 	 1.37776e-05 
0.622 	 -7.98604e-05 	 -9.34803e-05 	 1.36199e-05 
0.620 	 -8.08262e-05 	 -9.42907e-05 	 1.34645e-05 
0.618 	 -8.17905e-05 	 -9.51018e-05 	 1.33113e-05 
0.616 	 -8.27533e-05 	 -9.59135e-05 	 1.31603e-05 
0.615 	 -8.37146e-05 	 -9.67260e-05 	 1.30114e-05 
0.613 	 -8.46746e-05 	 -9.75392e-05 	 1.28646e-05 
0.611 	 -8.56332e-05 	 -9.83531e-05 	 1.27199e-05 
0.610 	 -8.65906e-05 	 -9.91678e-05 	 1.25772e-05 
0.608 	 -8.75467e-05 	 -9.99833e-05 	 1.24366e-05 
0.606 	 -8.85017e-05 	 -1.00800e-04 	 1.22979e-05 
0.605 	 -8.94554e-05 	 -1.01617e-04 	 1.21611e-05 
0.603 	 -9.04081e-05 	 -1.02434e-04 	 1.20262e-05 
0.602 	 -9.13597e-05 	 -1.03253e-04 	 1.18933e-05 
0.600 	 -9.23103e-05 	 -1.04072e-04 	 1.17621e-05 
