Energy [eV] Ext Cross [um^2] Abs Cross [um^2] Sca Cross [um^2] 
3.000 	 1.24773e-02 	 1.13056e-02 	 1.17169e-03 
2.960 	 1.58537e-02 	 1.24802e-02 	 3.37353e-03 
2.922 	 2.10422e-02 	 1.37419e-02 	 7.30032e-03 
2.884 	 2.83411e-02 	 1.51841e-02 	 1.31570e-02 
2.848 	 3.76671e-02 	 1.67904e-02 	 2.08767e-02 
2.812 	 4.91479e-02 	 1.86588e-02 	 3.04890e-02 
2.777 	 6.27059e-02 	 2.11574e-02 	 4.15484e-02 
2.743 	 7.77535e-02 	 2.48763e-02 	 5.28772e-02 
2.710 	 9.44514e-02 	 3.00328e-02 	 6.44186e-02 
2.678 	 1.15529e-01 	 3.76574e-02 	 7.78714e-02 
2.646 	 1.42688e-01 	 4.82701e-02 	 9.44182e-02 
2.615 	 1.67195e-01 	 5.48861e-02 	 1.12309e-01 
2.585 	 1.70257e-01 	 4.50520e-02 	 1.25205e-01 
2.556 	 1.66503e-01 	 3.35829e-02 	 1.32920e-01 
2.527 	 1.67328e-01 	 2.70662e-02 	 1.40262e-01 
2.499 	 1.70826e-01 	 2.34910e-02 	 1.47335e-01 
2.471 	 1.74992e-01 	 2.13043e-02 	 1.53688e-01 
2.444 	 1.78896e-01 	 1.97949e-02 	 1.59101e-01 
2.418 	 1.82156e-01 	 1.86424e-02 	 1.63514e-01 
2.392 	 1.84642e-01 	 1.76943e-02 	 1.66948e-01 
2.367 	 1.86338e-01 	 1.68735e-02 	 1.69465e-01 
2.342 	 1.87284e-01 	 1.61386e-02 	 1.71145e-01 
2.318 	 1.87541e-01 	 1.54663e-02 	 1.72074e-01 
2.294 	 1.87179e-01 	 1.48429e-02 	 1.72337e-01 
2.271 	 1.86272e-01 	 1.42594e-02 	 1.72013e-01 
2.248 	 1.84888e-01 	 1.37102e-02 	 1.71178e-01 
2.226 	 1.83091e-01 	 1.31913e-02 	 1.69899e-01 
2.204 	 1.80939e-01 	 1.26994e-02 	 1.68240e-01 
2.182 	 1.78485e-01 	 1.22322e-02 	 1.66253e-01 
2.161 	 1.75777e-01 	 1.17876e-02 	 1.63989e-01 
2.141 	 1.72855e-01 	 1.13640e-02 	 1.61491e-01 
2.121 	 1.69757e-01 	 1.09598e-02 	 1.58798e-01 
2.101 	 1.66517e-01 	 1.05738e-02 	 1.55943e-01 
2.081 	 1.63163e-01 	 1.02046e-02 	 1.52959e-01 
2.062 	 1.59721e-01 	 9.85134e-03 	 1.49870e-01 
2.043 	 1.56214e-01 	 9.51287e-03 	 1.46702e-01 
2.025 	 1.52662e-01 	 9.18834e-03 	 1.43474e-01 
2.007 	 1.49083e-01 	 8.87689e-03 	 1.40206e-01 
1.989 	 1.45491e-01 	 8.57773e-03 	 1.36913e-01 
1.971 	 1.41900e-01 	 8.29022e-03 	 1.33610e-01 
1.954 	 1.38324e-01 	 8.01377e-03 	 1.30310e-01 
1.937 	 1.34772e-01 	 7.74772e-03 	 1.27024e-01 
1.921 	 1.31253e-01 	 7.49148e-03 	 1.23761e-01 
1.904 	 1.27774e-01 	 7.24456e-03 	 1.20529e-01 
1.888 	 1.24343e-01 	 7.00656e-03 	 1.17336e-01 
1.873 	 1.20965e-01 	 6.77702e-03 	 1.14188e-01 
1.857 	 1.17645e-01 	 6.55552e-03 	 1.11089e-01 
1.842 	 1.14387e-01 	 6.34167e-03 	 1.08046e-01 
1.827 	 1.11195e-01 	 6.13511e-03 	 1.05059e-01 
1.812 	 1.08070e-01 	 5.93551e-03 	 1.02134e-01 
1.798 	 1.05015e-01 	 5.74256e-03 	 9.92726e-02 
1.783 	 1.02032e-01 	 5.55598e-03 	 9.64759e-02 
1.769 	 9.91213e-02 	 5.37549e-03 	 9.37459e-02 
1.755 	 9.62840e-02 	 5.20081e-03 	 9.10832e-02 
1.742 	 9.35203e-02 	 5.03171e-03 	 8.84886e-02 
1.728 	 9.08301e-02 	 4.86793e-03 	 8.59622e-02 
1.715 	 8.82134e-02 	 4.70927e-03 	 8.35041e-02 
1.702 	 8.56694e-02 	 4.55550e-03 	 8.11139e-02 
1.689 	 8.31976e-02 	 4.40643e-03 	 7.87912e-02 
1.677 	 8.07971e-02 	 4.26187e-03 	 7.65352e-02 
1.664 	 7.84667e-02 	 4.12164e-03 	 7.43451e-02 
1.652 	 7.62054e-02 	 3.98556e-03 	 7.22198e-02 
1.640 	 7.40117e-02 	 3.85345e-03 	 7.01583e-02 
1.628 	 7.18845e-02 	 3.72517e-03 	 6.81593e-02 
1.616 	 6.98221e-02 	 3.60056e-03 	 6.62216e-02 
1.605 	 6.78232e-02 	 3.47948e-03 	 6.43437e-02 
1.593 	 6.58861e-02 	 3.36178e-03 	 6.25243e-02 
1.582 	 6.40093e-02 	 3.24734e-03 	 6.07620e-02 
1.571 	 6.21912e-02 	 3.13601e-03 	 5.90552e-02 
1.560 	 6.04301e-02 	 3.02769e-03 	 5.74024e-02 
1.549 	 5.87245e-02 	 2.92226e-03 	 5.58023e-02 
1.539 	 5.70728e-02 	 2.81960e-03 	 5.42532e-02 
1.528 	 5.54733e-02 	 2.71961e-03 	 5.27537e-02 
1.518 	 5.39245e-02 	 2.62219e-03 	 5.13023e-02 
1.508 	 5.24248e-02 	 2.52723e-03 	 4.98976e-02 
1.497 	 5.09726e-02 	 2.43464e-03 	 4.85380e-02 
1.488 	 4.95665e-02 	 2.34433e-03 	 4.72222e-02 
1.478 	 4.82050e-02 	 2.25621e-03 	 4.59487e-02 
1.468 	 4.68865e-02 	 2.17021e-03 	 4.47163e-02 
1.459 	 4.56097e-02 	 2.08623e-03 	 4.35235e-02 
1.449 	 4.43732e-02 	 2.00421e-03 	 4.23690e-02 
1.440 	 4.31757e-02 	 1.92407e-03 	 4.12516e-02 
1.431 	 4.20158e-02 	 1.84573e-03 	 4.01700e-02 
1.422 	 4.08922e-02 	 1.76914e-03 	 3.91230e-02 
1.413 	 3.98037e-02 	 1.69423e-03 	 3.81095e-02 
1.404 	 3.87491e-02 	 1.62092e-03 	 3.71282e-02 
1.395 	 3.77273e-02 	 1.54917e-03 	 3.61781e-02 
1.386 	 3.67370e-02 	 1.47892e-03 	 3.52581e-02 
1.378 	 3.57772e-02 	 1.41011e-03 	 3.43671e-02 
1.369 	 3.48469e-02 	 1.34268e-03 	 3.35042e-02 
1.361 	 3.39450e-02 	 1.27660e-03 	 3.26684e-02 
1.353 	 3.30705e-02 	 1.21180e-03 	 3.18587e-02 
1.345 	 3.22225e-02 	 1.14824e-03 	 3.10743e-02 
1.337 	 3.14000e-02 	 1.08588e-03 	 3.03142e-02 
1.329 	 3.06022e-02 	 1.02467e-03 	 2.95775e-02 
1.321 	 2.98282e-02 	 9.64573e-04 	 2.88636e-02 
1.313 	 2.90771e-02 	 9.05546e-04 	 2.81716e-02 
1.306 	 2.83482e-02 	 8.47552e-04 	 2.75006e-02 
1.298 	 2.76407e-02 	 7.90554e-04 	 2.68501e-02 
1.291 	 2.69538e-02 	 7.34516e-04 	 2.62193e-02 
1.283 	 2.62868e-02 	 6.79404e-04 	 2.56074e-02 
1.276 	 2.56391e-02 	 6.25185e-04 	 2.50139e-02 
1.269 	 2.50100e-02 	 5.71827e-04 	 2.44382e-02 
1.262 	 2.43988e-02 	 5.19299e-04 	 2.38795e-02 
1.255 	 2.38049e-02 	 4.67573e-04 	 2.33373e-02 
1.248 	 2.32277e-02 	 4.16620e-04 	 2.28111e-02 
1.241 	 2.26667e-02 	 3.66414e-04 	 2.23002e-02 
1.234 	 2.21212e-02 	 3.16927e-04 	 2.18043e-02 
1.227 	 2.15908e-02 	 2.68136e-04 	 2.13227e-02 
1.220 	 2.10750e-02 	 2.20015e-04 	 2.08550e-02 
1.214 	 2.05732e-02 	 1.72542e-04 	 2.04007e-02 
1.207 	 2.00850e-02 	 1.25694e-04 	 1.99593e-02 
1.201 	 1.96100e-02 	 7.94494e-05 	 1.95305e-02 
1.194 	 1.91476e-02 	 3.37870e-05 	 1.91138e-02 
1.188 	 1.86975e-02 	 -1.13131e-05 	 1.87088e-02 
1.182 	 1.82592e-02 	 -5.58702e-05 	 1.83151e-02 
1.176 	 1.78324e-02 	 -9.99029e-05 	 1.79323e-02 
1.169 	 1.74167e-02 	 -1.43429e-04 	 1.75601e-02 
1.163 	 1.70116e-02 	 -1.86466e-04 	 1.71981e-02 
1.157 	 1.66170e-02 	 -2.29031e-04 	 1.68460e-02 
1.151 	 1.62324e-02 	 -2.71140e-04 	 1.65035e-02 
1.146 	 1.58575e-02 	 -3.12809e-04 	 1.61703e-02 
1.140 	 1.54919e-02 	 -3.54052e-04 	 1.58460e-02 
1.134 	 1.51355e-02 	 -3.94885e-04 	 1.55304e-02 
1.128 	 1.47878e-02 	 -4.35321e-04 	 1.52231e-02 
1.123 	 1.44487e-02 	 -4.75374e-04 	 1.49240e-02 
1.117 	 1.41177e-02 	 -5.15056e-04 	 1.46328e-02 
1.112 	 1.37948e-02 	 -5.54382e-04 	 1.43492e-02 
1.106 	 1.34796e-02 	 -5.93362e-04 	 1.40730e-02 
1.101 	 1.31719e-02 	 -6.32009e-04 	 1.38039e-02 
1.095 	 1.28714e-02 	 -6.70333e-04 	 1.35417e-02 
1.090 	 1.25779e-02 	 -7.08346e-04 	 1.32863e-02 
1.085 	 1.22913e-02 	 -7.46059e-04 	 1.30373e-02 
1.079 	 1.20112e-02 	 -7.83481e-04 	 1.27947e-02 
1.074 	 1.17375e-02 	 -8.20623e-04 	 1.25581e-02 
1.069 	 1.14700e-02 	 -8.57495e-04 	 1.23275e-02 
1.064 	 1.12085e-02 	 -8.94105e-04 	 1.21026e-02 
1.059 	 1.09529e-02 	 -9.30464e-04 	 1.18833e-02 
1.054 	 1.07029e-02 	 -9.66579e-04 	 1.16694e-02 
1.049 	 1.04583e-02 	 -1.00246e-03 	 1.14608e-02 
1.044 	 1.02191e-02 	 -1.03811e-03 	 1.12572e-02 
1.039 	 9.98500e-03 	 -1.07355e-03 	 1.10585e-02 
1.035 	 9.75592e-03 	 -1.10877e-03 	 1.08647e-02 
1.030 	 9.53168e-03 	 -1.14379e-03 	 1.06755e-02 
1.025 	 9.31215e-03 	 -1.17862e-03 	 1.04908e-02 
1.020 	 9.09719e-03 	 -1.21325e-03 	 1.03104e-02 
1.016 	 8.88666e-03 	 -1.24770e-03 	 1.01344e-02 
1.011 	 8.68044e-03 	 -1.28198e-03 	 9.96242e-03 
1.007 	 8.47840e-03 	 -1.31609e-03 	 9.79448e-03 
1.002 	 8.28042e-03 	 -1.35003e-03 	 9.63045e-03 
0.998 	 8.08638e-03 	 -1.38381e-03 	 9.47019e-03 
0.993 	 7.89617e-03 	 -1.41745e-03 	 9.31362e-03 
0.989 	 7.70969e-03 	 -1.45093e-03 	 9.16062e-03 
0.985 	 7.52682e-03 	 -1.48428e-03 	 9.01110e-03 
0.980 	 7.34746e-03 	 -1.51749e-03 	 8.86495e-03 
0.976 	 7.17152e-03 	 -1.55057e-03 	 8.72209e-03 
0.972 	 6.99889e-03 	 -1.58353e-03 	 8.58242e-03 
0.968 	 6.82950e-03 	 -1.61637e-03 	 8.44586e-03 
0.963 	 6.66324e-03 	 -1.64909e-03 	 8.31232e-03 
0.959 	 6.50002e-03 	 -1.68170e-03 	 8.18172e-03 
0.955 	 6.33978e-03 	 -1.71420e-03 	 8.05398e-03 
0.951 	 6.18241e-03 	 -1.74660e-03 	 7.92901e-03 
0.947 	 6.02785e-03 	 -1.77890e-03 	 7.80675e-03 
0.943 	 5.87602e-03 	 -1.81111e-03 	 7.68713e-03 
0.939 	 5.72685e-03 	 -1.84323e-03 	 7.57007e-03 
0.935 	 5.58025e-03 	 -1.87526e-03 	 7.45551e-03 
0.931 	 5.43617e-03 	 -1.90721e-03 	 7.34338e-03 
0.928 	 5.29453e-03 	 -1.93908e-03 	 7.23361e-03 
0.924 	 5.15528e-03 	 -1.97087e-03 	 7.12615e-03 
0.920 	 5.01834e-03 	 -2.00260e-03 	 7.02094e-03 
0.916 	 4.88366e-03 	 -2.03425e-03 	 6.91791e-03 
0.913 	 4.75118e-03 	 -2.06584e-03 	 6.81701e-03 
0.909 	 4.62083e-03 	 -2.09737e-03 	 6.71819e-03 
0.905 	 4.49256e-03 	 -2.12883e-03 	 6.62140e-03 
0.902 	 4.36633e-03 	 -2.16025e-03 	 6.52657e-03 
0.898 	 4.24206e-03 	 -2.19160e-03 	 6.43367e-03 
0.894 	 4.11973e-03 	 -2.22291e-03 	 6.34264e-03 
0.891 	 3.99926e-03 	 -2.25417e-03 	 6.25343e-03 
0.887 	 3.88063e-03 	 -2.28538e-03 	 6.16601e-03 
0.884 	 3.76377e-03 	 -2.31655e-03 	 6.08032e-03 
0.880 	 3.64864e-03 	 -2.34768e-03 	 5.99633e-03 
0.877 	 3.53521e-03 	 -2.37878e-03 	 5.91399e-03 
0.873 	 3.42342e-03 	 -2.40984e-03 	 5.83326e-03 
0.870 	 3.31324e-03 	 -2.44086e-03 	 5.75410e-03 
0.867 	 3.20462e-03 	 -2.47186e-03 	 5.67648e-03 
0.863 	 3.09753e-03 	 -2.50282e-03 	 5.60035e-03 
0.860 	 2.99192e-03 	 -2.53377e-03 	 5.52569e-03 
0.857 	 2.88777e-03 	 -2.56468e-03 	 5.45246e-03 
0.853 	 2.78503e-03 	 -2.59558e-03 	 5.38061e-03 
0.850 	 2.68367e-03 	 -2.62646e-03 	 5.31013e-03 
0.847 	 2.58365e-03 	 -2.65733e-03 	 5.24098e-03 
0.844 	 2.48495e-03 	 -2.68817e-03 	 5.17312e-03 
0.841 	 2.38752e-03 	 -2.71901e-03 	 5.10653e-03 
0.838 	 2.29135e-03 	 -2.74983e-03 	 5.04118e-03 
0.834 	 2.19639e-03 	 -2.78065e-03 	 4.97704e-03 
0.831 	 2.10262e-03 	 -2.81145e-03 	 4.91407e-03 
0.828 	 2.01001e-03 	 -2.84225e-03 	 4.85226e-03 
0.825 	 1.91853e-03 	 -2.87304e-03 	 4.79157e-03 
0.822 	 1.82815e-03 	 -2.90383e-03 	 4.73198e-03 
0.819 	 1.73885e-03 	 -2.93462e-03 	 4.67347e-03 
0.816 	 1.65060e-03 	 -2.96540e-03 	 4.61601e-03 
0.813 	 1.56338e-03 	 -2.99618e-03 	 4.55957e-03 
0.810 	 1.47717e-03 	 -3.02697e-03 	 4.50413e-03 
0.807 	 1.39193e-03 	 -3.05775e-03 	 4.44968e-03 
0.804 	 1.30764e-03 	 -3.08855e-03 	 4.39619e-03 
0.802 	 1.22429e-03 	 -3.11934e-03 	 4.34363e-03 
0.799 	 1.14185e-03 	 -3.15015e-03 	 4.29199e-03 
0.796 	 1.06030e-03 	 -3.18096e-03 	 4.24126e-03 
0.793 	 9.79613e-04 	 -3.21178e-03 	 4.19139e-03 
0.790 	 8.99777e-04 	 -3.24262e-03 	 4.14239e-03 
0.788 	 8.20770e-04 	 -3.27346e-03 	 4.09423e-03 
0.785 	 7.42571e-04 	 -3.30433e-03 	 4.04690e-03 
0.782 	 6.65162e-04 	 -3.33520e-03 	 4.00037e-03 
0.779 	 5.88525e-04 	 -3.36610e-03 	 3.95462e-03 
0.777 	 5.12641e-04 	 -3.39701e-03 	 3.90965e-03 
0.774 	 4.37494e-04 	 -3.42795e-03 	 3.86544e-03 
0.771 	 3.63065e-04 	 -3.45890e-03 	 3.82196e-03 
0.769 	 2.89340e-04 	 -3.48987e-03 	 3.77921e-03 
0.766 	 2.16300e-04 	 -3.52087e-03 	 3.73717e-03 
0.763 	 1.43932e-04 	 -3.55189e-03 	 3.69582e-03 
0.761 	 7.22183e-05 	 -3.58293e-03 	 3.65515e-03 
0.758 	 1.14551e-06 	 -3.61400e-03 	 3.61514e-03 
0.756 	 -6.93014e-05 	 -3.64509e-03 	 3.57579e-03 
0.753 	 -1.39137e-04 	 -3.67621e-03 	 3.53707e-03 
0.751 	 -2.08374e-04 	 -3.70735e-03 	 3.49898e-03 
0.748 	 -2.77027e-04 	 -3.73852e-03 	 3.46150e-03 
0.746 	 -3.45109e-04 	 -3.76972e-03 	 3.42461e-03 
0.743 	 -4.12633e-04 	 -3.80095e-03 	 3.38832e-03 
0.741 	 -4.79611e-04 	 -3.83221e-03 	 3.35260e-03 
0.738 	 -5.46056e-04 	 -3.86350e-03 	 3.31744e-03 
0.736 	 -6.11979e-04 	 -3.89481e-03 	 3.28283e-03 
0.733 	 -6.77393e-04 	 -3.92616e-03 	 3.24877e-03 
0.731 	 -7.42309e-04 	 -3.95755e-03 	 3.21524e-03 
0.729 	 -8.06738e-04 	 -3.98896e-03 	 3.18223e-03 
0.726 	 -8.70690e-04 	 -4.02041e-03 	 3.14972e-03 
0.724 	 -9.34178e-04 	 -4.05190e-03 	 3.11772e-03 
0.722 	 -9.97211e-04 	 -4.08342e-03 	 3.08621e-03 
0.719 	 -1.05980e-03 	 -4.11498e-03 	 3.05518e-03 
0.717 	 -1.12195e-03 	 -4.14658e-03 	 3.02462e-03 
0.715 	 -1.18368e-03 	 -4.17821e-03 	 2.99453e-03 
0.712 	 -1.24500e-03 	 -4.20988e-03 	 2.96489e-03 
0.710 	 -1.30590e-03 	 -4.24160e-03 	 2.93569e-03 
0.708 	 -1.36641e-03 	 -4.27335e-03 	 2.90694e-03 
0.706 	 -1.42654e-03 	 -4.30514e-03 	 2.87861e-03 
0.704 	 -1.48628e-03 	 -4.33698e-03 	 2.85070e-03 
0.701 	 -1.54565e-03 	 -4.36885e-03 	 2.82320e-03 
0.699 	 -1.60466e-03 	 -4.40077e-03 	 2.79611e-03 
0.697 	 -1.66332e-03 	 -4.43273e-03 	 2.76942e-03 
0.695 	 -1.72163e-03 	 -4.46474e-03 	 2.74311e-03 
0.693 	 -1.77960e-03 	 -4.49679e-03 	 2.71719e-03 
0.691 	 -1.83723e-03 	 -4.52888e-03 	 2.69165e-03 
0.688 	 -1.89455e-03 	 -4.56102e-03 	 2.66647e-03 
0.686 	 -1.95155e-03 	 -4.59320e-03 	 2.64166e-03 
0.684 	 -2.00823e-03 	 -4.62543e-03 	 2.61720e-03 
0.682 	 -2.06462e-03 	 -4.65770e-03 	 2.59308e-03 
0.680 	 -2.12071e-03 	 -4.69002e-03 	 2.56932e-03 
0.678 	 -2.17651e-03 	 -4.72239e-03 	 2.54588e-03 
0.676 	 -2.23202e-03 	 -4.75480e-03 	 2.52278e-03 
0.674 	 -2.28726e-03 	 -4.78726e-03 	 2.50000e-03 
0.672 	 -2.34223e-03 	 -4.81977e-03 	 2.47754e-03 
0.670 	 -2.39693e-03 	 -4.85232e-03 	 2.45539e-03 
0.668 	 -2.45138e-03 	 -4.88493e-03 	 2.43355e-03 
0.666 	 -2.50557e-03 	 -4.91758e-03 	 2.41201e-03 
0.664 	 -2.55951e-03 	 -4.95028e-03 	 2.39077e-03 
0.662 	 -2.61321e-03 	 -4.98303e-03 	 2.36982e-03 
0.660 	 -2.66668e-03 	 -5.01583e-03 	 2.34915e-03 
0.658 	 -2.71992e-03 	 -5.04868e-03 	 2.32877e-03 
0.656 	 -2.77292e-03 	 -5.08158e-03 	 2.30866e-03 
0.654 	 -2.82571e-03 	 -5.11453e-03 	 2.28882e-03 
0.652 	 -2.87829e-03 	 -5.14753e-03 	 2.26925e-03 
0.650 	 -2.93065e-03 	 -5.18059e-03 	 2.24994e-03 
0.649 	 -2.98280e-03 	 -5.21369e-03 	 2.23089e-03 
0.647 	 -3.03476e-03 	 -5.24685e-03 	 2.21209e-03 
0.645 	 -3.08652e-03 	 -5.28005e-03 	 2.19354e-03 
0.643 	 -3.13808e-03 	 -5.31331e-03 	 2.17523e-03 
0.641 	 -3.18946e-03 	 -5.34663e-03 	 2.15717e-03 
0.639 	 -3.24065e-03 	 -5.37999e-03 	 2.13934e-03 
0.638 	 -3.29166e-03 	 -5.41341e-03 	 2.12174e-03 
0.636 	 -3.34250e-03 	 -5.44688e-03 	 2.10438e-03 
0.634 	 -3.39317e-03 	 -5.48041e-03 	 2.08724e-03 
0.632 	 -3.44367e-03 	 -5.51398e-03 	 2.07031e-03 
0.630 	 -3.49401e-03 	 -5.54762e-03 	 2.05361e-03 
0.629 	 -3.54419e-03 	 -5.58131e-03 	 2.03712e-03 
0.627 	 -3.59421e-03 	 -5.61505e-03 	 2.02084e-03 
0.625 	 -3.64408e-03 	 -5.64885e-03 	 2.00477e-03 
0.623 	 -3.69380e-03 	 -5.68270e-03 	 1.98890e-03 
0.622 	 -3.74338e-03 	 -5.71661e-03 	 1.97323e-03 
0.620 	 -3.79281e-03 	 -5.75057e-03 	 1.95776e-03 
0.618 	 -3.84211e-03 	 -5.78459e-03 	 1.94248e-03 
0.616 	 -3.89127e-03 	 -5.81867e-03 	 1.92739e-03 
0.615 	 -3.94031e-03 	 -5.85280e-03 	 1.91250e-03 
0.613 	 -3.98921e-03 	 -5.88699e-03 	 1.89778e-03 
0.611 	 -4.03799e-03 	 -5.92124e-03 	 1.88325e-03 
0.610 	 -4.08665e-03 	 -5.95555e-03 	 1.86890e-03 
0.608 	 -4.13519e-03 	 -5.98991e-03 	 1.85472e-03 
0.606 	 -4.18361e-03 	 -6.02433e-03 	 1.84072e-03 
0.605 	 -4.23193e-03 	 -6.05881e-03 	 1.82688e-03 
0.603 	 -4.28013e-03 	 -6.09335e-03 	 1.81322e-03 
0.602 	 -4.32822e-03 	 -6.12794e-03 	 1.79972e-03 
0.600 	 -4.37621e-03 	 -6.16260e-03 	 1.78639e-03 
