Energy [eV] Ext Cross [um^2] Abs Cross [um^2] Sca Cross [um^2] 
3.500 	 6.87020e-02 	 8.37635e-03 	 6.03257e-02 
3.471 	 6.30655e-02 	 8.23660e-03 	 5.48289e-02 
3.442 	 5.79751e-02 	 8.16400e-03 	 4.98111e-02 
3.414 	 5.32614e-02 	 8.15031e-03 	 4.51111e-02 
3.387 	 4.88113e-02 	 8.18827e-03 	 4.06230e-02 
3.360 	 4.45544e-02 	 8.27156e-03 	 3.62828e-02 
3.333 	 4.04550e-02 	 8.39465e-03 	 3.20603e-02 
3.306 	 3.65039e-02 	 8.55247e-03 	 2.79514e-02 
3.281 	 3.27103e-02 	 8.74007e-03 	 2.39702e-02 
3.255 	 2.91000e-02 	 8.95245e-03 	 2.01476e-02 
3.230 	 2.57114e-02 	 9.18444e-03 	 1.65270e-02 
3.205 	 2.25898e-02 	 9.43067e-03 	 1.31591e-02 
3.181 	 1.97826e-02 	 9.68579e-03 	 1.00968e-02 
3.157 	 1.73384e-02 	 9.94484e-03 	 7.39359e-03 
3.133 	 1.53027e-02 	 1.02034e-02 	 5.09928e-03 
3.110 	 1.37139e-02 	 1.04579e-02 	 3.25594e-03 
3.087 	 1.26017e-02 	 1.07054e-02 	 1.89636e-03 
3.064 	 1.19861e-02 	 1.09438e-02 	 1.04230e-03 
3.042 	 1.18765e-02 	 1.11730e-02 	 7.03443e-04 
3.020 	 1.22683e-02 	 1.13914e-02 	 8.76958e-04 
2.999 	 1.31470e-02 	 1.15985e-02 	 1.54852e-03 
2.977 	 1.45057e-02 	 1.18076e-02 	 2.69811e-03 
2.956 	 1.63019e-02 	 1.20102e-02 	 4.29161e-03 
2.935 	 1.84612e-02 	 1.21815e-02 	 6.27977e-03 
2.915 	 2.10759e-02 	 1.24137e-02 	 8.66221e-03 
2.895 	 2.40528e-02 	 1.26465e-02 	 1.14063e-02 
2.875 	 2.72191e-02 	 1.28914e-02 	 1.43277e-02 
2.855 	 3.07480e-02 	 1.31913e-02 	 1.75567e-02 
2.836 	 3.45301e-02 	 1.34417e-02 	 2.10883e-02 
2.817 	 3.85785e-02 	 1.38422e-02 	 2.47363e-02 
2.798 	 4.29016e-02 	 1.43508e-02 	 2.85508e-02 
2.780 	 4.74747e-02 	 1.49339e-02 	 3.25407e-02 
2.761 	 5.23670e-02 	 1.56921e-02 	 3.66749e-02 
2.743 	 5.76595e-02 	 1.67174e-02 	 4.09421e-02 
2.725 	 6.34763e-02 	 1.81206e-02 	 4.53557e-02 
2.708 	 7.00141e-02 	 2.00827e-02 	 4.99314e-02 
2.690 	 7.74950e-02 	 2.27942e-02 	 5.47008e-02 
2.673 	 8.60874e-02 	 2.63757e-02 	 5.97117e-02 
2.656 	 9.59565e-02 	 3.10426e-02 	 6.49139e-02 
2.639 	 1.06071e-01 	 3.60982e-02 	 6.99728e-02 
2.623 	 1.13974e-01 	 3.90482e-02 	 7.49261e-02 
2.606 	 1.22345e-01 	 4.09658e-02 	 8.13794e-02 
2.590 	 1.34691e-01 	 4.45944e-02 	 9.00968e-02 
2.574 	 1.49307e-01 	 4.96928e-02 	 9.96145e-02 
2.559 	 1.61476e-01 	 5.35998e-02 	 1.07877e-01 
2.543 	 1.67176e-01 	 5.38139e-02 	 1.13362e-01 
2.528 	 1.68034e-01 	 5.16412e-02 	 1.16393e-01 
2.513 	 1.68241e-01 	 5.02519e-02 	 1.17989e-01 
2.498 	 1.69076e-01 	 5.12714e-02 	 1.17805e-01 
2.483 	 1.68313e-01 	 5.44156e-02 	 1.13897e-01 
2.468 	 1.61738e-01 	 5.77524e-02 	 1.03986e-01 
2.454 	 1.46626e-01 	 5.82240e-02 	 8.84017e-02 
2.439 	 1.26151e-01 	 5.40216e-02 	 7.21292e-02 
2.425 	 1.07493e-01 	 4.65725e-02 	 6.09203e-02 
2.411 	 9.49828e-02 	 3.86551e-02 	 5.63276e-02 
2.397 	 8.85283e-02 	 3.19254e-02 	 5.66029e-02 
2.384 	 8.63137e-02 	 2.67422e-02 	 5.95714e-02 
2.370 	 8.66655e-02 	 2.28913e-02 	 6.37742e-02 
2.357 	 8.84734e-02 	 2.00469e-02 	 6.84264e-02 
2.344 	 9.10807e-02 	 1.79297e-02 	 7.31510e-02 
2.331 	 9.41150e-02 	 1.63332e-02 	 7.77818e-02 
2.318 	 9.73674e-02 	 1.51121e-02 	 8.22553e-02 
2.305 	 1.00721e-01 	 1.41652e-02 	 8.65561e-02 
2.292 	 1.04112e-01 	 1.34218e-02 	 9.06900e-02 
2.280 	 1.07503e-01 	 1.28316e-02 	 9.46713e-02 
2.268 	 1.10875e-01 	 1.23590e-02 	 9.85160e-02 
2.255 	 1.14218e-01 	 1.19780e-02 	 1.02240e-01 
2.243 	 1.17527e-01 	 1.16694e-02 	 1.05858e-01 
2.231 	 1.20800e-01 	 1.14187e-02 	 1.09382e-01 
2.220 	 1.24039e-01 	 1.12151e-02 	 1.12824e-01 
2.208 	 1.27243e-01 	 1.10499e-02 	 1.16193e-01 
2.196 	 1.30416e-01 	 1.09167e-02 	 1.19499e-01 
2.185 	 1.33558e-01 	 1.08104e-02 	 1.22748e-01 
2.173 	 1.36674e-01 	 1.07267e-02 	 1.25947e-01 
2.162 	 1.39763e-01 	 1.06624e-02 	 1.29101e-01 
2.151 	 1.42830e-01 	 1.06149e-02 	 1.32215e-01 
2.140 	 1.45876e-01 	 1.05819e-02 	 1.35294e-01 
2.129 	 1.48903e-01 	 1.05615e-02 	 1.38341e-01 
2.118 	 1.51913e-01 	 1.05523e-02 	 1.41361e-01 
2.108 	 1.54908e-01 	 1.05531e-02 	 1.44355e-01 
2.097 	 1.57889e-01 	 1.05626e-02 	 1.47327e-01 
2.087 	 1.60859e-01 	 1.05801e-02 	 1.50279e-01 
2.076 	 1.63818e-01 	 1.06047e-02 	 1.53213e-01 
2.066 	 1.66767e-01 	 1.06358e-02 	 1.56131e-01 
2.056 	 1.69709e-01 	 1.06727e-02 	 1.59036e-01 
2.046 	 1.72642e-01 	 1.07150e-02 	 1.61927e-01 
2.036 	 1.75570e-01 	 1.07622e-02 	 1.64808e-01 
2.026 	 1.78491e-01 	 1.08138e-02 	 1.67677e-01 
2.016 	 1.81407e-01 	 1.08696e-02 	 1.70537e-01 
2.007 	 1.84317e-01 	 1.09292e-02 	 1.73388e-01 
1.997 	 1.87222e-01 	 1.09922e-02 	 1.76230e-01 
1.988 	 1.90123e-01 	 1.10585e-02 	 1.79064e-01 
1.978 	 1.93018e-01 	 1.11277e-02 	 1.81890e-01 
1.969 	 1.95908e-01 	 1.11997e-02 	 1.84708e-01 
1.960 	 1.98792e-01 	 1.12742e-02 	 1.87518e-01 
1.951 	 2.01670e-01 	 1.13511e-02 	 1.90318e-01 
1.942 	 2.04540e-01 	 1.14300e-02 	 1.93110e-01 
1.933 	 2.07404e-01 	 1.15109e-02 	 1.95893e-01 
1.924 	 2.10259e-01 	 1.15935e-02 	 1.98665e-01 
1.915 	 2.13104e-01 	 1.16777e-02 	 2.01427e-01 
1.906 	 2.15940e-01 	 1.17633e-02 	 2.04176e-01 
1.898 	 2.18763e-01 	 1.18501e-02 	 2.06913e-01 
1.889 	 2.21573e-01 	 1.19381e-02 	 2.09635e-01 
1.881 	 2.24370e-01 	 1.20269e-02 	 2.12343e-01 
1.872 	 2.27150e-01 	 1.21165e-02 	 2.15033e-01 
1.864 	 2.29912e-01 	 1.22067e-02 	 2.17705e-01 
1.855 	 2.32655e-01 	 1.22973e-02 	 2.20358e-01 
1.847 	 2.35378e-01 	 1.23882e-02 	 2.22989e-01 
1.839 	 2.38077e-01 	 1.24792e-02 	 2.25597e-01 
1.831 	 2.40751e-01 	 1.25701e-02 	 2.28181e-01 
1.823 	 2.43398e-01 	 1.26608e-02 	 2.30737e-01 
1.815 	 2.46015e-01 	 1.27511e-02 	 2.33264e-01 
1.807 	 2.48601e-01 	 1.28409e-02 	 2.35760e-01 
1.800 	 2.51153e-01 	 1.29300e-02 	 2.38223e-01 
1.792 	 2.53668e-01 	 1.30181e-02 	 2.40650e-01 
1.784 	 2.56145e-01 	 1.31053e-02 	 2.43040e-01 
1.777 	 2.58580e-01 	 1.31912e-02 	 2.45389e-01 
1.769 	 2.60971e-01 	 1.32757e-02 	 2.47695e-01 
1.762 	 2.63315e-01 	 1.33586e-02 	 2.49957e-01 
1.754 	 2.65610e-01 	 1.34398e-02 	 2.52170e-01 
1.747 	 2.67853e-01 	 1.35191e-02 	 2.54334e-01 
1.740 	 2.70041e-01 	 1.35963e-02 	 2.56444e-01 
1.733 	 2.72171e-01 	 1.36712e-02 	 2.58499e-01 
1.725 	 2.74240e-01 	 1.37437e-02 	 2.60496e-01 
1.718 	 2.76246e-01 	 1.38136e-02 	 2.62433e-01 
1.711 	 2.78187e-01 	 1.38807e-02 	 2.64306e-01 
1.704 	 2.80058e-01 	 1.39449e-02 	 2.66113e-01 
1.697 	 2.81858e-01 	 1.40059e-02 	 2.67852e-01 
1.691 	 2.83584e-01 	 1.40637e-02 	 2.69521e-01 
1.684 	 2.85233e-01 	 1.41181e-02 	 2.71115e-01 
1.677 	 2.86803e-01 	 1.41689e-02 	 2.72634e-01 
1.670 	 2.88291e-01 	 1.42159e-02 	 2.74075e-01 
1.664 	 2.89695e-01 	 1.42591e-02 	 2.75436e-01 
1.657 	 2.91012e-01 	 1.42982e-02 	 2.76714e-01 
1.651 	 2.92241e-01 	 1.43332e-02 	 2.77908e-01 
1.644 	 2.93379e-01 	 1.43639e-02 	 2.79015e-01 
1.638 	 2.94424e-01 	 1.43902e-02 	 2.80034e-01 
1.631 	 2.95374e-01 	 1.44119e-02 	 2.80962e-01 
1.625 	 2.96228e-01 	 1.44290e-02 	 2.81799e-01 
1.619 	 2.96985e-01 	 1.44414e-02 	 2.82543e-01 
1.612 	 2.97642e-01 	 1.44490e-02 	 2.83193e-01 
1.606 	 2.98199e-01 	 1.44517e-02 	 2.83747e-01 
1.600 	 2.98655e-01 	 1.44494e-02 	 2.84205e-01 
1.594 	 2.99008e-01 	 1.44421e-02 	 2.84566e-01 
1.588 	 2.99258e-01 	 1.44297e-02 	 2.84829e-01 
1.582 	 2.99405e-01 	 1.44121e-02 	 2.84993e-01 
1.576 	 2.99449e-01 	 1.43894e-02 	 2.85059e-01 
1.570 	 2.99388e-01 	 1.43616e-02 	 2.85027e-01 
1.564 	 2.99224e-01 	 1.43285e-02 	 2.84896e-01 
1.558 	 2.98957e-01 	 1.42903e-02 	 2.84667e-01 
1.553 	 2.98587e-01 	 1.42469e-02 	 2.84340e-01 
1.547 	 2.98115e-01 	 1.41983e-02 	 2.83917e-01 
1.541 	 2.97542e-01 	 1.41446e-02 	 2.83397e-01 
1.536 	 2.96868e-01 	 1.40858e-02 	 2.82782e-01 
1.530 	 2.96096e-01 	 1.40221e-02 	 2.82074e-01 
1.524 	 2.95226e-01 	 1.39533e-02 	 2.81273e-01 
1.519 	 2.94260e-01 	 1.38797e-02 	 2.80381e-01 
1.513 	 2.93200e-01 	 1.38012e-02 	 2.79399e-01 
1.508 	 2.92049e-01 	 1.37180e-02 	 2.78331e-01 
1.503 	 2.90807e-01 	 1.36303e-02 	 2.77177e-01 
1.497 	 2.89477e-01 	 1.35379e-02 	 2.75939e-01 
1.492 	 2.88062e-01 	 1.34412e-02 	 2.74621e-01 
1.487 	 2.86564e-01 	 1.33402e-02 	 2.73224e-01 
1.481 	 2.84985e-01 	 1.32350e-02 	 2.71750e-01 
1.476 	 2.83329e-01 	 1.31258e-02 	 2.70203e-01 
1.471 	 2.81598e-01 	 1.30127e-02 	 2.68585e-01 
1.466 	 2.79795e-01 	 1.28959e-02 	 2.66899e-01 
1.461 	 2.77923e-01 	 1.27754e-02 	 2.65147e-01 
1.455 	 2.75984e-01 	 1.26515e-02 	 2.63333e-01 
1.450 	 2.73983e-01 	 1.25243e-02 	 2.61459e-01 
1.445 	 2.71921e-01 	 1.23939e-02 	 2.59527e-01 
1.440 	 2.69803e-01 	 1.22606e-02 	 2.57542e-01 
1.436 	 2.67631e-01 	 1.21244e-02 	 2.55506e-01 
1.431 	 2.65408e-01 	 1.19855e-02 	 2.53422e-01 
1.426 	 2.63137e-01 	 1.18441e-02 	 2.51293e-01 
1.421 	 2.60822e-01 	 1.17004e-02 	 2.49122e-01 
1.416 	 2.58466e-01 	 1.15544e-02 	 2.46912e-01 
1.411 	 2.56071e-01 	 1.14064e-02 	 2.44665e-01 
1.407 	 2.53641e-01 	 1.12565e-02 	 2.42385e-01 
1.402 	 2.51179e-01 	 1.11048e-02 	 2.40074e-01 
1.397 	 2.48688e-01 	 1.09516e-02 	 2.37736e-01 
1.393 	 2.46170e-01 	 1.07969e-02 	 2.35373e-01 
1.388 	 2.43628e-01 	 1.06409e-02 	 2.32987e-01 
1.383 	 2.41065e-01 	 1.04838e-02 	 2.30582e-01 
1.379 	 2.38485e-01 	 1.03257e-02 	 2.28159e-01 
1.374 	 2.35888e-01 	 1.01666e-02 	 2.25722e-01 
1.370 	 2.33279e-01 	 1.00069e-02 	 2.23272e-01 
1.365 	 2.30659e-01 	 9.84652e-03 	 2.20813e-01 
1.361 	 2.28031e-01 	 9.68565e-03 	 2.18345e-01 
1.356 	 2.25397e-01 	 9.52441e-03 	 2.15873e-01 
1.352 	 2.22759e-01 	 9.36292e-03 	 2.13396e-01 
1.348 	 2.20120e-01 	 9.20127e-03 	 2.10919e-01 
1.343 	 2.17481e-01 	 9.03959e-03 	 2.08441e-01 
1.339 	 2.14844e-01 	 8.87797e-03 	 2.05966e-01 
1.335 	 2.12212e-01 	 8.71651e-03 	 2.03496e-01 
1.331 	 2.09586e-01 	 8.55530e-03 	 2.01031e-01 
1.326 	 2.06967e-01 	 8.39443e-03 	 1.98573e-01 
1.322 	 2.04358e-01 	 8.23398e-03 	 1.96124e-01 
1.318 	 2.01760e-01 	 8.07405e-03 	 1.93686e-01 
1.314 	 1.99173e-01 	 7.91470e-03 	 1.91259e-01 
1.310 	 1.96601e-01 	 7.75600e-03 	 1.88845e-01 
1.306 	 1.94043e-01 	 7.59802e-03 	 1.86445e-01 
1.302 	 1.91501e-01 	 7.44083e-03 	 1.84060e-01 
1.298 	 1.88976e-01 	 7.28448e-03 	 1.81692e-01 
1.294 	 1.86470e-01 	 7.12903e-03 	 1.79341e-01 
1.290 	 1.83982e-01 	 6.97453e-03 	 1.77008e-01 
1.286 	 1.81515e-01 	 6.82103e-03 	 1.74694e-01 
1.282 	 1.79068e-01 	 6.66857e-03 	 1.72400e-01 
1.278 	 1.76643e-01 	 6.51720e-03 	 1.70126e-01 
1.274 	 1.74241e-01 	 6.36695e-03 	 1.67874e-01 
1.270 	 1.71861e-01 	 6.21786e-03 	 1.65643e-01 
1.266 	 1.69505e-01 	 6.06995e-03 	 1.63435e-01 
1.262 	 1.67172e-01 	 5.92326e-03 	 1.61249e-01 
1.259 	 1.64865e-01 	 5.77781e-03 	 1.59087e-01 
1.255 	 1.62582e-01 	 5.63363e-03 	 1.56948e-01 
1.251 	 1.60324e-01 	 5.49073e-03 	 1.54833e-01 
1.247 	 1.58092e-01 	 5.34913e-03 	 1.52743e-01 
1.244 	 1.55886e-01 	 5.20886e-03 	 1.50677e-01 
1.240 	 1.53706e-01 	 5.06992e-03 	 1.48636e-01 
1.236 	 1.51552e-01 	 4.93232e-03 	 1.46620e-01 
1.233 	 1.49424e-01 	 4.79608e-03 	 1.44628e-01 
1.229 	 1.47324e-01 	 4.66119e-03 	 1.42662e-01 
1.225 	 1.45249e-01 	 4.52768e-03 	 1.40722e-01 
1.222 	 1.43202e-01 	 4.39553e-03 	 1.38806e-01 
1.218 	 1.41181e-01 	 4.26476e-03 	 1.36916e-01 
1.215 	 1.39187e-01 	 4.13536e-03 	 1.35052e-01 
1.211 	 1.37220e-01 	 4.00734e-03 	 1.33212e-01 
1.208 	 1.35279e-01 	 3.88069e-03 	 1.31398e-01 
1.204 	 1.33364e-01 	 3.75540e-03 	 1.29609e-01 
1.201 	 1.31477e-01 	 3.63148e-03 	 1.27845e-01 
1.197 	 1.29615e-01 	 3.50892e-03 	 1.26106e-01 
1.194 	 1.27780e-01 	 3.38770e-03 	 1.24392e-01 
1.191 	 1.25971e-01 	 3.26784e-03 	 1.22703e-01 
1.187 	 1.24187e-01 	 3.14931e-03 	 1.21038e-01 
1.184 	 1.22429e-01 	 3.03210e-03 	 1.19397e-01 
1.180 	 1.20697e-01 	 2.91622e-03 	 1.17781e-01 
1.177 	 1.18990e-01 	 2.80164e-03 	 1.16189e-01 
1.174 	 1.17308e-01 	 2.68836e-03 	 1.14620e-01 
1.171 	 1.15651e-01 	 2.57637e-03 	 1.13075e-01 
1.167 	 1.14019e-01 	 2.46564e-03 	 1.11553e-01 
1.164 	 1.12410e-01 	 2.35618e-03 	 1.10054e-01 
1.161 	 1.10826e-01 	 2.24797e-03 	 1.08578e-01 
1.158 	 1.09266e-01 	 2.14099e-03 	 1.07125e-01 
1.154 	 1.07729e-01 	 2.03523e-03 	 1.05694e-01 
1.151 	 1.06215e-01 	 1.93067e-03 	 1.04285e-01 
1.148 	 1.04725e-01 	 1.82731e-03 	 1.02897e-01 
1.145 	 1.03257e-01 	 1.72512e-03 	 1.01532e-01 
1.142 	 1.01811e-01 	 1.62410e-03 	 1.00187e-01 
1.139 	 1.00388e-01 	 1.52423e-03 	 9.88634e-02 
1.136 	 9.89860e-02 	 1.42548e-03 	 9.75605e-02 
1.133 	 9.76059e-02 	 1.32786e-03 	 9.62780e-02 
1.130 	 9.62470e-02 	 1.23133e-03 	 9.50156e-02 
1.126 	 9.49090e-02 	 1.13590e-03 	 9.37731e-02 
1.123 	 9.35916e-02 	 1.04153e-03 	 9.25501e-02 
1.120 	 9.22946e-02 	 9.48224e-04 	 9.13464e-02 
1.117 	 9.10176e-02 	 8.55955e-04 	 9.01616e-02 
1.114 	 8.97603e-02 	 7.64713e-04 	 8.89956e-02 
1.112 	 8.85225e-02 	 6.74480e-04 	 8.78480e-02 
1.109 	 8.73039e-02 	 5.85242e-04 	 8.67186e-02 
1.106 	 8.61040e-02 	 4.96984e-04 	 8.56071e-02 
1.103 	 8.49228e-02 	 4.09690e-04 	 8.45131e-02 
1.100 	 8.37598e-02 	 3.23346e-04 	 8.34365e-02 
1.097 	 8.26148e-02 	 2.37936e-04 	 8.23769e-02 
1.094 	 8.14875e-02 	 1.53446e-04 	 8.13340e-02 
1.091 	 8.03776e-02 	 6.98611e-05 	 8.03077e-02 
1.088 	 7.92848e-02 	 -1.28341e-05 	 7.92977e-02 
1.086 	 7.82090e-02 	 -9.46537e-05 	 7.83036e-02 
1.083 	 7.71496e-02 	 -1.75612e-04 	 7.73252e-02 
1.080 	 7.61066e-02 	 -2.55724e-04 	 7.63624e-02 
1.077 	 7.50797e-02 	 -3.35003e-04 	 7.54147e-02 
1.074 	 7.40685e-02 	 -4.13463e-04 	 7.44819e-02 
1.072 	 7.30728e-02 	 -4.91119e-04 	 7.35639e-02 
1.069 	 7.20924e-02 	 -5.67983e-04 	 7.26604e-02 
1.066 	 7.11269e-02 	 -6.44070e-04 	 7.17710e-02 
1.064 	 7.01763e-02 	 -7.19392e-04 	 7.08957e-02 
1.061 	 6.92401e-02 	 -7.93964e-04 	 7.00340e-02 
1.058 	 6.83181e-02 	 -8.67798e-04 	 6.91859e-02 
1.055 	 6.74102e-02 	 -9.40906e-04 	 6.83511e-02 
1.053 	 6.65160e-02 	 -1.01330e-03 	 6.75293e-02 
1.050 	 6.56354e-02 	 -1.08500e-03 	 6.67204e-02 
1.048 	 6.47681e-02 	 -1.15601e-03 	 6.59241e-02 
1.045 	 6.39138e-02 	 -1.22634e-03 	 6.51401e-02 
1.042 	 6.30724e-02 	 -1.29601e-03 	 6.43684e-02 
1.040 	 6.22436e-02 	 -1.36502e-03 	 6.36086e-02 
1.037 	 6.14271e-02 	 -1.43340e-03 	 6.28605e-02 
1.035 	 6.06229e-02 	 -1.50115e-03 	 6.21241e-02 
1.032 	 5.98307e-02 	 -1.56827e-03 	 6.13989e-02 
1.030 	 5.90502e-02 	 -1.63480e-03 	 6.06850e-02 
1.027 	 5.82813e-02 	 -1.70072e-03 	 5.99820e-02 
1.024 	 5.75237e-02 	 -1.76606e-03 	 5.92898e-02 
1.022 	 5.67773e-02 	 -1.83083e-03 	 5.86081e-02 
1.019 	 5.60419e-02 	 -1.89503e-03 	 5.79369e-02 
1.017 	 5.53172e-02 	 -1.95868e-03 	 5.72759e-02 
1.015 	 5.46032e-02 	 -2.02179e-03 	 5.66249e-02 
1.012 	 5.38995e-02 	 -2.08436e-03 	 5.59838e-02 
1.010 	 5.32060e-02 	 -2.14640e-03 	 5.53524e-02 
1.007 	 5.25226e-02 	 -2.20793e-03 	 5.47306e-02 
1.005 	 5.18491e-02 	 -2.26896e-03 	 5.41181e-02 
1.002 	 5.11853e-02 	 -2.32949e-03 	 5.35148e-02 
1.000 	 5.05310e-02 	 -2.38953e-03 	 5.29205e-02 
