Energy [eV] Ext Cross [um^2] Abs Cross [um^2] Sca Cross [um^2] 
3.500 	 2.60491e-02 	 3.44467e-03 	 2.26044e-02 
3.471 	 2.41266e-02 	 3.48994e-03 	 2.06367e-02 
3.442 	 2.22615e-02 	 3.55766e-03 	 1.87038e-02 
3.414 	 2.04591e-02 	 3.64401e-03 	 1.68151e-02 
3.387 	 1.87253e-02 	 3.74572e-03 	 1.49796e-02 
3.360 	 1.70664e-02 	 3.86009e-03 	 1.32063e-02 
3.333 	 1.54904e-02 	 3.98495e-03 	 1.15054e-02 
3.306 	 1.40058e-02 	 4.11857e-03 	 9.88720e-03 
3.281 	 1.26210e-02 	 4.25959e-03 	 8.36138e-03 
3.255 	 1.13449e-02 	 4.40694e-03 	 6.93796e-03 
3.230 	 1.01870e-02 	 4.55982e-03 	 5.62716e-03 
3.205 	 9.15649e-03 	 4.71761e-03 	 4.43888e-03 
3.181 	 8.26200e-03 	 4.87982e-03 	 3.38217e-03 
3.157 	 7.51198e-03 	 5.04614e-03 	 2.46584e-03 
3.133 	 6.91437e-03 	 5.21631e-03 	 1.69806e-03 
3.110 	 6.47606e-03 	 5.39019e-03 	 1.08587e-03 
3.087 	 6.20307e-03 	 5.56766e-03 	 6.35411e-04 
3.064 	 6.10064e-03 	 5.74870e-03 	 3.51941e-04 
3.042 	 6.17362e-03 	 5.93393e-03 	 2.39693e-04 
3.020 	 6.42427e-03 	 6.12256e-03 	 3.01714e-04 
2.999 	 6.85397e-03 	 6.31407e-03 	 5.39898e-04 
2.977 	 7.47203e-03 	 6.51545e-03 	 9.56586e-04 
2.956 	 8.27143e-03 	 6.72061e-03 	 1.55082e-03 
2.935 	 9.22919e-03 	 6.91270e-03 	 2.31649e-03 
2.915 	 1.04141e-02 	 7.14580e-03 	 3.26832e-03 
2.895 	 1.17905e-02 	 7.38231e-03 	 4.40819e-03 
2.875 	 1.32934e-02 	 7.62186e-03 	 5.67153e-03 
2.855 	 1.50214e-02 	 7.89398e-03 	 7.12744e-03 
2.836 	 1.69181e-02 	 8.13183e-03 	 8.78631e-03 
2.817 	 1.90330e-02 	 8.45469e-03 	 1.05783e-02 
2.798 	 2.13733e-02 	 8.84012e-03 	 1.25332e-02 
2.780 	 2.39304e-02 	 9.27306e-03 	 1.46573e-02 
2.761 	 2.67565e-02 	 9.82940e-03 	 1.69271e-02 
2.743 	 2.98573e-02 	 1.05677e-02 	 1.92896e-02 
2.725 	 3.31367e-02 	 1.14539e-02 	 2.16828e-02 
2.708 	 3.65470e-02 	 1.23842e-02 	 2.41628e-02 
2.690 	 4.03360e-02 	 1.34593e-02 	 2.68767e-02 
2.673 	 4.47330e-02 	 1.49497e-02 	 2.97833e-02 
2.656 	 4.95385e-02 	 1.66616e-02 	 3.28769e-02 
2.639 	 5.42556e-02 	 1.79126e-02 	 3.63430e-02 
2.623 	 5.77622e-02 	 1.80403e-02 	 3.97219e-02 
2.606 	 5.95604e-02 	 1.69219e-02 	 4.26385e-02 
2.590 	 6.06431e-02 	 1.52168e-02 	 4.54262e-02 
2.574 	 6.22066e-02 	 1.38174e-02 	 4.83891e-02 
2.559 	 6.44878e-02 	 1.29368e-02 	 5.15511e-02 
2.543 	 6.73035e-02 	 1.24336e-02 	 5.48700e-02 
2.528 	 7.04776e-02 	 1.21664e-02 	 5.83112e-02 
2.513 	 7.38970e-02 	 1.20454e-02 	 6.18516e-02 
2.498 	 7.74921e-02 	 1.20176e-02 	 6.54745e-02 
2.483 	 8.12196e-02 	 1.20512e-02 	 6.91683e-02 
2.468 	 8.50506e-02 	 1.21267e-02 	 7.29239e-02 
2.454 	 8.89652e-02 	 1.22315e-02 	 7.67337e-02 
2.439 	 9.29486e-02 	 1.23575e-02 	 8.05911e-02 
2.425 	 9.69885e-02 	 1.24990e-02 	 8.44895e-02 
2.411 	 1.01075e-01 	 1.26521e-02 	 8.84227e-02 
2.397 	 1.05199e-01 	 1.28139e-02 	 9.23848e-02 
2.384 	 1.09352e-01 	 1.29822e-02 	 9.63697e-02 
2.370 	 1.13527e-01 	 1.31554e-02 	 1.00372e-01 
2.357 	 1.17716e-01 	 1.33320e-02 	 1.04384e-01 
2.344 	 1.21912e-01 	 1.35110e-02 	 1.08401e-01 
2.331 	 1.26107e-01 	 1.36914e-02 	 1.12415e-01 
2.318 	 1.30292e-01 	 1.38723e-02 	 1.16420e-01 
2.305 	 1.34460e-01 	 1.40530e-02 	 1.20407e-01 
2.292 	 1.38603e-01 	 1.42327e-02 	 1.24371e-01 
2.280 	 1.42713e-01 	 1.44107e-02 	 1.28302e-01 
2.268 	 1.46780e-01 	 1.45862e-02 	 1.32194e-01 
2.255 	 1.50795e-01 	 1.47587e-02 	 1.36037e-01 
2.243 	 1.54750e-01 	 1.49275e-02 	 1.39822e-01 
2.231 	 1.58634e-01 	 1.50919e-02 	 1.43542e-01 
2.220 	 1.62438e-01 	 1.52513e-02 	 1.47187e-01 
2.208 	 1.66154e-01 	 1.54051e-02 	 1.50748e-01 
2.196 	 1.69770e-01 	 1.55526e-02 	 1.54217e-01 
2.185 	 1.73277e-01 	 1.56931e-02 	 1.57584e-01 
2.173 	 1.76665e-01 	 1.58261e-02 	 1.60839e-01 
2.162 	 1.79926e-01 	 1.59510e-02 	 1.63975e-01 
2.151 	 1.83048e-01 	 1.60672e-02 	 1.66981e-01 
2.140 	 1.86024e-01 	 1.61741e-02 	 1.69850e-01 
2.129 	 1.88845e-01 	 1.62712e-02 	 1.72573e-01 
2.118 	 1.91501e-01 	 1.63580e-02 	 1.75143e-01 
2.108 	 1.93985e-01 	 1.64340e-02 	 1.77551e-01 
2.097 	 1.96291e-01 	 1.64989e-02 	 1.79792e-01 
2.087 	 1.98410e-01 	 1.65522e-02 	 1.81858e-01 
2.076 	 2.00338e-01 	 1.65936e-02 	 1.83744e-01 
2.066 	 2.02069e-01 	 1.66229e-02 	 1.85446e-01 
2.056 	 2.03598e-01 	 1.66397e-02 	 1.86959e-01 
2.046 	 2.04924e-01 	 1.66440e-02 	 1.88280e-01 
2.036 	 2.06042e-01 	 1.66357e-02 	 1.89406e-01 
2.026 	 2.06951e-01 	 1.66147e-02 	 1.90336e-01 
2.016 	 2.07651e-01 	 1.65810e-02 	 1.91070e-01 
2.007 	 2.08142e-01 	 1.65347e-02 	 1.91607e-01 
1.997 	 2.08426e-01 	 1.64759e-02 	 1.91950e-01 
1.988 	 2.08504e-01 	 1.64049e-02 	 1.92099e-01 
1.978 	 2.08379e-01 	 1.63218e-02 	 1.92057e-01 
1.969 	 2.08057e-01 	 1.62272e-02 	 1.91830e-01 
1.960 	 2.07541e-01 	 1.61212e-02 	 1.91420e-01 
1.951 	 2.06837e-01 	 1.60043e-02 	 1.90833e-01 
1.942 	 2.05952e-01 	 1.58770e-02 	 1.90075e-01 
1.933 	 2.04893e-01 	 1.57396e-02 	 1.89153e-01 
1.924 	 2.03666e-01 	 1.55927e-02 	 1.88073e-01 
1.915 	 2.02280e-01 	 1.54368e-02 	 1.86843e-01 
1.906 	 2.00743e-01 	 1.52726e-02 	 1.85470e-01 
1.898 	 1.99064e-01 	 1.51006e-02 	 1.83964e-01 
1.889 	 1.97252e-01 	 1.49213e-02 	 1.82331e-01 
1.881 	 1.95316e-01 	 1.47355e-02 	 1.80580e-01 
1.872 	 1.93265e-01 	 1.45436e-02 	 1.78721e-01 
1.864 	 1.91109e-01 	 1.43464e-02 	 1.76762e-01 
1.855 	 1.88855e-01 	 1.41442e-02 	 1.74711e-01 
1.847 	 1.86515e-01 	 1.39378e-02 	 1.72577e-01 
1.839 	 1.84096e-01 	 1.37277e-02 	 1.70368e-01 
1.831 	 1.81607e-01 	 1.35144e-02 	 1.68093e-01 
1.823 	 1.79057e-01 	 1.32985e-02 	 1.65759e-01 
1.815 	 1.76454e-01 	 1.30804e-02 	 1.63373e-01 
1.807 	 1.73805e-01 	 1.28607e-02 	 1.60944e-01 
1.800 	 1.71119e-01 	 1.26399e-02 	 1.58479e-01 
1.792 	 1.68402e-01 	 1.24183e-02 	 1.55984e-01 
1.784 	 1.65662e-01 	 1.21964e-02 	 1.53466e-01 
1.777 	 1.62905e-01 	 1.19746e-02 	 1.50930e-01 
1.769 	 1.60136e-01 	 1.17532e-02 	 1.48383e-01 
1.762 	 1.57362e-01 	 1.15326e-02 	 1.45829e-01 
1.754 	 1.54588e-01 	 1.13130e-02 	 1.43275e-01 
1.747 	 1.51818e-01 	 1.10948e-02 	 1.40723e-01 
1.740 	 1.49058e-01 	 1.08782e-02 	 1.38180e-01 
1.733 	 1.46311e-01 	 1.06635e-02 	 1.35648e-01 
1.725 	 1.43582e-01 	 1.04508e-02 	 1.33131e-01 
1.718 	 1.40873e-01 	 1.02403e-02 	 1.30632e-01 
1.711 	 1.38188e-01 	 1.00324e-02 	 1.28156e-01 
1.704 	 1.35530e-01 	 9.82694e-03 	 1.25703e-01 
1.697 	 1.32901e-01 	 9.62425e-03 	 1.23277e-01 
1.691 	 1.30304e-01 	 9.42439e-03 	 1.20879e-01 
1.684 	 1.27740e-01 	 9.22746e-03 	 1.18512e-01 
1.677 	 1.25211e-01 	 9.03354e-03 	 1.16178e-01 
1.670 	 1.22720e-01 	 8.84272e-03 	 1.13877e-01 
1.664 	 1.20266e-01 	 8.65503e-03 	 1.11611e-01 
1.657 	 1.17852e-01 	 8.47052e-03 	 1.09381e-01 
1.651 	 1.15478e-01 	 8.28924e-03 	 1.07188e-01 
1.644 	 1.13144e-01 	 8.11119e-03 	 1.05033e-01 
1.638 	 1.10852e-01 	 7.93639e-03 	 1.02916e-01 
1.631 	 1.08602e-01 	 7.76485e-03 	 1.00837e-01 
1.625 	 1.06394e-01 	 7.59657e-03 	 9.87972e-02 
1.619 	 1.04228e-01 	 7.43153e-03 	 9.67965e-02 
1.612 	 1.02105e-01 	 7.26971e-03 	 9.48349e-02 
1.606 	 1.00024e-01 	 7.11110e-03 	 9.29125e-02 
1.600 	 9.79847e-02 	 6.95567e-03 	 9.10290e-02 
1.594 	 9.59878e-02 	 6.80337e-03 	 8.91844e-02 
1.588 	 9.40325e-02 	 6.65419e-03 	 8.73783e-02 
1.582 	 9.21186e-02 	 6.50807e-03 	 8.56105e-02 
1.576 	 9.02456e-02 	 6.36498e-03 	 8.38806e-02 
1.570 	 8.84130e-02 	 6.22487e-03 	 8.21881e-02 
1.564 	 8.66204e-02 	 6.08769e-03 	 8.05327e-02 
1.558 	 8.48672e-02 	 5.95339e-03 	 7.89138e-02 
1.553 	 8.31528e-02 	 5.82193e-03 	 7.73309e-02 
1.547 	 8.14767e-02 	 5.69325e-03 	 7.57834e-02 
1.541 	 7.98381e-02 	 5.56729e-03 	 7.42709e-02 
1.536 	 7.82366e-02 	 5.44402e-03 	 7.27925e-02 
1.530 	 7.66712e-02 	 5.32336e-03 	 7.13479e-02 
1.524 	 7.51415e-02 	 5.20527e-03 	 6.99363e-02 
1.519 	 7.36467e-02 	 5.08970e-03 	 6.85571e-02 
1.513 	 7.21862e-02 	 4.97658e-03 	 6.72096e-02 
1.508 	 7.07591e-02 	 4.86586e-03 	 6.58933e-02 
1.503 	 6.93649e-02 	 4.75749e-03 	 6.46074e-02 
1.497 	 6.80028e-02 	 4.65142e-03 	 6.33514e-02 
1.492 	 6.66721e-02 	 4.54758e-03 	 6.21245e-02 
1.487 	 6.53721e-02 	 4.44594e-03 	 6.09261e-02 
1.481 	 6.41021e-02 	 4.34643e-03 	 5.97557e-02 
1.476 	 6.28615e-02 	 4.24900e-03 	 5.86125e-02 
1.471 	 6.16495e-02 	 4.15361e-03 	 5.74959e-02 
1.466 	 6.04655e-02 	 4.06020e-03 	 5.64053e-02 
1.461 	 5.93088e-02 	 3.96873e-03 	 5.53401e-02 
1.455 	 5.81788e-02 	 3.87914e-03 	 5.42997e-02 
1.450 	 5.70749e-02 	 3.79140e-03 	 5.32835e-02 
1.445 	 5.59963e-02 	 3.70545e-03 	 5.22908e-02 
1.440 	 5.49425e-02 	 3.62125e-03 	 5.13212e-02 
1.436 	 5.39128e-02 	 3.53875e-03 	 5.03741e-02 
1.431 	 5.29067e-02 	 3.45791e-03 	 4.94488e-02 
1.426 	 5.19236e-02 	 3.37869e-03 	 4.85449e-02 
1.421 	 5.09629e-02 	 3.30105e-03 	 4.76618e-02 
1.416 	 5.00240e-02 	 3.22494e-03 	 4.67990e-02 
1.411 	 4.91063e-02 	 3.15033e-03 	 4.59560e-02 
1.407 	 4.82095e-02 	 3.07718e-03 	 4.51323e-02 
1.402 	 4.73328e-02 	 3.00544e-03 	 4.43274e-02 
1.397 	 4.64759e-02 	 2.93509e-03 	 4.35408e-02 
1.393 	 4.56381e-02 	 2.86609e-03 	 4.27720e-02 
1.388 	 4.48191e-02 	 2.79839e-03 	 4.20207e-02 
1.383 	 4.40183e-02 	 2.73198e-03 	 4.12863e-02 
1.379 	 4.32352e-02 	 2.66682e-03 	 4.05684e-02 
1.374 	 4.24695e-02 	 2.60286e-03 	 3.98666e-02 
1.370 	 4.17206e-02 	 2.54009e-03 	 3.91806e-02 
1.365 	 4.09882e-02 	 2.47847e-03 	 3.85098e-02 
1.361 	 4.02718e-02 	 2.41798e-03 	 3.78539e-02 
1.356 	 3.95710e-02 	 2.35857e-03 	 3.72125e-02 
1.352 	 3.88855e-02 	 2.30023e-03 	 3.65852e-02 
1.348 	 3.82147e-02 	 2.24293e-03 	 3.59718e-02 
1.343 	 3.75584e-02 	 2.18664e-03 	 3.53718e-02 
1.339 	 3.69162e-02 	 2.13134e-03 	 3.47848e-02 
1.335 	 3.62876e-02 	 2.07699e-03 	 3.42107e-02 
1.331 	 3.56725e-02 	 2.02358e-03 	 3.36489e-02 
1.326 	 3.50704e-02 	 1.97108e-03 	 3.30993e-02 
1.322 	 3.44809e-02 	 1.91946e-03 	 3.25615e-02 
1.318 	 3.39039e-02 	 1.86872e-03 	 3.20352e-02 
1.314 	 3.33389e-02 	 1.81881e-03 	 3.15201e-02 
1.310 	 3.27857e-02 	 1.76973e-03 	 3.10159e-02 
1.306 	 3.22439e-02 	 1.72146e-03 	 3.05225e-02 
1.302 	 3.17133e-02 	 1.67396e-03 	 3.00394e-02 
1.298 	 3.11937e-02 	 1.62722e-03 	 2.95664e-02 
1.294 	 3.06846e-02 	 1.58123e-03 	 2.91034e-02 
1.290 	 3.01859e-02 	 1.53596e-03 	 2.86499e-02 
1.286 	 2.96973e-02 	 1.49140e-03 	 2.82059e-02 
1.282 	 2.92185e-02 	 1.44753e-03 	 2.77710e-02 
1.278 	 2.87494e-02 	 1.40433e-03 	 2.73451e-02 
1.274 	 2.82896e-02 	 1.36179e-03 	 2.69279e-02 
1.270 	 2.78390e-02 	 1.31988e-03 	 2.65191e-02 
1.266 	 2.73973e-02 	 1.27860e-03 	 2.61187e-02 
1.262 	 2.69643e-02 	 1.23792e-03 	 2.57264e-02 
1.259 	 2.65398e-02 	 1.19784e-03 	 2.53419e-02 
1.255 	 2.61235e-02 	 1.15834e-03 	 2.49652e-02 
1.251 	 2.57154e-02 	 1.11940e-03 	 2.45960e-02 
1.247 	 2.53151e-02 	 1.08102e-03 	 2.42341e-02 
1.244 	 2.49226e-02 	 1.04317e-03 	 2.38794e-02 
1.240 	 2.45375e-02 	 1.00585e-03 	 2.35317e-02 
1.236 	 2.41598e-02 	 9.69040e-04 	 2.31907e-02 
1.233 	 2.37892e-02 	 9.32731e-04 	 2.28565e-02 
1.229 	 2.34256e-02 	 8.96912e-04 	 2.25287e-02 
1.225 	 2.30689e-02 	 8.61570e-04 	 2.22073e-02 
1.222 	 2.27188e-02 	 8.26694e-04 	 2.18921e-02 
1.218 	 2.23752e-02 	 7.92272e-04 	 2.15829e-02 
1.215 	 2.20379e-02 	 7.58295e-04 	 2.12797e-02 
1.211 	 2.17069e-02 	 7.24753e-04 	 2.09822e-02 
1.208 	 2.13819e-02 	 6.91633e-04 	 2.06903e-02 
1.204 	 2.10629e-02 	 6.58928e-04 	 2.04040e-02 
1.201 	 2.07496e-02 	 6.26628e-04 	 2.01230e-02 
1.197 	 2.04420e-02 	 5.94722e-04 	 1.98473e-02 
1.194 	 2.01399e-02 	 5.63203e-04 	 1.95767e-02 
1.191 	 1.98432e-02 	 5.32060e-04 	 1.93112e-02 
1.187 	 1.95518e-02 	 5.01287e-04 	 1.90505e-02 
1.184 	 1.92655e-02 	 4.70873e-04 	 1.87946e-02 
1.180 	 1.89843e-02 	 4.40812e-04 	 1.85435e-02 
1.177 	 1.87080e-02 	 4.11094e-04 	 1.82969e-02 
1.174 	 1.84365e-02 	 3.81714e-04 	 1.80547e-02 
1.171 	 1.81697e-02 	 3.52662e-04 	 1.78170e-02 
1.167 	 1.79075e-02 	 3.23931e-04 	 1.75835e-02 
1.164 	 1.76498e-02 	 2.95515e-04 	 1.73542e-02 
1.161 	 1.73964e-02 	 2.67406e-04 	 1.71290e-02 
1.158 	 1.71474e-02 	 2.39598e-04 	 1.69078e-02 
1.154 	 1.69026e-02 	 2.12084e-04 	 1.66906e-02 
1.151 	 1.66620e-02 	 1.84857e-04 	 1.64771e-02 
1.148 	 1.64253e-02 	 1.57911e-04 	 1.62674e-02 
1.145 	 1.61926e-02 	 1.31240e-04 	 1.60614e-02 
1.142 	 1.59637e-02 	 1.04838e-04 	 1.58589e-02 
1.139 	 1.57386e-02 	 7.86984e-05 	 1.56599e-02 
1.136 	 1.55172e-02 	 5.28166e-05 	 1.54644e-02 
1.133 	 1.52994e-02 	 2.71864e-05 	 1.52723e-02 
1.130 	 1.50852e-02 	 1.80255e-06 	 1.50834e-02 
1.126 	 1.48744e-02 	 -2.33404e-05 	 1.48977e-02 
1.123 	 1.46670e-02 	 -4.82475e-05 	 1.47152e-02 
1.120 	 1.44629e-02 	 -7.29239e-05 	 1.45358e-02 
1.117 	 1.42620e-02 	 -9.73744e-05 	 1.43594e-02 
1.114 	 1.40643e-02 	 -1.21604e-04 	 1.41859e-02 
1.112 	 1.38698e-02 	 -1.45617e-04 	 1.40154e-02 
1.109 	 1.36782e-02 	 -1.69418e-04 	 1.38476e-02 
1.106 	 1.34897e-02 	 -1.93012e-04 	 1.36827e-02 
1.103 	 1.33041e-02 	 -2.16403e-04 	 1.35205e-02 
1.100 	 1.31213e-02 	 -2.39595e-04 	 1.33609e-02 
1.097 	 1.29413e-02 	 -2.62592e-04 	 1.32039e-02 
1.094 	 1.27641e-02 	 -2.85399e-04 	 1.30495e-02 
1.091 	 1.25896e-02 	 -3.08020e-04 	 1.28976e-02 
1.088 	 1.24177e-02 	 -3.30457e-04 	 1.27482e-02 
1.086 	 1.22484e-02 	 -3.52716e-04 	 1.26011e-02 
1.083 	 1.20817e-02 	 -3.74799e-04 	 1.24565e-02 
1.080 	 1.19174e-02 	 -3.96711e-04 	 1.23141e-02 
1.077 	 1.17555e-02 	 -4.18455e-04 	 1.21739e-02 
1.074 	 1.15960e-02 	 -4.40035e-04 	 1.20360e-02 
1.072 	 1.14389e-02 	 -4.61453e-04 	 1.19003e-02 
1.069 	 1.12840e-02 	 -4.82713e-04 	 1.17667e-02 
1.066 	 1.11314e-02 	 -5.03819e-04 	 1.16352e-02 
1.064 	 1.09810e-02 	 -5.24773e-04 	 1.15058e-02 
1.061 	 1.08327e-02 	 -5.45579e-04 	 1.13783e-02 
1.058 	 1.06866e-02 	 -5.66240e-04 	 1.12528e-02 
1.055 	 1.05425e-02 	 -5.86758e-04 	 1.11293e-02 
1.053 	 1.04005e-02 	 -6.07136e-04 	 1.10076e-02 
1.050 	 1.02604e-02 	 -6.27378e-04 	 1.08878e-02 
1.048 	 1.01224e-02 	 -6.47486e-04 	 1.07698e-02 
1.045 	 9.98619e-03 	 -6.67463e-04 	 1.06537e-02 
1.042 	 9.85191e-03 	 -6.87311e-04 	 1.05392e-02 
1.040 	 9.71948e-03 	 -7.07033e-04 	 1.04265e-02 
1.037 	 9.58886e-03 	 -7.26631e-04 	 1.03155e-02 
1.035 	 9.46002e-03 	 -7.46108e-04 	 1.02061e-02 
1.032 	 9.33292e-03 	 -7.65467e-04 	 1.00984e-02 
1.030 	 9.20753e-03 	 -7.84709e-04 	 9.99224e-03 
1.027 	 9.08382e-03 	 -8.03837e-04 	 9.88766e-03 
1.024 	 8.96176e-03 	 -8.22854e-04 	 9.78461e-03 
1.022 	 8.84132e-03 	 -8.41761e-04 	 9.68308e-03 
1.019 	 8.72247e-03 	 -8.60560e-04 	 9.58303e-03 
1.017 	 8.60517e-03 	 -8.79255e-04 	 9.48443e-03 
1.015 	 8.48941e-03 	 -8.97846e-04 	 9.38725e-03 
1.012 	 8.37515e-03 	 -9.16336e-04 	 9.29148e-03 
1.010 	 8.26236e-03 	 -9.34727e-04 	 9.19709e-03 
1.007 	 8.15102e-03 	 -9.53021e-04 	 9.10404e-03 
1.005 	 8.04110e-03 	 -9.71220e-04 	 9.01232e-03 
1.002 	 7.93258e-03 	 -9.89325e-04 	 8.92191e-03 
1.000 	 7.82544e-03 	 -1.00734e-03 	 8.83278e-03 
