Energy [eV] Ext Cross [um^2] Abs Cross [um^2] Sca Cross [um^2] 
3.500 	 3.25353e-04 	 1.95209e-04 	 1.30145e-04 
3.471 	 3.10521e-04 	 1.97146e-04 	 1.13376e-04 
3.442 	 2.97387e-04 	 1.99240e-04 	 9.81470e-05 
3.414 	 2.85843e-04 	 2.01480e-04 	 8.43633e-05 
3.387 	 2.75785e-04 	 2.03854e-04 	 7.19306e-05 
3.360 	 2.67114e-04 	 2.06353e-04 	 6.07615e-05 
3.333 	 2.59746e-04 	 2.08968e-04 	 5.07780e-05 
3.306 	 2.53602e-04 	 2.11694e-04 	 4.19079e-05 
3.281 	 2.48601e-04 	 2.14522e-04 	 3.40790e-05 
3.255 	 2.44672e-04 	 2.17446e-04 	 2.72259e-05 
3.230 	 2.41750e-04 	 2.20461e-04 	 2.12890e-05 
3.205 	 2.39777e-04 	 2.23564e-04 	 1.62124e-05 
3.181 	 2.38692e-04 	 2.26749e-04 	 1.19422e-05 
3.157 	 2.38444e-04 	 2.30015e-04 	 8.42985e-06 
3.133 	 2.38988e-04 	 2.33358e-04 	 5.62993e-06 
3.110 	 2.40276e-04 	 2.36777e-04 	 3.49917e-06 
3.087 	 2.42264e-04 	 2.40267e-04 	 1.99741e-06 
3.064 	 2.44913e-04 	 2.43825e-04 	 1.08746e-06 
3.042 	 2.48209e-04 	 2.47475e-04 	 7.34681e-07 
3.020 	 2.52075e-04 	 2.51169e-04 	 9.06301e-07 
2.999 	 2.56442e-04 	 2.54870e-04 	 1.57135e-06 
2.977 	 2.61564e-04 	 2.58859e-04 	 2.70508e-06 
2.956 	 2.67111e-04 	 2.62833e-04 	 4.27755e-06 
2.935 	 2.72285e-04 	 2.66037e-04 	 6.24802e-06 
2.915 	 2.79306e-04 	 2.70666e-04 	 8.63995e-06 
2.895 	 2.86372e-04 	 2.74936e-04 	 1.14363e-05 
2.875 	 2.93400e-04 	 2.78937e-04 	 1.44630e-05 
2.855 	 3.01316e-04 	 2.83433e-04 	 1.78825e-05 
2.836 	 3.07185e-04 	 2.85503e-04 	 2.16817e-05 
2.817 	 3.15713e-04 	 2.89999e-04 	 2.57136e-05 
2.798 	 3.25267e-04 	 2.95237e-04 	 3.00304e-05 
2.780 	 3.34224e-04 	 2.99601e-04 	 3.46232e-05 
2.761 	 3.43937e-04 	 3.04463e-04 	 3.94737e-05 
2.743 	 3.54526e-04 	 3.09951e-04 	 4.45745e-05 
2.725 	 3.64618e-04 	 3.14699e-04 	 4.99193e-05 
2.708 	 3.73957e-04 	 3.18487e-04 	 5.54707e-05 
2.690 	 3.83604e-04 	 3.22388e-04 	 6.12167e-05 
2.673 	 3.93883e-04 	 3.26725e-04 	 6.71581e-05 
2.656 	 4.04661e-04 	 3.31368e-04 	 7.32925e-05 
2.639 	 4.15844e-04 	 3.36232e-04 	 7.96115e-05 
2.623 	 4.27378e-04 	 3.41271e-04 	 8.61073e-05 
2.606 	 4.39233e-04 	 3.46460e-04 	 9.27724e-05 
2.590 	 4.51385e-04 	 3.51783e-04 	 9.96015e-05 
2.574 	 4.63819e-04 	 3.57230e-04 	 1.06589e-04 
2.559 	 4.76529e-04 	 3.62799e-04 	 1.13730e-04 
2.543 	 4.89504e-04 	 3.68486e-04 	 1.21018e-04 
2.528 	 5.02742e-04 	 3.74292e-04 	 1.28450e-04 
2.513 	 5.16239e-04 	 3.80217e-04 	 1.36022e-04 
2.498 	 5.29997e-04 	 3.86269e-04 	 1.43728e-04 
2.483 	 5.44012e-04 	 3.92445e-04 	 1.51567e-04 
2.468 	 5.58279e-04 	 3.98745e-04 	 1.59534e-04 
2.454 	 5.72803e-04 	 4.05174e-04 	 1.67629e-04 
2.439 	 5.87587e-04 	 4.11739e-04 	 1.75848e-04 
2.425 	 6.02606e-04 	 4.18418e-04 	 1.84188e-04 
2.411 	 6.17833e-04 	 4.25184e-04 	 1.92649e-04 
2.397 	 6.33295e-04 	 4.32065e-04 	 2.01231e-04 
2.384 	 6.49025e-04 	 4.39092e-04 	 2.09933e-04 
2.370 	 6.65031e-04 	 4.46276e-04 	 2.18755e-04 
2.357 	 6.81318e-04 	 4.53623e-04 	 2.27695e-04 
2.344 	 6.97893e-04 	 4.61140e-04 	 2.36753e-04 
2.331 	 7.14774e-04 	 4.68845e-04 	 2.45929e-04 
2.318 	 7.31985e-04 	 4.76764e-04 	 2.55221e-04 
2.305 	 7.49560e-04 	 4.84931e-04 	 2.64629e-04 
2.292 	 7.67502e-04 	 4.93351e-04 	 2.74152e-04 
2.280 	 7.85689e-04 	 5.01903e-04 	 2.83786e-04 
2.268 	 8.03870e-04 	 5.10334e-04 	 2.93536e-04 
2.255 	 8.22010e-04 	 5.18601e-04 	 3.03410e-04 
2.243 	 8.40351e-04 	 5.26938e-04 	 3.13414e-04 
2.231 	 8.59054e-04 	 5.35505e-04 	 3.23549e-04 
2.220 	 8.78145e-04 	 5.44331e-04 	 3.33814e-04 
2.208 	 8.97612e-04 	 5.53401e-04 	 3.44211e-04 
2.196 	 9.17441e-04 	 5.62697e-04 	 3.54744e-04 
2.185 	 9.37625e-04 	 5.72211e-04 	 3.65414e-04 
2.173 	 9.58165e-04 	 5.81939e-04 	 3.76226e-04 
2.162 	 9.79064e-04 	 5.91881e-04 	 3.87183e-04 
2.151 	 1.00033e-03 	 6.02039e-04 	 3.98291e-04 
2.140 	 1.02197e-03 	 6.12419e-04 	 4.09555e-04 
2.129 	 1.04401e-03 	 6.23027e-04 	 4.20981e-04 
2.118 	 1.06645e-03 	 6.33874e-04 	 4.32577e-04 
2.108 	 1.08932e-03 	 6.44970e-04 	 4.44351e-04 
2.097 	 1.11264e-03 	 6.56331e-04 	 4.56310e-04 
2.087 	 1.13644e-03 	 6.67976e-04 	 4.68467e-04 
2.076 	 1.16077e-03 	 6.79933e-04 	 4.80833e-04 
2.066 	 1.18566e-03 	 6.92240e-04 	 4.93422e-04 
2.056 	 1.21120e-03 	 7.04953e-04 	 5.06246e-04 
2.046 	 1.23747e-03 	 7.18153e-04 	 5.19318e-04 
2.036 	 1.26460e-03 	 7.31963e-04 	 5.32641e-04 
2.026 	 1.29278e-03 	 7.46573e-04 	 5.46202e-04 
2.016 	 1.32221e-03 	 7.62268e-04 	 5.59946e-04 
2.007 	 1.35318e-03 	 7.79465e-04 	 5.73719e-04 
1.997 	 1.38586e-03 	 7.98675e-04 	 5.87184e-04 
1.988 	 1.41996e-03 	 8.20236e-04 	 5.99722e-04 
1.978 	 1.45408e-03 	 8.43528e-04 	 6.10549e-04 
1.969 	 1.48554e-03 	 8.66092e-04 	 6.19451e-04 
1.960 	 1.51241e-03 	 8.84726e-04 	 6.27684e-04 
1.951 	 1.53587e-03 	 8.98672e-04 	 6.37195e-04 
1.942 	 1.55886e-03 	 9.10003e-04 	 6.48856e-04 
1.933 	 1.58334e-03 	 9.21005e-04 	 6.62335e-04 
1.924 	 1.60985e-03 	 9.32853e-04 	 6.76995e-04 
1.915 	 1.63824e-03 	 9.45882e-04 	 6.92363e-04 
1.906 	 1.66823e-03 	 9.60064e-04 	 7.08170e-04 
1.898 	 1.69956e-03 	 9.75274e-04 	 7.24286e-04 
1.889 	 1.73204e-03 	 9.91384e-04 	 7.40652e-04 
1.881 	 1.76554e-03 	 1.00829e-03 	 7.57247e-04 
1.872 	 1.79999e-03 	 1.02592e-03 	 7.74070e-04 
1.864 	 1.83534e-03 	 1.04421e-03 	 7.91128e-04 
1.855 	 1.87156e-03 	 1.06313e-03 	 8.08430e-04 
1.847 	 1.90865e-03 	 1.08266e-03 	 8.25990e-04 
1.839 	 1.94660e-03 	 1.10278e-03 	 8.43820e-04 
1.831 	 1.98542e-03 	 1.12348e-03 	 8.61935e-04 
1.823 	 2.02512e-03 	 1.14477e-03 	 8.80349e-04 
1.815 	 2.06572e-03 	 1.16664e-03 	 8.99073e-04 
1.807 	 2.10723e-03 	 1.18911e-03 	 9.18121e-04 
1.800 	 2.14968e-03 	 1.21217e-03 	 9.37507e-04 
1.792 	 2.19309e-03 	 1.23585e-03 	 9.57243e-04 
1.784 	 2.23749e-03 	 1.26015e-03 	 9.77342e-04 
1.777 	 2.28291e-03 	 1.28509e-03 	 9.97819e-04 
1.769 	 2.32937e-03 	 1.31068e-03 	 1.01869e-03 
1.762 	 2.37691e-03 	 1.33695e-03 	 1.03997e-03 
1.754 	 2.42557e-03 	 1.36390e-03 	 1.06166e-03 
1.747 	 2.47537e-03 	 1.39157e-03 	 1.08380e-03 
1.740 	 2.52636e-03 	 1.41997e-03 	 1.10639e-03 
1.733 	 2.57856e-03 	 1.44912e-03 	 1.12945e-03 
1.725 	 2.63203e-03 	 1.47904e-03 	 1.15299e-03 
1.718 	 2.68680e-03 	 1.50977e-03 	 1.17704e-03 
1.711 	 2.74292e-03 	 1.54132e-03 	 1.20160e-03 
1.704 	 2.80043e-03 	 1.57372e-03 	 1.22671e-03 
1.697 	 2.85938e-03 	 1.60700e-03 	 1.25238e-03 
1.691 	 2.91982e-03 	 1.64120e-03 	 1.27862e-03 
1.684 	 2.98181e-03 	 1.67635e-03 	 1.30546e-03 
1.677 	 3.04540e-03 	 1.71247e-03 	 1.33293e-03 
1.670 	 3.11064e-03 	 1.74961e-03 	 1.36103e-03 
1.664 	 3.17760e-03 	 1.78780e-03 	 1.38980e-03 
1.657 	 3.24633e-03 	 1.82706e-03 	 1.41927e-03 
1.651 	 3.31691e-03 	 1.86746e-03 	 1.44945e-03 
1.644 	 3.38938e-03 	 1.90901e-03 	 1.48037e-03 
1.638 	 3.46384e-03 	 1.95177e-03 	 1.51207e-03 
1.631 	 3.54034e-03 	 1.99577e-03 	 1.54456e-03 
1.625 	 3.61897e-03 	 2.04108e-03 	 1.57789e-03 
1.619 	 3.69980e-03 	 2.08772e-03 	 1.61208e-03 
1.612 	 3.78292e-03 	 2.13577e-03 	 1.64716e-03 
1.606 	 3.86843e-03 	 2.18526e-03 	 1.68317e-03 
1.600 	 3.95640e-03 	 2.23626e-03 	 1.72014e-03 
1.594 	 4.04695e-03 	 2.28882e-03 	 1.75813e-03 
1.588 	 4.14017e-03 	 2.34302e-03 	 1.79715e-03 
1.582 	 4.23617e-03 	 2.39890e-03 	 1.83726e-03 
1.576 	 4.33506e-03 	 2.45656e-03 	 1.87850e-03 
1.570 	 4.43697e-03 	 2.51605e-03 	 1.92092e-03 
1.564 	 4.54201e-03 	 2.57745e-03 	 1.96457e-03 
1.558 	 4.65032e-03 	 2.64084e-03 	 2.00948e-03 
1.553 	 4.76203e-03 	 2.70630e-03 	 2.05573e-03 
1.547 	 4.87729e-03 	 2.77393e-03 	 2.10336e-03 
1.541 	 4.99624e-03 	 2.84381e-03 	 2.15243e-03 
1.536 	 5.11905e-03 	 2.91605e-03 	 2.20301e-03 
1.530 	 5.24589e-03 	 2.99074e-03 	 2.25515e-03 
1.524 	 5.37692e-03 	 3.06799e-03 	 2.30893e-03 
1.519 	 5.51235e-03 	 3.14792e-03 	 2.36443e-03 
1.513 	 5.65236e-03 	 3.23066e-03 	 2.42171e-03 
1.508 	 5.79717e-03 	 3.31632e-03 	 2.48086e-03 
1.503 	 5.94700e-03 	 3.40504e-03 	 2.54196e-03 
1.497 	 6.10207e-03 	 3.49697e-03 	 2.60510e-03 
1.492 	 6.26264e-03 	 3.59226e-03 	 2.67038e-03 
1.487 	 6.42896e-03 	 3.69106e-03 	 2.73790e-03 
1.481 	 6.60131e-03 	 3.79355e-03 	 2.80776e-03 
1.476 	 6.77998e-03 	 3.89990e-03 	 2.88009e-03 
1.471 	 6.96529e-03 	 4.01031e-03 	 2.95498e-03 
1.466 	 7.15755e-03 	 4.12497e-03 	 3.03258e-03 
1.461 	 7.35713e-03 	 4.24411e-03 	 3.11302e-03 
1.455 	 7.56438e-03 	 4.36795e-03 	 3.19643e-03 
1.450 	 7.77970e-03 	 4.49672e-03 	 3.28298e-03 
1.445 	 8.00351e-03 	 4.63070e-03 	 3.37281e-03 
1.440 	 8.23626e-03 	 4.77015e-03 	 3.46610e-03 
1.436 	 8.47841e-03 	 4.91537e-03 	 3.56304e-03 
1.431 	 8.73049e-03 	 5.06667e-03 	 3.66382e-03 
1.426 	 8.99301e-03 	 5.22438e-03 	 3.76863e-03 
1.421 	 9.26658e-03 	 5.38886e-03 	 3.87772e-03 
1.416 	 9.55179e-03 	 5.56048e-03 	 3.99131e-03 
1.411 	 9.84930e-03 	 5.73966e-03 	 4.10965e-03 
1.407 	 1.01598e-02 	 5.92682e-03 	 4.23301e-03 
1.402 	 1.04841e-02 	 6.12244e-03 	 4.36168e-03 
1.397 	 1.08230e-02 	 6.32701e-03 	 4.49598e-03 
1.393 	 1.11773e-02 	 6.54107e-03 	 4.63622e-03 
1.388 	 1.15480e-02 	 6.76519e-03 	 4.78277e-03 
1.383 	 1.19360e-02 	 6.99999e-03 	 4.93600e-03 
1.379 	 1.23425e-02 	 7.24614e-03 	 5.09632e-03 
1.374 	 1.27685e-02 	 7.50434e-03 	 5.26417e-03 
1.370 	 1.32154e-02 	 7.77536e-03 	 5.44003e-03 
1.365 	 1.36845e-02 	 8.06005e-03 	 5.62440e-03 
1.361 	 1.41771e-02 	 8.35929e-03 	 5.81784e-03 
1.356 	 1.46950e-02 	 8.67405e-03 	 6.02094e-03 
1.352 	 1.52397e-02 	 9.00539e-03 	 6.23433e-03 
1.348 	 1.58132e-02 	 9.35443e-03 	 6.45872e-03 
1.343 	 1.64173e-02 	 9.72241e-03 	 6.69486e-03 
1.339 	 1.70542e-02 	 1.01107e-02 	 6.94356e-03 
1.335 	 1.77263e-02 	 1.05206e-02 	 7.20571e-03 
1.331 	 1.84361e-02 	 1.09539e-02 	 7.48226e-03 
1.326 	 1.91864e-02 	 1.14121e-02 	 7.77425e-03 
1.322 	 1.99801e-02 	 1.18973e-02 	 8.08282e-03 
1.318 	 2.08205e-02 	 1.24113e-02 	 8.40920e-03 
1.314 	 2.17112e-02 	 1.29564e-02 	 8.75473e-03 
1.310 	 2.26560e-02 	 1.35351e-02 	 9.12089e-03 
1.306 	 2.36592e-02 	 1.41500e-02 	 9.50926e-03 
1.302 	 2.47255e-02 	 1.48039e-02 	 9.92160e-03 
1.298 	 2.58599e-02 	 1.55000e-02 	 1.03598e-02 
1.294 	 2.70679e-02 	 1.62419e-02 	 1.08260e-02 
1.290 	 2.83558e-02 	 1.70333e-02 	 1.13225e-02 
1.286 	 2.97302e-02 	 1.78784e-02 	 1.18517e-02 
1.282 	 3.11984e-02 	 1.87818e-02 	 1.24165e-02 
1.278 	 3.27685e-02 	 1.97486e-02 	 1.30199e-02 
1.274 	 3.44494e-02 	 2.07842e-02 	 1.36651e-02 
1.270 	 3.62507e-02 	 2.18949e-02 	 1.43559e-02 
1.266 	 3.81834e-02 	 2.30872e-02 	 1.50962e-02 
1.262 	 4.02589e-02 	 2.43686e-02 	 1.58903e-02 
1.259 	 4.24902e-02 	 2.57470e-02 	 1.67432e-02 
1.255 	 4.48915e-02 	 2.72315e-02 	 1.76600e-02 
1.251 	 4.74781e-02 	 2.88316e-02 	 1.86465e-02 
1.247 	 5.02669e-02 	 3.05580e-02 	 1.97090e-02 
1.244 	 5.32762e-02 	 3.24221e-02 	 2.08541e-02 
1.240 	 5.65259e-02 	 3.44366e-02 	 2.20893e-02 
1.236 	 6.00372e-02 	 3.66149e-02 	 2.34224e-02 
1.233 	 6.38331e-02 	 3.89714e-02 	 2.48618e-02 
1.229 	 6.79379e-02 	 4.15214e-02 	 2.64164e-02 
1.225 	 7.23767e-02 	 4.42812e-02 	 2.80955e-02 
1.222 	 7.71755e-02 	 4.72671e-02 	 2.99085e-02 
1.218 	 8.23606e-02 	 5.04959e-02 	 3.18647e-02 
1.215 	 8.79570e-02 	 5.39837e-02 	 3.39733e-02 
1.211 	 9.39877e-02 	 5.77454e-02 	 3.62423e-02 
1.208 	 1.00472e-01 	 6.17937e-02 	 3.86782e-02 
1.204 	 1.07422e-01 	 6.61371e-02 	 4.12852e-02 
1.201 	 1.14842e-01 	 7.07787e-02 	 4.40637e-02 
1.197 	 1.22723e-01 	 7.57134e-02 	 4.70092e-02 
1.194 	 1.31036e-01 	 8.09252e-02 	 5.01103e-02 
1.191 	 1.39731e-01 	 8.63836e-02 	 5.33472e-02 
1.187 	 1.48730e-01 	 9.20408e-02 	 5.66891e-02 
1.184 	 1.57920e-01 	 9.78275e-02 	 6.00927e-02 
1.180 	 1.67151e-01 	 1.03650e-01 	 6.35003e-02 
1.177 	 1.76230e-01 	 1.09391e-01 	 6.68394e-02 
1.174 	 1.84928e-01 	 1.14905e-01 	 7.00233e-02 
1.171 	 1.92983e-01 	 1.20030e-01 	 7.29535e-02 
1.167 	 2.00114e-01 	 1.24589e-01 	 7.55252e-02 
1.164 	 2.06038e-01 	 1.28404e-01 	 7.76342e-02 
1.161 	 2.10500e-01 	 1.31314e-01 	 7.91859e-02 
1.158 	 2.13290e-01 	 1.33185e-01 	 8.01051e-02 
1.154 	 2.14275e-01 	 1.33930e-01 	 8.03443e-02 
1.151 	 2.13408e-01 	 1.33518e-01 	 7.98898e-02 
1.148 	 2.10739e-01 	 1.31976e-01 	 7.87632e-02 
1.145 	 2.06405e-01 	 1.29386e-01 	 7.70191e-02 
1.142 	 2.00615e-01 	 1.25877e-01 	 7.47382e-02 
1.139 	 1.93625e-01 	 1.21607e-01 	 7.20186e-02 
1.136 	 1.85716e-01 	 1.16750e-01 	 6.89663e-02 
1.133 	 1.77165e-01 	 1.11479e-01 	 6.56859e-02 
1.130 	 1.68231e-01 	 1.05956e-01 	 6.22745e-02 
1.126 	 1.59141e-01 	 1.00325e-01 	 5.88164e-02 
1.123 	 1.50083e-01 	 9.47021e-02 	 5.53812e-02 
1.120 	 1.41207e-01 	 8.91829e-02 	 5.20237e-02 
1.117 	 1.32622e-01 	 8.38374e-02 	 4.87842e-02 
1.114 	 1.24406e-01 	 7.87156e-02 	 4.56907e-02 
1.112 	 1.16611e-01 	 7.38498e-02 	 4.27610e-02 
1.109 	 1.09262e-01 	 6.92581e-02 	 4.00041e-02 
1.106 	 1.02371e-01 	 6.49480e-02 	 3.74232e-02 
1.103 	 9.59350e-02 	 6.09186e-02 	 3.50164e-02 
1.100 	 8.99416e-02 	 5.71632e-02 	 3.27785e-02 
1.097 	 8.43732e-02 	 5.36710e-02 	 3.07022e-02 
1.094 	 7.92077e-02 	 5.04290e-02 	 2.87787e-02 
1.091 	 7.44209e-02 	 4.74224e-02 	 2.69986e-02 
1.088 	 6.99878e-02 	 4.46358e-02 	 2.53521e-02 
1.086 	 6.58832e-02 	 4.20538e-02 	 2.38294e-02 
1.083 	 6.20826e-02 	 3.96613e-02 	 2.24212e-02 
1.080 	 5.85625e-02 	 3.74439e-02 	 2.11185e-02 
1.077 	 5.53006e-02 	 3.53879e-02 	 1.99128e-02 
1.074 	 5.22763e-02 	 3.34802e-02 	 1.87961e-02 
1.072 	 4.94700e-02 	 3.17090e-02 	 1.77610e-02 
1.069 	 4.68640e-02 	 3.00631e-02 	 1.68009e-02 
1.066 	 4.44417e-02 	 2.85323e-02 	 1.59094e-02 
1.064 	 4.21881e-02 	 2.71071e-02 	 1.50809e-02 
1.061 	 4.00893e-02 	 2.57791e-02 	 1.43102e-02 
1.058 	 3.81326e-02 	 2.45403e-02 	 1.35924e-02 
1.055 	 3.63067e-02 	 2.33835e-02 	 1.29232e-02 
1.053 	 3.46008e-02 	 2.23022e-02 	 1.22987e-02 
1.050 	 3.30056e-02 	 2.12903e-02 	 1.17153e-02 
1.048 	 3.15121e-02 	 2.03425e-02 	 1.11696e-02 
1.045 	 3.01125e-02 	 1.94537e-02 	 1.06588e-02 
1.042 	 2.87995e-02 	 1.86194e-02 	 1.01801e-02 
1.040 	 2.75664e-02 	 1.78355e-02 	 9.73095e-03 
1.037 	 2.64073e-02 	 1.70981e-02 	 9.30918e-03 
1.035 	 2.53166e-02 	 1.64039e-02 	 8.91269e-03 
1.032 	 2.42892e-02 	 1.57496e-02 	 8.53961e-03 
1.030 	 2.33206e-02 	 1.51324e-02 	 8.18822e-03 
1.027 	 2.24066e-02 	 1.45496e-02 	 7.85694e-03 
1.024 	 2.15432e-02 	 1.39989e-02 	 7.54433e-03 
1.022 	 2.07270e-02 	 1.34779e-02 	 7.24908e-03 
1.019 	 1.99546e-02 	 1.29846e-02 	 6.96998e-03 
1.017 	 1.92231e-02 	 1.25172e-02 	 6.70590e-03 
1.015 	 1.85297e-02 	 1.20739e-02 	 6.45585e-03 
1.012 	 1.78720e-02 	 1.16531e-02 	 6.21886e-03 
1.010 	 1.72475e-02 	 1.12534e-02 	 5.99409e-03 
1.007 	 1.66541e-02 	 1.08734e-02 	 5.78072e-03 
1.005 	 1.60899e-02 	 1.05119e-02 	 5.57804e-03 
1.002 	 1.55530e-02 	 1.01676e-02 	 5.38536e-03 
1.000 	 1.50416e-02 	 9.83958e-03 	 5.20204e-03 
