Energy [eV] Ext Cross [um^2] Abs Cross [um^2] Sca Cross [um^2] 
3.500 	 5.24133e-05 	 4.31720e-05 	 9.24125e-06 
3.471 	 5.26210e-05 	 4.44451e-05 	 8.17585e-06 
3.442 	 5.29617e-05 	 4.57721e-05 	 7.18956e-06 
3.414 	 5.34346e-05 	 4.71555e-05 	 6.27904e-06 
3.387 	 5.40388e-05 	 4.85978e-05 	 5.44092e-06 
3.360 	 5.47740e-05 	 5.01018e-05 	 4.67212e-06 
3.333 	 5.56407e-05 	 5.16707e-05 	 3.97007e-06 
3.306 	 5.66400e-05 	 5.33075e-05 	 3.33245e-06 
3.281 	 5.77726e-05 	 5.50157e-05 	 2.75684e-06 
3.255 	 5.90401e-05 	 5.67989e-05 	 2.24119e-06 
3.230 	 6.04447e-05 	 5.86610e-05 	 1.78377e-06 
3.205 	 6.19892e-05 	 6.06062e-05 	 1.38302e-06 
3.181 	 6.36764e-05 	 6.26390e-05 	 1.03746e-06 
3.157 	 6.55101e-05 	 6.47642e-05 	 7.45915e-07 
3.133 	 6.74945e-05 	 6.69871e-05 	 5.07440e-07 
3.110 	 6.96345e-05 	 6.93134e-05 	 3.21174e-07 
3.087 	 7.19346e-05 	 7.17482e-05 	 1.86469e-07 
3.064 	 7.44004e-05 	 7.42975e-05 	 1.02898e-07 
3.042 	 7.70460e-05 	 7.69757e-05 	 7.02304e-08 
3.020 	 7.98646e-05 	 7.97763e-05 	 8.83859e-08 
2.999 	 8.28522e-05 	 8.26947e-05 	 1.57444e-07 
2.977 	 8.61110e-05 	 8.58329e-05 	 2.78125e-07 
2.956 	 8.95539e-05 	 8.91032e-05 	 4.50630e-07 
2.935 	 9.29251e-05 	 9.22512e-05 	 6.73909e-07 
2.915 	 9.70195e-05 	 9.60653e-05 	 9.54213e-07 
2.895 	 1.01275e-04 	 9.99811e-05 	 1.29372e-06 
2.875 	 1.05614e-04 	 1.03939e-04 	 1.67467e-06 
2.855 	 1.10486e-04 	 1.08365e-04 	 2.12117e-06 
2.836 	 1.14785e-04 	 1.12148e-04 	 2.63711e-06 
2.817 	 1.20194e-04 	 1.16987e-04 	 3.20715e-06 
2.798 	 1.26175e-04 	 1.22332e-04 	 3.84316e-06 
2.780 	 1.32092e-04 	 1.27543e-04 	 4.54926e-06 
2.761 	 1.38478e-04 	 1.33150e-04 	 5.32781e-06 
2.743 	 1.45528e-04 	 1.39346e-04 	 6.18215e-06 
2.725 	 1.53187e-04 	 1.46069e-04 	 7.11751e-06 
2.708 	 1.61486e-04 	 1.53348e-04 	 8.13895e-06 
2.690 	 1.70109e-04 	 1.60857e-04 	 9.25253e-06 
2.673 	 1.78554e-04 	 1.68090e-04 	 1.04644e-05 
2.656 	 1.87385e-04 	 1.75602e-04 	 1.17823e-05 
2.639 	 1.97145e-04 	 1.83931e-04 	 1.32138e-05 
2.623 	 2.07887e-04 	 1.93119e-04 	 1.47680e-05 
2.606 	 2.19639e-04 	 2.03184e-04 	 1.64553e-05 
2.590 	 2.32453e-04 	 2.14165e-04 	 1.82879e-05 
2.574 	 2.46583e-04 	 2.26303e-04 	 2.02801e-05 
2.559 	 2.62388e-04 	 2.39952e-04 	 2.24358e-05 
2.543 	 2.79555e-04 	 2.54812e-04 	 2.47431e-05 
2.528 	 2.96853e-04 	 2.69632e-04 	 2.72205e-05 
2.513 	 3.14656e-04 	 2.84702e-04 	 2.99537e-05 
2.498 	 3.34825e-04 	 3.01835e-04 	 3.29905e-05 
2.483 	 3.58448e-04 	 3.22105e-04 	 3.63427e-05 
2.468 	 3.86448e-04 	 3.46418e-04 	 4.00300e-05 
2.454 	 4.20329e-04 	 3.76256e-04 	 4.40725e-05 
2.439 	 4.62255e-04 	 4.13805e-04 	 4.84501e-05 
2.425 	 5.13188e-04 	 4.60178e-04 	 5.30101e-05 
2.411 	 5.65402e-04 	 5.07982e-04 	 5.74197e-05 
2.397 	 5.99600e-04 	 5.37902e-04 	 6.16979e-05 
2.384 	 6.14772e-04 	 5.48066e-04 	 6.67061e-05 
2.370 	 6.31195e-04 	 5.58240e-04 	 7.29557e-05 
2.357 	 6.58679e-04 	 5.78350e-04 	 8.03291e-05 
2.344 	 6.97284e-04 	 6.08576e-04 	 8.87075e-05 
2.331 	 7.45567e-04 	 6.47455e-04 	 9.81118e-05 
2.318 	 8.02816e-04 	 6.94162e-04 	 1.08653e-04 
2.305 	 8.69116e-04 	 7.48616e-04 	 1.20500e-04 
2.292 	 9.45160e-04 	 8.11292e-04 	 1.33868e-04 
2.280 	 1.03212e-03 	 8.83101e-04 	 1.49024e-04 
2.268 	 1.13165e-03 	 9.65354e-04 	 1.66293e-04 
2.255 	 1.24585e-03 	 1.05977e-03 	 1.86074e-04 
2.243 	 1.37742e-03 	 1.16856e-03 	 2.08862e-04 
2.231 	 1.52979e-03 	 1.29452e-03 	 2.35274e-04 
2.220 	 1.70731e-03 	 1.44121e-03 	 2.66092e-04 
2.208 	 1.91552e-03 	 1.61321e-03 	 3.02313e-04 
2.196 	 2.16157e-03 	 1.81636e-03 	 3.45218e-04 
2.185 	 2.45476e-03 	 2.05829e-03 	 3.96470e-04 
2.173 	 2.80726e-03 	 2.34900e-03 	 4.58259e-04 
2.162 	 3.23531e-03 	 2.70181e-03 	 5.33500e-04 
2.151 	 3.76072e-03 	 3.13459e-03 	 6.26124e-04 
2.140 	 4.41317e-03 	 3.67168e-03 	 7.41491e-04 
2.129 	 5.23346e-03 	 4.34647e-03 	 8.86984e-04 
2.118 	 6.27803e-03 	 5.20518e-03 	 1.07285e-03 
2.108 	 7.62509e-03 	 6.31175e-03 	 1.31334e-03 
2.097 	 9.38167e-03 	 7.75364e-03 	 1.62803e-03 
2.087 	 1.16886e-02 	 9.64575e-03 	 2.04287e-03 
2.076 	 1.47126e-02 	 1.21237e-02 	 2.58889e-03 
2.066 	 1.85956e-02 	 1.53022e-02 	 3.29336e-03 
2.056 	 2.33016e-02 	 1.91493e-02 	 4.15228e-03 
2.046 	 2.83049e-02 	 2.32314e-02 	 5.07345e-03 
2.036 	 3.22961e-02 	 2.64749e-02 	 5.82116e-03 
2.026 	 3.35974e-02 	 2.75095e-02 	 6.08786e-03 
2.016 	 3.15648e-02 	 2.58164e-02 	 5.74841e-03 
2.007 	 2.72742e-02 	 2.22833e-02 	 4.99085e-03 
1.997 	 2.23868e-02 	 1.82716e-02 	 4.11518e-03 
1.988 	 1.79697e-02 	 1.46521e-02 	 3.31752e-03 
1.978 	 1.43759e-02 	 1.17109e-02 	 2.66493e-03 
1.969 	 1.15792e-02 	 9.42435e-03 	 2.15485e-03 
1.960 	 9.43305e-03 	 7.67113e-03 	 1.76192e-03 
1.951 	 7.78405e-03 	 6.32506e-03 	 1.45899e-03 
1.942 	 6.50626e-03 	 5.28275e-03 	 1.22350e-03 
1.933 	 5.50459e-03 	 4.46623e-03 	 1.03836e-03 
1.924 	 4.70944e-03 	 3.81845e-03 	 8.90981e-04 
1.915 	 4.07027e-03 	 3.29808e-03 	 7.72192e-04 
1.906 	 3.55030e-03 	 2.87500e-03 	 6.75302e-04 
1.898 	 3.12251e-03 	 2.52712e-03 	 5.95387e-04 
1.889 	 2.76686e-03 	 2.23808e-03 	 5.28785e-04 
1.881 	 2.46833e-03 	 1.99559e-03 	 4.72744e-04 
1.872 	 2.21551e-03 	 1.79034e-03 	 4.25173e-04 
1.864 	 1.99965e-03 	 1.61518e-03 	 3.84464e-04 
1.855 	 1.81395e-03 	 1.46459e-03 	 3.49367e-04 
1.847 	 1.65311e-03 	 1.33421e-03 	 3.18901e-04 
1.839 	 1.51291e-03 	 1.22062e-03 	 2.92287e-04 
1.831 	 1.38998e-03 	 1.12107e-03 	 2.68905e-04 
1.823 	 1.28161e-03 	 1.03336e-03 	 2.48250e-04 
1.815 	 1.18559e-03 	 9.55681e-04 	 2.29913e-04 
1.807 	 1.10013e-03 	 8.86571e-04 	 2.13560e-04 
1.800 	 1.02373e-03 	 8.24817e-04 	 1.98913e-04 
1.792 	 9.55154e-04 	 7.69412e-04 	 1.85742e-04 
1.784 	 8.93370e-04 	 7.19517e-04 	 1.73853e-04 
1.777 	 8.37507e-04 	 6.74422e-04 	 1.63085e-04 
1.769 	 7.86829e-04 	 6.33530e-04 	 1.53299e-04 
1.762 	 7.40711e-04 	 5.96333e-04 	 1.44378e-04 
1.754 	 6.98619e-04 	 5.62396e-04 	 1.36223e-04 
1.747 	 6.60096e-04 	 5.31349e-04 	 1.28748e-04 
1.740 	 6.24747e-04 	 5.02870e-04 	 1.21877e-04 
1.733 	 5.92231e-04 	 4.76683e-04 	 1.15548e-04 
1.725 	 5.62252e-04 	 4.52548e-04 	 1.09704e-04 
1.718 	 5.34549e-04 	 4.30253e-04 	 1.04295e-04 
1.711 	 5.08897e-04 	 4.09616e-04 	 9.92806e-05 
1.704 	 4.85096e-04 	 3.90475e-04 	 9.46213e-05 
1.697 	 4.62971e-04 	 3.72687e-04 	 9.02843e-05 
1.691 	 4.42368e-04 	 3.56127e-04 	 8.62403e-05 
1.684 	 4.23147e-04 	 3.40684e-04 	 8.24631e-05 
1.677 	 4.05188e-04 	 3.26258e-04 	 7.89294e-05 
1.670 	 3.88380e-04 	 3.12762e-04 	 7.56185e-05 
1.664 	 3.72627e-04 	 3.00115e-04 	 7.25118e-05 
1.657 	 3.57840e-04 	 2.88248e-04 	 6.95925e-05 
1.651 	 3.43942e-04 	 2.77096e-04 	 6.68458e-05 
1.644 	 3.30861e-04 	 2.66603e-04 	 6.42581e-05 
1.638 	 3.18535e-04 	 2.56718e-04 	 6.18172e-05 
1.631 	 3.06905e-04 	 2.47393e-04 	 5.95120e-05 
1.625 	 2.95919e-04 	 2.38587e-04 	 5.73327e-05 
1.619 	 2.85531e-04 	 2.30261e-04 	 5.52700e-05 
1.612 	 2.75697e-04 	 2.22381e-04 	 5.33157e-05 
1.606 	 2.66377e-04 	 2.14914e-04 	 5.14623e-05 
1.600 	 2.57536e-04 	 2.07833e-04 	 4.97028e-05 
1.594 	 2.49141e-04 	 2.01110e-04 	 4.80309e-05 
1.588 	 2.41162e-04 	 1.94721e-04 	 4.64407e-05 
1.582 	 2.33572e-04 	 1.88645e-04 	 4.49271e-05 
1.576 	 2.26345e-04 	 1.82860e-04 	 4.34851e-05 
1.570 	 2.19458e-04 	 1.77348e-04 	 4.21102e-05 
1.564 	 2.12890e-04 	 1.72092e-04 	 4.07983e-05 
1.558 	 2.06621e-04 	 1.67076e-04 	 3.95455e-05 
1.553 	 2.00634e-04 	 1.62285e-04 	 3.83483e-05 
1.547 	 1.94910e-04 	 1.57707e-04 	 3.72035e-05 
1.541 	 1.89435e-04 	 1.53327e-04 	 3.61079e-05 
1.536 	 1.84194e-04 	 1.49135e-04 	 3.50589e-05 
1.530 	 1.79174e-04 	 1.45120e-04 	 3.40537e-05 
1.524 	 1.74362e-04 	 1.41272e-04 	 3.30900e-05 
1.519 	 1.69747e-04 	 1.37581e-04 	 3.21654e-05 
1.513 	 1.65318e-04 	 1.34040e-04 	 3.12779e-05 
1.508 	 1.61064e-04 	 1.30639e-04 	 3.04255e-05 
1.503 	 1.56978e-04 	 1.27371e-04 	 2.96064e-05 
1.497 	 1.53049e-04 	 1.24230e-04 	 2.88188e-05 
1.492 	 1.49269e-04 	 1.21208e-04 	 2.80611e-05 
1.487 	 1.45632e-04 	 1.18300e-04 	 2.73319e-05 
1.481 	 1.42129e-04 	 1.15500e-04 	 2.66296e-05 
1.476 	 1.38755e-04 	 1.12802e-04 	 2.59531e-05 
1.471 	 1.35502e-04 	 1.10201e-04 	 2.53010e-05 
1.466 	 1.32365e-04 	 1.07693e-04 	 2.46722e-05 
1.461 	 1.29338e-04 	 1.05273e-04 	 2.40656e-05 
1.455 	 1.26417e-04 	 1.02937e-04 	 2.34801e-05 
1.450 	 1.23595e-04 	 1.00681e-04 	 2.29148e-05 
1.445 	 1.20869e-04 	 9.85007e-05 	 2.23688e-05 
1.440 	 1.18235e-04 	 9.63938e-05 	 2.18411e-05 
1.436 	 1.15687e-04 	 9.43564e-05 	 2.13310e-05 
1.431 	 1.13223e-04 	 9.23853e-05 	 2.08378e-05 
1.426 	 1.10838e-04 	 9.04777e-05 	 2.03606e-05 
1.421 	 1.08530e-04 	 8.86308e-05 	 1.98988e-05 
1.416 	 1.06294e-04 	 8.68419e-05 	 1.94517e-05 
1.411 	 1.04127e-04 	 8.51085e-05 	 1.90187e-05 
1.407 	 1.02028e-04 	 8.34283e-05 	 1.85993e-05 
1.402 	 9.99919e-05 	 8.17991e-05 	 1.81928e-05 
1.397 	 9.80175e-05 	 8.02187e-05 	 1.77988e-05 
1.393 	 9.61020e-05 	 7.86853e-05 	 1.74167e-05 
1.388 	 9.42429e-05 	 7.71968e-05 	 1.70461e-05 
1.383 	 9.24380e-05 	 7.57514e-05 	 1.66865e-05 
1.379 	 9.06851e-05 	 7.43476e-05 	 1.63375e-05 
1.374 	 8.89823e-05 	 7.29836e-05 	 1.59987e-05 
1.370 	 8.73276e-05 	 7.16580e-05 	 1.56696e-05 
1.365 	 8.57192e-05 	 7.03692e-05 	 1.53500e-05 
1.361 	 8.41553e-05 	 6.91158e-05 	 1.50395e-05 
1.356 	 8.26342e-05 	 6.78965e-05 	 1.47376e-05 
1.352 	 8.11543e-05 	 6.67101e-05 	 1.44442e-05 
1.348 	 7.97141e-05 	 6.55552e-05 	 1.41589e-05 
1.343 	 7.83122e-05 	 6.44308e-05 	 1.38814e-05 
1.339 	 7.69472e-05 	 6.33357e-05 	 1.36114e-05 
1.335 	 7.56177e-05 	 6.22689e-05 	 1.33487e-05 
1.331 	 7.43224e-05 	 6.12294e-05 	 1.30930e-05 
1.326 	 7.30603e-05 	 6.02162e-05 	 1.28441e-05 
1.322 	 7.18301e-05 	 5.92284e-05 	 1.26017e-05 
1.318 	 7.06308e-05 	 5.82652e-05 	 1.23656e-05 
1.314 	 6.94612e-05 	 5.73256e-05 	 1.21356e-05 
1.310 	 6.83204e-05 	 5.64090e-05 	 1.19115e-05 
1.306 	 6.72075e-05 	 5.55144e-05 	 1.16931e-05 
1.302 	 6.61214e-05 	 5.46412e-05 	 1.14801e-05 
1.298 	 6.50613e-05 	 5.37888e-05 	 1.12726e-05 
1.294 	 6.40264e-05 	 5.29563e-05 	 1.10701e-05 
1.290 	 6.30158e-05 	 5.21431e-05 	 1.08727e-05 
1.286 	 6.20287e-05 	 5.13487e-05 	 1.06800e-05 
1.282 	 6.10644e-05 	 5.05724e-05 	 1.04921e-05 
1.278 	 6.01223e-05 	 4.98136e-05 	 1.03087e-05 
1.274 	 5.92014e-05 	 4.90718e-05 	 1.01296e-05 
1.270 	 5.83013e-05 	 4.83465e-05 	 9.95484e-06 
1.266 	 5.74213e-05 	 4.76371e-05 	 9.78416e-06 
1.262 	 5.65607e-05 	 4.69433e-05 	 9.61748e-06 
1.259 	 5.57190e-05 	 4.62644e-05 	 9.45467e-06 
1.255 	 5.48956e-05 	 4.56000e-05 	 9.29562e-06 
1.251 	 5.40900e-05 	 4.49498e-05 	 9.14021e-06 
1.247 	 5.33015e-05 	 4.43132e-05 	 8.98834e-06 
1.244 	 5.25298e-05 	 4.36899e-05 	 8.83990e-06 
1.240 	 5.17744e-05 	 4.30796e-05 	 8.69479e-06 
1.236 	 5.10347e-05 	 4.24818e-05 	 8.55291e-06 
1.233 	 5.03103e-05 	 4.18961e-05 	 8.41418e-06 
1.229 	 4.96007e-05 	 4.13222e-05 	 8.27850e-06 
1.225 	 4.89057e-05 	 4.07599e-05 	 8.14579e-06 
1.222 	 4.82246e-05 	 4.02087e-05 	 8.01596e-06 
1.218 	 4.75573e-05 	 3.96683e-05 	 7.88893e-06 
1.215 	 4.69032e-05 	 3.91385e-05 	 7.76463e-06 
1.211 	 4.62620e-05 	 3.86190e-05 	 7.64297e-06 
1.208 	 4.56333e-05 	 3.81094e-05 	 7.52389e-06 
1.204 	 4.50169e-05 	 3.76096e-05 	 7.40732e-06 
1.201 	 4.44123e-05 	 3.71192e-05 	 7.29318e-06 
1.197 	 4.38193e-05 	 3.66379e-05 	 7.18142e-06 
1.194 	 4.32376e-05 	 3.61656e-05 	 7.07197e-06 
1.191 	 4.26668e-05 	 3.57021e-05 	 6.96476e-06 
1.187 	 4.21067e-05 	 3.52470e-05 	 6.85975e-06 
1.184 	 4.15570e-05 	 3.48002e-05 	 6.75687e-06 
1.180 	 4.10175e-05 	 3.43614e-05 	 6.65606e-06 
1.177 	 4.04877e-05 	 3.39305e-05 	 6.55728e-06 
1.174 	 3.99677e-05 	 3.35072e-05 	 6.46046e-06 
1.171 	 3.94569e-05 	 3.30914e-05 	 6.36557e-06 
1.167 	 3.89553e-05 	 3.26828e-05 	 6.27255e-06 
1.164 	 3.84627e-05 	 3.22813e-05 	 6.18135e-06 
1.161 	 3.79787e-05 	 3.18867e-05 	 6.09194e-06 
1.158 	 3.75031e-05 	 3.14989e-05 	 6.00425e-06 
1.154 	 3.70359e-05 	 3.11176e-05 	 5.91826e-06 
1.151 	 3.65767e-05 	 3.07428e-05 	 5.83392e-06 
1.148 	 3.61254e-05 	 3.03742e-05 	 5.75119e-06 
1.145 	 3.56817e-05 	 3.00117e-05 	 5.67003e-06 
1.142 	 3.52455e-05 	 2.96551e-05 	 5.59040e-06 
1.139 	 3.48167e-05 	 2.93044e-05 	 5.51226e-06 
1.136 	 3.43950e-05 	 2.89594e-05 	 5.43558e-06 
1.133 	 3.39802e-05 	 2.86199e-05 	 5.36033e-06 
1.130 	 3.35723e-05 	 2.82858e-05 	 5.28647e-06 
1.126 	 3.31710e-05 	 2.79571e-05 	 5.21397e-06 
1.123 	 3.27763e-05 	 2.76335e-05 	 5.14280e-06 
1.120 	 3.23878e-05 	 2.73149e-05 	 5.07292e-06 
1.117 	 3.20056e-05 	 2.70013e-05 	 5.00431e-06 
1.114 	 3.16294e-05 	 2.66925e-05 	 4.93693e-06 
1.112 	 3.12592e-05 	 2.63884e-05 	 4.87076e-06 
1.109 	 3.08947e-05 	 2.60890e-05 	 4.80577e-06 
1.106 	 3.05360e-05 	 2.57940e-05 	 4.74194e-06 
1.103 	 3.01827e-05 	 2.55035e-05 	 4.67923e-06 
1.100 	 2.98349e-05 	 2.52173e-05 	 4.61763e-06 
1.097 	 2.94924e-05 	 2.49353e-05 	 4.55710e-06 
1.094 	 2.91551e-05 	 2.46575e-05 	 4.49763e-06 
1.091 	 2.88228e-05 	 2.43836e-05 	 4.43919e-06 
1.088 	 2.84955e-05 	 2.41138e-05 	 4.38176e-06 
1.086 	 2.81731e-05 	 2.38478e-05 	 4.32531e-06 
1.083 	 2.78554e-05 	 2.35856e-05 	 4.26983e-06 
1.080 	 2.75424e-05 	 2.33271e-05 	 4.21530e-06 
1.077 	 2.72339e-05 	 2.30723e-05 	 4.16168e-06 
1.074 	 2.69299e-05 	 2.28210e-05 	 4.10897e-06 
1.072 	 2.66303e-05 	 2.25731e-05 	 4.05715e-06 
1.069 	 2.63349e-05 	 2.23287e-05 	 4.00619e-06 
1.066 	 2.60437e-05 	 2.20876e-05 	 3.95608e-06 
1.064 	 2.57566e-05 	 2.18498e-05 	 3.90679e-06 
1.061 	 2.54735e-05 	 2.16152e-05 	 3.85832e-06 
1.058 	 2.51944e-05 	 2.13837e-05 	 3.81065e-06 
1.055 	 2.49191e-05 	 2.11554e-05 	 3.76375e-06 
1.053 	 2.46476e-05 	 2.09300e-05 	 3.71762e-06 
1.050 	 2.43798e-05 	 2.07075e-05 	 3.67223e-06 
1.048 	 2.41156e-05 	 2.04880e-05 	 3.62758e-06 
1.045 	 2.38550e-05 	 2.02713e-05 	 3.58364e-06 
1.042 	 2.35978e-05 	 2.00574e-05 	 3.54041e-06 
1.040 	 2.33441e-05 	 1.98462e-05 	 3.49786e-06 
1.037 	 2.30937e-05 	 1.96378e-05 	 3.45599e-06 
1.035 	 2.28467e-05 	 1.94319e-05 	 3.41478e-06 
1.032 	 2.26028e-05 	 1.92286e-05 	 3.37422e-06 
1.030 	 2.23621e-05 	 1.90278e-05 	 3.33429e-06 
1.027 	 2.21245e-05 	 1.88295e-05 	 3.29498e-06 
1.024 	 2.18900e-05 	 1.86337e-05 	 3.25629e-06 
1.022 	 2.16584e-05 	 1.84402e-05 	 3.21819e-06 
1.019 	 2.14298e-05 	 1.82491e-05 	 3.18068e-06 
1.017 	 2.12040e-05 	 1.80603e-05 	 3.14375e-06 
1.015 	 2.09811e-05 	 1.78737e-05 	 3.10738e-06 
1.012 	 2.07610e-05 	 1.76894e-05 	 3.07157e-06 
1.010 	 2.05435e-05 	 1.75072e-05 	 3.03629e-06 
1.007 	 2.03287e-05 	 1.73272e-05 	 3.00155e-06 
1.005 	 2.01166e-05 	 1.71492e-05 	 2.96734e-06 
1.002 	 1.99070e-05 	 1.69733e-05 	 2.93363e-06 
1.000 	 1.96999e-05 	 1.67995e-05 	 2.90043e-06 
