Energy [eV] Ext Cross [um^2] Abs Cross [um^2] Sca Cross [um^2] 
3.500 	 1.05022e-02 	 1.21130e-03 	 9.29091e-03 
3.438 	 9.51496e-03 	 1.33053e-03 	 8.18443e-03 
3.379 	 8.63267e-03 	 1.44122e-03 	 7.19144e-03 
3.321 	 7.84650e-03 	 1.54569e-03 	 6.30081e-03 
3.266 	 7.14892e-03 	 1.64648e-03 	 5.50244e-03 
3.212 	 6.53295e-03 	 1.74541e-03 	 4.78755e-03 
3.160 	 5.99276e-03 	 1.84447e-03 	 4.14829e-03 
3.110 	 5.52254e-03 	 1.94515e-03 	 3.57739e-03 
3.061 	 5.11733e-03 	 2.04883e-03 	 3.06850e-03 
3.013 	 4.77306e-03 	 2.15713e-03 	 2.61593e-03 
2.968 	 4.48585e-03 	 2.27143e-03 	 2.21441e-03 
2.923 	 4.25224e-03 	 2.39286e-03 	 1.85937e-03 
2.880 	 4.06986e-03 	 2.52301e-03 	 1.54685e-03 
2.838 	 3.93648e-03 	 2.66328e-03 	 1.27320e-03 
2.797 	 3.85051e-03 	 2.81511e-03 	 1.03540e-03 
2.758 	 3.81106e-03 	 2.98027e-03 	 8.30791e-04 
2.719 	 3.81792e-03 	 3.16071e-03 	 6.57212e-04 
2.682 	 3.87119e-03 	 3.35832e-03 	 5.12870e-04 
2.646 	 3.97210e-03 	 3.57570e-03 	 3.96406e-04 
2.610 	 4.12234e-03 	 3.81547e-03 	 3.06870e-04 
2.576 	 4.32467e-03 	 4.08093e-03 	 2.43737e-04 
2.542 	 4.58261e-03 	 4.37571e-03 	 2.06894e-04 
2.510 	 4.90084e-03 	 4.70414e-03 	 1.96700e-04 
2.478 	 5.28560e-03 	 5.07156e-03 	 2.14033e-04 
2.447 	 5.74429e-03 	 5.48402e-03 	 2.60267e-04 
2.416 	 6.28547e-03 	 5.94818e-03 	 3.37282e-04 
2.387 	 6.91873e-03 	 6.47127e-03 	 4.47464e-04 
2.358 	 7.65449e-03 	 7.06081e-03 	 5.93671e-04 
2.330 	 8.50183e-03 	 7.72267e-03 	 7.79161e-04 
2.302 	 9.47087e-03 	 8.46262e-03 	 1.00824e-03 
2.275 	 1.05748e-02 	 9.28792e-03 	 1.28692e-03 
2.249 	 1.18337e-02 	 1.02100e-02 	 1.62366e-03 
2.224 	 1.32784e-02 	 1.12486e-02 	 2.02984e-03 
2.199 	 1.49502e-02 	 1.24311e-02 	 2.51918e-03 
2.174 	 1.68970e-02 	 1.37898e-02 	 3.10721e-03 
2.150 	 1.91685e-02 	 1.53572e-02 	 3.81130e-03 
2.127 	 2.18146e-02 	 1.71639e-02 	 4.65064e-03 
2.104 	 2.48831e-02 	 1.92374e-02 	 5.64570e-03 
2.081 	 2.84158e-02 	 2.15990e-02 	 6.81678e-03 
2.059 	 3.24395e-02 	 2.42584e-02 	 8.18106e-03 
2.038 	 3.69486e-02 	 2.72016e-02 	 9.74701e-03 
2.017 	 4.18825e-02 	 3.03762e-02 	 1.15063e-02 
1.996 	 4.70973e-02 	 3.36746e-02 	 1.34227e-02 
1.976 	 5.23407e-02 	 3.69190e-02 	 1.54216e-02 
1.956 	 5.72451e-02 	 3.98608e-02 	 1.73843e-02 
1.937 	 6.13572e-02 	 4.22042e-02 	 1.91530e-02 
1.918 	 6.42203e-02 	 4.36643e-02 	 2.05559e-02 
1.899 	 6.54936e-02 	 4.40444e-02 	 2.14492e-02 
1.881 	 6.50558e-02 	 4.32987e-02 	 2.17571e-02 
1.863 	 6.30384e-02 	 4.15474e-02 	 2.14910e-02 
1.845 	 5.97739e-02 	 3.90342e-02 	 2.07397e-02 
1.828 	 5.56884e-02 	 3.60518e-02 	 1.96366e-02 
1.811 	 5.11945e-02 	 3.28729e-02 	 1.83216e-02 
1.794 	 4.66243e-02 	 2.97094e-02 	 1.69149e-02 
1.778 	 4.22089e-02 	 2.67028e-02 	 1.55061e-02 
1.762 	 3.80869e-02 	 2.39328e-02 	 1.41541e-02 
1.746 	 3.43257e-02 	 2.14333e-02 	 1.28924e-02 
1.731 	 3.09445e-02 	 1.92080e-02 	 1.17366e-02 
1.715 	 2.79334e-02 	 1.72432e-02 	 1.06902e-02 
1.700 	 2.52664e-02 	 1.55165e-02 	 9.74986e-03 
1.686 	 2.29106e-02 	 1.40022e-02 	 8.90842e-03 
1.671 	 2.08313e-02 	 1.26744e-02 	 8.15696e-03 
1.657 	 1.89952e-02 	 1.15091e-02 	 7.48617e-03 
1.643 	 1.73715e-02 	 1.04845e-02 	 6.88702e-03 
1.629 	 1.59326e-02 	 9.58145e-03 	 6.35112e-03 
1.616 	 1.46542e-02 	 8.78330e-03 	 5.87086e-03 
1.603 	 1.35152e-02 	 8.07570e-03 	 5.43954e-03 
1.590 	 1.24977e-02 	 7.44643e-03 	 5.05125e-03 
1.577 	 1.15859e-02 	 6.88504e-03 	 4.70083e-03 
1.564 	 1.07664e-02 	 6.38261e-03 	 4.38380e-03 
1.552 	 1.00278e-02 	 5.93155e-03 	 4.09624e-03 
1.539 	 9.36013e-03 	 5.52537e-03 	 3.83476e-03 
1.527 	 8.75489e-03 	 5.15849e-03 	 3.59640e-03 
1.515 	 8.20474e-03 	 4.82614e-03 	 3.37860e-03 
1.504 	 7.70334e-03 	 4.52422e-03 	 3.17912e-03 
1.492 	 7.24521e-03 	 4.24920e-03 	 2.99602e-03 
1.481 	 6.82560e-03 	 3.99802e-03 	 2.82758e-03 
1.470 	 6.44037e-03 	 3.76806e-03 	 2.67232e-03 
1.459 	 6.08592e-03 	 3.55700e-03 	 2.52892e-03 
1.448 	 5.75907e-03 	 3.36286e-03 	 2.39621e-03 
1.437 	 5.45707e-03 	 3.18388e-03 	 2.27319e-03 
1.427 	 5.17747e-03 	 3.01854e-03 	 2.15893e-03 
1.416 	 4.91811e-03 	 2.86547e-03 	 2.05265e-03 
1.406 	 4.67709e-03 	 2.72348e-03 	 1.95362e-03 
1.396 	 4.45272e-03 	 2.59152e-03 	 1.86120e-03 
1.386 	 4.24349e-03 	 2.46866e-03 	 1.77483e-03 
1.376 	 4.04807e-03 	 2.35406e-03 	 1.69401e-03 
1.367 	 3.86526e-03 	 2.24700e-03 	 1.61826e-03 
1.357 	 3.69400e-03 	 2.14682e-03 	 1.54718e-03 
1.348 	 3.53333e-03 	 2.05292e-03 	 1.48041e-03 
1.339 	 3.38238e-03 	 1.96479e-03 	 1.41759e-03 
1.330 	 3.24038e-03 	 1.88195e-03 	 1.35844e-03 
1.321 	 3.10664e-03 	 1.80397e-03 	 1.30267e-03 
1.312 	 2.98050e-03 	 1.73046e-03 	 1.25004e-03 
1.303 	 2.86141e-03 	 1.66109e-03 	 1.20032e-03 
1.294 	 2.74882e-03 	 1.59553e-03 	 1.15330e-03 
1.286 	 2.64228e-03 	 1.53349e-03 	 1.10879e-03 
1.277 	 2.54135e-03 	 1.47472e-03 	 1.06663e-03 
1.269 	 2.44563e-03 	 1.41898e-03 	 1.02664e-03 
1.261 	 2.35476e-03 	 1.36606e-03 	 9.88696e-04 
1.253 	 2.26842e-03 	 1.31576e-03 	 9.52654e-04 
1.245 	 2.18630e-03 	 1.26790e-03 	 9.18394e-04 
1.237 	 2.10812e-03 	 1.22232e-03 	 8.85803e-04 
1.229 	 2.03364e-03 	 1.17887e-03 	 8.54776e-04 
1.221 	 1.96262e-03 	 1.13740e-03 	 8.25217e-04 
1.214 	 1.89483e-03 	 1.09779e-03 	 7.97037e-04 
1.206 	 1.83008e-03 	 1.05992e-03 	 7.70155e-04 
1.199 	 1.76818e-03 	 1.02369e-03 	 7.44493e-04 
1.192 	 1.70896e-03 	 9.88980e-04 	 7.19982e-04 
1.184 	 1.65227e-03 	 9.55713e-04 	 6.96554e-04 
1.177 	 1.59795e-03 	 9.23799e-04 	 6.74150e-04 
1.170 	 1.54587e-03 	 8.93160e-04 	 6.52711e-04 
1.163 	 1.49591e-03 	 8.63723e-04 	 6.32185e-04 
1.156 	 1.44794e-03 	 8.35418e-04 	 6.12523e-04 
1.149 	 1.40186e-03 	 8.08182e-04 	 5.93678e-04 
1.143 	 1.35756e-03 	 7.81956e-04 	 5.75607e-04 
1.136 	 1.31495e-03 	 7.56684e-04 	 5.58269e-04 
1.129 	 1.27394e-03 	 7.32314e-04 	 5.41628e-04 
1.123 	 1.23445e-03 	 7.08799e-04 	 5.25647e-04 
1.117 	 1.19639e-03 	 6.86093e-04 	 5.10292e-04 
1.110 	 1.15969e-03 	 6.64156e-04 	 4.95534e-04 
1.104 	 1.12429e-03 	 6.42946e-04 	 4.81343e-04 
1.098 	 1.09012e-03 	 6.22429e-04 	 4.67690e-04 
1.092 	 1.05712e-03 	 6.02568e-04 	 4.54551e-04 
1.085 	 1.02523e-03 	 5.83333e-04 	 4.41901e-04 
1.079 	 9.94407e-04 	 5.64691e-04 	 4.29716e-04 
1.074 	 9.64592e-04 	 5.46616e-04 	 4.17976e-04 
1.068 	 9.35739e-04 	 5.29080e-04 	 4.06659e-04 
1.062 	 9.07804e-04 	 5.12058e-04 	 3.95747e-04 
1.056 	 8.80746e-04 	 4.95525e-04 	 3.85220e-04 
1.050 	 8.54524e-04 	 4.79461e-04 	 3.75063e-04 
1.045 	 8.29101e-04 	 4.63842e-04 	 3.65259e-04 
1.039 	 8.04442e-04 	 4.48650e-04 	 3.55792e-04 
1.034 	 7.80513e-04 	 4.33866e-04 	 3.46647e-04 
1.028 	 7.57283e-04 	 4.19471e-04 	 3.37812e-04 
1.023 	 7.34721e-04 	 4.05449e-04 	 3.29272e-04 
1.018 	 7.12800e-04 	 3.91784e-04 	 3.21015e-04 
1.012 	 6.91491e-04 	 3.78461e-04 	 3.13030e-04 
1.007 	 6.70771e-04 	 3.65466e-04 	 3.05305e-04 
1.002 	 6.50614e-04 	 3.52784e-04 	 2.97830e-04 
0.997 	 6.30998e-04 	 3.40403e-04 	 2.90595e-04 
0.992 	 6.11901e-04 	 3.28311e-04 	 2.83589e-04 
0.987 	 5.93301e-04 	 3.16497e-04 	 2.76805e-04 
0.982 	 5.75180e-04 	 3.04948e-04 	 2.70232e-04 
0.977 	 5.57518e-04 	 2.93655e-04 	 2.63863e-04 
0.972 	 5.40298e-04 	 2.82608e-04 	 2.57690e-04 
0.967 	 5.23502e-04 	 2.71797e-04 	 2.51705e-04 
0.962 	 5.07116e-04 	 2.61214e-04 	 2.45901e-04 
0.958 	 4.91122e-04 	 2.50850e-04 	 2.40272e-04 
0.953 	 4.75507e-04 	 2.40696e-04 	 2.34811e-04 
0.948 	 4.60256e-04 	 2.30745e-04 	 2.29511e-04 
0.944 	 4.45356e-04 	 2.20990e-04 	 2.24366e-04 
0.939 	 4.30795e-04 	 2.11423e-04 	 2.19372e-04 
0.935 	 4.16559e-04 	 2.02037e-04 	 2.14522e-04 
0.930 	 4.02638e-04 	 1.92827e-04 	 2.09811e-04 
0.926 	 3.89019e-04 	 1.83785e-04 	 2.05234e-04 
0.921 	 3.75694e-04 	 1.74907e-04 	 2.00787e-04 
0.917 	 3.62650e-04 	 1.66185e-04 	 1.96465e-04 
0.913 	 3.49879e-04 	 1.57616e-04 	 1.92263e-04 
0.909 	 3.37371e-04 	 1.49193e-04 	 1.88178e-04 
0.904 	 3.25118e-04 	 1.40912e-04 	 1.84205e-04 
0.900 	 3.13110e-04 	 1.32769e-04 	 1.80341e-04 
0.896 	 3.01339e-04 	 1.24758e-04 	 1.76581e-04 
0.892 	 2.89798e-04 	 1.16875e-04 	 1.72923e-04 
0.888 	 2.78480e-04 	 1.09117e-04 	 1.69363e-04 
0.884 	 2.67376e-04 	 1.01478e-04 	 1.65897e-04 
0.880 	 2.56480e-04 	 9.39564e-05 	 1.62523e-04 
0.876 	 2.45785e-04 	 8.65471e-05 	 1.59238e-04 
0.872 	 2.35285e-04 	 7.92471e-05 	 1.56038e-04 
0.868 	 2.24974e-04 	 7.20528e-05 	 1.52921e-04 
0.864 	 2.14845e-04 	 6.49612e-05 	 1.49884e-04 
0.860 	 2.04894e-04 	 5.79691e-05 	 1.46925e-04 
0.857 	 1.95115e-04 	 5.10734e-05 	 1.44041e-04 
0.853 	 1.85502e-04 	 4.42714e-05 	 1.41230e-04 
0.849 	 1.76050e-04 	 3.75604e-05 	 1.38490e-04 
0.846 	 1.66755e-04 	 3.09375e-05 	 1.35818e-04 
0.842 	 1.57612e-04 	 2.44003e-05 	 1.33212e-04 
0.838 	 1.48617e-04 	 1.79464e-05 	 1.30670e-04 
0.835 	 1.39764e-04 	 1.15733e-05 	 1.28191e-04 
0.831 	 1.31051e-04 	 5.27884e-06 	 1.25772e-04 
0.828 	 1.22472e-04 	 -9.39246e-07 	 1.23412e-04 
0.824 	 1.14025e-04 	 -7.08306e-06 	 1.21108e-04 
0.821 	 1.05705e-04 	 -1.31546e-05 	 1.18860e-04 
0.817 	 9.75086e-05 	 -1.91560e-05 	 1.16665e-04 
0.814 	 8.94326e-05 	 -2.50889e-05 	 1.14522e-04 
0.810 	 8.14736e-05 	 -3.09554e-05 	 1.12429e-04 
0.807 	 7.36282e-05 	 -3.67570e-05 	 1.10385e-04 
0.804 	 6.58935e-05 	 -4.24955e-05 	 1.08389e-04 
0.800 	 5.82664e-05 	 -4.81726e-05 	 1.06439e-04 
0.797 	 5.07441e-05 	 -5.37898e-05 	 1.04534e-04 
0.794 	 4.33237e-05 	 -5.93486e-05 	 1.02672e-04 
0.791 	 3.60025e-05 	 -6.48505e-05 	 1.00853e-04 
0.788 	 2.87780e-05 	 -7.02969e-05 	 9.90749e-05 
0.784 	 2.16477e-05 	 -7.56892e-05 	 9.73369e-05 
0.781 	 1.46090e-05 	 -8.10287e-05 	 9.56377e-05 
0.778 	 7.65966e-06 	 -8.63167e-05 	 9.39763e-05 
0.775 	 7.97384e-07 	 -9.15544e-05 	 9.23518e-05 
0.772 	 -5.98000e-06 	 -9.67430e-05 	 9.07630e-05 
0.769 	 -1.26746e-05 	 -1.01884e-04 	 8.92090e-05 
0.766 	 -1.92885e-05 	 -1.06977e-04 	 8.76890e-05 
0.763 	 -2.58237e-05 	 -1.12025e-04 	 8.62018e-05 
0.760 	 -3.22820e-05 	 -1.17029e-04 	 8.47468e-05 
0.757 	 -3.86653e-05 	 -1.21988e-04 	 8.33230e-05 
0.754 	 -4.49755e-05 	 -1.26905e-04 	 8.19296e-05 
0.751 	 -5.12142e-05 	 -1.31780e-04 	 8.05659e-05 
0.748 	 -5.73832e-05 	 -1.36614e-04 	 7.92309e-05 
0.745 	 -6.34840e-05 	 -1.41408e-04 	 7.79241e-05 
0.743 	 -6.95183e-05 	 -1.46163e-04 	 7.66446e-05 
0.740 	 -7.54876e-05 	 -1.50879e-04 	 7.53918e-05 
0.737 	 -8.13933e-05 	 -1.55558e-04 	 7.41649e-05 
0.734 	 -8.72369e-05 	 -1.60200e-04 	 7.29634e-05 
0.731 	 -9.30198e-05 	 -1.64806e-04 	 7.17865e-05 
0.729 	 -9.87433e-05 	 -1.69377e-04 	 7.06337e-05 
0.726 	 -1.04409e-04 	 -1.73913e-04 	 6.95044e-05 
0.723 	 -1.10018e-04 	 -1.78415e-04 	 6.83979e-05 
0.721 	 -1.15571e-04 	 -1.82884e-04 	 6.73136e-05 
0.718 	 -1.21069e-04 	 -1.87321e-04 	 6.62512e-05 
0.715 	 -1.26515e-04 	 -1.91725e-04 	 6.52099e-05 
0.713 	 -1.31909e-04 	 -1.96098e-04 	 6.41893e-05 
0.710 	 -1.37251e-04 	 -2.00440e-04 	 6.31889e-05 
0.708 	 -1.42544e-04 	 -2.04752e-04 	 6.22082e-05 
0.705 	 -1.47787e-04 	 -2.09034e-04 	 6.12467e-05 
0.702 	 -1.52983e-04 	 -2.13287e-04 	 6.03040e-05 
0.700 	 -1.58132e-04 	 -2.17511e-04 	 5.93796e-05 
0.697 	 -1.63235e-04 	 -2.21708e-04 	 5.84730e-05 
0.695 	 -1.68292e-04 	 -2.25876e-04 	 5.75839e-05 
0.693 	 -1.73306e-04 	 -2.30018e-04 	 5.67118e-05 
0.690 	 -1.78276e-04 	 -2.34132e-04 	 5.58564e-05 
0.688 	 -1.83203e-04 	 -2.38221e-04 	 5.50172e-05 
0.685 	 -1.88089e-04 	 -2.42283e-04 	 5.41939e-05 
0.683 	 -1.92934e-04 	 -2.46320e-04 	 5.33861e-05 
0.680 	 -1.97738e-04 	 -2.50332e-04 	 5.25934e-05 
0.678 	 -2.02503e-04 	 -2.54319e-04 	 5.18155e-05 
0.676 	 -2.07230e-04 	 -2.58282e-04 	 5.10521e-05 
0.673 	 -2.11918e-04 	 -2.62221e-04 	 5.03028e-05 
0.671 	 -2.16569e-04 	 -2.66136e-04 	 4.95673e-05 
0.669 	 -2.21183e-04 	 -2.70029e-04 	 4.88453e-05 
0.666 	 -2.25761e-04 	 -2.73898e-04 	 4.81365e-05 
0.664 	 -2.30304e-04 	 -2.77745e-04 	 4.74407e-05 
0.662 	 -2.34812e-04 	 -2.81569e-04 	 4.67574e-05 
0.660 	 -2.39285e-04 	 -2.85372e-04 	 4.60864e-05 
0.657 	 -2.43725e-04 	 -2.89153e-04 	 4.54276e-05 
0.655 	 -2.48132e-04 	 -2.92913e-04 	 4.47805e-05 
0.653 	 -2.52506e-04 	 -2.96651e-04 	 4.41449e-05 
0.651 	 -2.56848e-04 	 -3.00369e-04 	 4.35207e-05 
0.649 	 -2.61159e-04 	 -3.04066e-04 	 4.29074e-05 
0.647 	 -2.65438e-04 	 -3.07743e-04 	 4.23050e-05 
0.644 	 -2.69687e-04 	 -3.11401e-04 	 4.17132e-05 
0.642 	 -2.73906e-04 	 -3.15038e-04 	 4.11317e-05 
0.640 	 -2.78095e-04 	 -3.18656e-04 	 4.05603e-05 
0.638 	 -2.82255e-04 	 -3.22254e-04 	 3.99988e-05 
0.636 	 -2.86387e-04 	 -3.25834e-04 	 3.94471e-05 
0.634 	 -2.90490e-04 	 -3.29394e-04 	 3.89048e-05 
0.632 	 -2.94565e-04 	 -3.32936e-04 	 3.83718e-05 
0.630 	 -2.98612e-04 	 -3.36460e-04 	 3.78479e-05 
0.628 	 -3.02632e-04 	 -3.39965e-04 	 3.73329e-05 
0.626 	 -3.06626e-04 	 -3.43453e-04 	 3.68267e-05 
0.624 	 -3.10593e-04 	 -3.46922e-04 	 3.63290e-05 
0.622 	 -3.14535e-04 	 -3.50374e-04 	 3.58396e-05 
0.620 	 -3.18450e-04 	 -3.53809e-04 	 3.53585e-05 
0.618 	 -3.22340e-04 	 -3.57226e-04 	 3.48854e-05 
0.616 	 -3.26205e-04 	 -3.60626e-04 	 3.44201e-05 
0.614 	 -3.30046e-04 	 -3.64009e-04 	 3.39626e-05 
0.612 	 -3.33862e-04 	 -3.67375e-04 	 3.35126e-05 
0.610 	 -3.37654e-04 	 -3.70724e-04 	 3.30700e-05 
0.608 	 -3.41423e-04 	 -3.74057e-04 	 3.26347e-05 
0.606 	 -3.45168e-04 	 -3.77374e-04 	 3.22065e-05 
0.605 	 -3.48889e-04 	 -3.80675e-04 	 3.17852e-05 
0.603 	 -3.52588e-04 	 -3.83959e-04 	 3.13708e-05 
0.601 	 -3.56265e-04 	 -3.87228e-04 	 3.09630e-05 
0.599 	 -3.59918e-04 	 -3.90480e-04 	 3.05619e-05 
0.597 	 -3.63550e-04 	 -3.93717e-04 	 3.01671e-05 
0.595 	 -3.67160e-04 	 -3.96939e-04 	 2.97787e-05 
0.593 	 -3.70748e-04 	 -4.00145e-04 	 2.93964e-05 
0.592 	 -3.74315e-04 	 -4.03335e-04 	 2.90202e-05 
0.590 	 -3.77861e-04 	 -4.06511e-04 	 2.86500e-05 
0.588 	 -3.81386e-04 	 -4.09671e-04 	 2.82856e-05 
0.586 	 -3.84890e-04 	 -4.12817e-04 	 2.79269e-05 
0.585 	 -3.88373e-04 	 -4.15947e-04 	 2.75738e-05 
0.583 	 -3.91837e-04 	 -4.19063e-04 	 2.72262e-05 
0.581 	 -3.95280e-04 	 -4.22164e-04 	 2.68840e-05 
0.579 	 -3.98703e-04 	 -4.25250e-04 	 2.65472e-05 
0.578 	 -4.02107e-04 	 -4.28322e-04 	 2.62155e-05 
0.576 	 -4.05491e-04 	 -4.31380e-04 	 2.58889e-05 
0.574 	 -4.08856e-04 	 -4.34423e-04 	 2.55674e-05 
0.573 	 -4.12201e-04 	 -4.37452e-04 	 2.52507e-05 
0.571 	 -4.15528e-04 	 -4.40467e-04 	 2.49389e-05 
0.569 	 -4.18836e-04 	 -4.43468e-04 	 2.46318e-05 
0.568 	 -4.22125e-04 	 -4.46454e-04 	 2.43293e-05 
0.566 	 -4.25396e-04 	 -4.49427e-04 	 2.40314e-05 
0.564 	 -4.28648e-04 	 -4.52386e-04 	 2.37380e-05 
0.563 	 -4.31882e-04 	 -4.55331e-04 	 2.34490e-05 
0.561 	 -4.35099e-04 	 -4.58263e-04 	 2.31643e-05 
0.559 	 -4.38297e-04 	 -4.61181e-04 	 2.28838e-05 
0.558 	 -4.41478e-04 	 -4.64085e-04 	 2.26075e-05 
0.556 	 -4.44641e-04 	 -4.66976e-04 	 2.23353e-05 
0.555 	 -4.47786e-04 	 -4.69854e-04 	 2.20671e-05 
0.553 	 -4.50915e-04 	 -4.72718e-04 	 2.18028e-05 
0.552 	 -4.54026e-04 	 -4.75568e-04 	 2.15425e-05 
0.550 	 -4.57120e-04 	 -4.78406e-04 	 2.12859e-05 
